7.95722136345758e-09	1.19358320451864e-08	1.79037480677795e-08	2.68556221016693e-08	4.02834331525039e-08	6.04251497287558e-08	9.06377245931337e-08	1.359565868897e-07	2.03934880334551e-07	2.03934880334551e-07	2.03934880334551e-07	2.03934880334551e-07	2.03934880334551e-07	3.05902320501826e-07	3.05902320501826e-07	3.05902320501826e-07	3.05902320501826e-07	3.05902320501826e-07	3.05902320501826e-07	3.05902320501826e-07	3.05902320501826e-07	3.05902320501826e-07	3.05902320501826e-07	3.05902320501826e-07	3.05902320501826e-07	3.05902320501826e-07	3.05902320501826e-07	3.05902320501826e-07	3.05902320501826e-07	3.05902320501826e-07	3.05902320501826e-07	3.05902320501826e-07	3.05902320501826e-07	3.05902320501826e-07	3.05902320501826e-07	3.05902320501826e-07	3.05902320501826e-07	3.05902320501826e-07	3.05902320501826e-07	3.05902320501826e-07	2.03934880334551e-07	1.359565868897e-07	9.06377245931337e-08	6.04251497287556e-08	4.02834331525038e-08	2.68556221016692e-08	1.79037480677795e-08	1.19358320451863e-08	1.19358320451863e-08	1.19358320451863e-08	1.19358320451863e-08	1.19358320451863e-08	7.95722136345753e-09	5.30481424230504e-09	3.53654282820336e-09	2.35769521880224e-09	1.57179681253483e-09	1.04786454168989e-09	6.98576361126595e-10	4.65717574084397e-10
1.19358320451863e-08	1.79037480677795e-08	2.68556221016693e-08	4.02834331525039e-08	6.04251497287558e-08	9.06377245931337e-08	1.359565868897e-07	2.03934880334551e-07	3.05902320501826e-07	3.05902320501826e-07	3.05902320501826e-07	3.05902320501826e-07	3.05902320501826e-07	6.21523724443301e-09	1.93778054023184e-08	5.5095939181271e-08	1.4285739016551e-07	3.37795573319984e-07	7.2840566902101e-07	1.43238841967823e-06	2.56871786567979e-06	4.20087861075489e-06	6.2651572981352e-06	8.52102711141092e-06	1.05686626604984e-05	1.19540824168623e-05	1.23304968466562e-05	1.15987991524397e-05	9.94978280966834e-06	7.78363199109252e-06	5.55289049230858e-06	3.61263466088757e-06	2.14336976836038e-06	1.15968029605524e-06	5.72199635115459e-07	2.57469029387127e-07	1.05650251695914e-07	3.95352234016514e-08	1.34916783668884e-08	4.19871002850134e-09	3.05902320501826e-07	2.03934880334551e-07	1.359565868897e-07	9.06377245931335e-08	6.04251497287557e-08	4.02834331525038e-08	2.68556221016692e-08	1.79037480677795e-08	1.79037480677795e-08	1.79037480677795e-08	1.79037480677795e-08	1.79037480677795e-08	1.19358320451863e-08	7.95722136345756e-09	5.30481424230504e-09	3.53654282820336e-09	2.35769521880224e-09	1.57179681253484e-09	1.04786454168989e-09	6.98576361126595e-10
1.79037480677795e-08	2.68556221016692e-08	4.02834331525039e-08	6.04251497287558e-08	9.06377245931337e-08	1.359565868897e-07	2.03934880334551e-07	3.05902320501826e-07	2.21553574332891e-08	6.50947907519373e-08	1.74414196116575e-07	4.26172622376664e-07	9.4963646811312e-07	1.94473993978808e-06	3.62285198845747e-06	6.17643059876198e-06	9.65870208696378e-06	1.39055542890028e-05	1.8535882320688e-05	2.30679880469237e-05	2.7103890600185e-05	3.04602914170682e-05	3.31373031581139e-05	3.51330427787823e-05	3.62508541136996e-05	3.60784943751938e-05	3.41954410505036e-05	3.04782686438637e-05	2.528446933993e-05	1.93796415568774e-05	1.36558622571766e-05	8.81869861627204e-06	5.20897839349844e-06	2.8109006961618e-06	1.38155046917328e-06	6.21647474968417e-07	2.55087815233074e-07	9.5456031579609e-08	3.25750549874934e-08	1.01375978833473e-08	3.05902320501826e-07	2.03934880334551e-07	1.359565868897e-07	9.06377245931335e-08	6.04251497287556e-08	4.02834331525039e-08	2.68556221016693e-08	2.68556221016692e-08	2.68556221016692e-08	2.68556221016692e-08	2.68556221016692e-08	2.68556221016692e-08	1.79037480677795e-08	1.19358320451863e-08	7.95722136345756e-09	5.30481424230504e-09	3.53654282820338e-09	2.35769521880225e-09	1.57179681253484e-09	1.04786454168989e-09
2.68556221016692e-08	4.02834331525038e-08	6.04251497287556e-08	9.06377245931337e-08	1.359565868897e-07	2.03934880334551e-07	3.05902320501826e-07	3.05902320501826e-07	5.18397063124077e-08	1.70605187308352e-07	4.63179449156615e-07	1.14861549642399e-06	2.6022824116906e-06	5.42181576244603e-06	1.03016514535696e-05	1.79413250770395e-05	2.86933985119665e-05	4.225306217136e-05	5.75147921827291e-05	7.276629517415e-05	8.61937768972395e-05	9.64383803483919e-05	0.000102863871977893	0.000105388405609611	0.00010407598059148	9.88792816443152e-05	8.97786744637879e-05	7.71902898257162e-05	6.22572282599526e-05	4.67232099353319e-05	3.24239149257269e-05	2.07118885425815e-05	1.21404518612287e-05	6.5162122673012e-06	3.19063110140256e-06	1.42985938539088e-06	5.84084780795275e-07	2.18569496272567e-07	7.45884072682165e-08	2.3212463645413e-08	3.05902320501826e-07	2.03934880334551e-07	1.359565868897e-07	1.359565868897e-07	9.06377245931337e-08	6.04251497287558e-08	4.02834331525039e-08	4.02834331525038e-08	4.02834331525038e-08	4.02834331525038e-08	4.02834331525038e-08	4.02834331525038e-08	2.68556221016692e-08	1.79037480677795e-08	1.19358320451863e-08	7.95722136345758e-09	5.30481424230506e-09	3.53654282820338e-09	2.35769521880225e-09	1.57179681253484e-09
4.02834331525038e-08	6.04251497287557e-08	9.06377245931335e-08	1.359565868897e-07	2.03934880334551e-07	3.05902320501826e-07	1.07450269966566e-08	4.24331896813434e-08	2.38450043629778e-07	7.10017914282705e-07	1.84225599500875e-06	4.36942571375688e-06	9.50279479976242e-06	1.90287079887526e-05	3.49114739352273e-05	5.88767233594095e-05	9.14041100133274e-05	0.000130911210280832	0.000173526187274292	0.000213853075116436	0.000246564835796251	0.000268049951661018	0.000277181910118462	0.000274825699496246	0.000262589758980018	0.000241841382673836	0.000213673102846447	0.000179627056407328	0.00014233996082437	0.000105399961894805	7.2415697250198e-05	4.59186198910162e-05	2.67635258640589e-05	1.43098401708658e-05	6.9839614928034e-06	3.12324966116474e-06	1.27357930085564e-06	4.74616382943095e-07	1.6196624264065e-07	5.04050918470582e-08	3.05902320501826e-07	2.03934880334551e-07	2.03934880334551e-07	2.03934880334551e-07	1.359565868897e-07	9.06377245931337e-08	6.04251497287558e-08	6.04251497287557e-08	6.04251497287557e-08	6.04251497287557e-08	6.04251497287557e-08	6.04251497287557e-08	4.02834331525038e-08	2.68556221016692e-08	1.79037480677795e-08	1.19358320451864e-08	7.95722136345758e-09	5.30481424230506e-09	3.53654282820338e-09	2.35769521880224e-09
4.02834331525038e-08	6.04251497287557e-08	9.06377245931335e-08	1.359565868897e-07	2.03934880334551e-07	3.05902320501826e-07	4.71933419349848e-08	1.64454298511173e-07	7.14454797527295e-07	2.03580665550916e-06	5.16060874358254e-06	1.19513152643429e-05	2.54419802037566e-05	4.9984505344517e-05	9.03126757158414e-05	0.000150458750851743	0.000231448489284606	0.000329384520560418	0.000434876549227591	0.000534708612541334	0.000615448374156711	0.000667379343805855	0.000686712292306233	0.000675055556425108	0.000636957490310345	0.000577523046531266	0.000501656029407853	0.0004148328490915	0.000323971144304434	0.000237045998442639	0.000161370114248433	0.000101640060747697	5.8965432814008e-05	3.14396054515287e-05	1.53185156826211e-05	6.84853822094557e-06	2.78408207126884e-06	1.03738238821361e-06	3.55118022740857e-07	1.10877397407334e-07	3.05902320501826e-07	3.05902320501826e-07	3.05902320501826e-07	3.05902320501826e-07	2.03934880334551e-07	1.359565868897e-07	9.06377245931337e-08	9.06377245931335e-08	9.06377245931335e-08	9.06377245931335e-08	9.06377245931335e-08	9.06377245931335e-08	6.04251497287556e-08	4.02834331525039e-08	2.68556221016693e-08	1.79037480677795e-08	1.19358320451864e-08	7.95722136345758e-09	5.30481424230504e-09	3.53654282820336e-09
4.02834331525038e-08	6.04251497287557e-08	9.06377245931335e-08	1.359565868897e-07	2.03934880334551e-07	3.05902320501826e-07	1.07143232986703e-07	3.7197213252202e-07	1.55155827709817e-06	4.40344365350902e-06	1.11284610026141e-05	2.57048598181126e-05	5.45812558814632e-05	0.000106974044957304	0.000192954007781101	0.000321107609403681	0.000493746253685505	0.000702843742320561	0.000928705145220697	0.00114327327900929	0.00131751789811338	0.00142974508815049	0.00147066349235917	0.00144295826923341	0.00135669613617075	0.00122433383802817	0.00105845508005461	0.000872367872472167	0.000681142154700103	0.000500703560763001	0.000344800581233465	0.000221748644622162	0.000133011595659349	7.45570852340716e-05	3.90454238057047e-05	1.92725220543188e-05	8.95035430688722e-06	3.94643699651126e-06	1.65787863964947e-06	6.60143609973366e-07	1.85236698429954e-07	7.10861066860231e-08	2.4877718380756e-08	7.93970719219947e-09	3.05902320501826e-07	2.03934880334551e-07	1.359565868897e-07	1.359565868897e-07	1.359565868897e-07	1.359565868897e-07	1.359565868897e-07	1.359565868897e-07	9.06377245931337e-08	6.04251497287558e-08	4.02834331525039e-08	2.68556221016693e-08	1.79037480677795e-08	1.19358320451863e-08	7.95722136345756e-09	5.30481424230504e-09
4.02834331525038e-08	6.04251497287557e-08	9.06377245931335e-08	1.359565868897e-07	2.03934880334551e-07	3.05902320501826e-07	2.30818714555974e-07	7.98352802068992e-07	3.20758204536354e-06	9.07378705996157e-06	2.28675401071493e-05	5.2670988987643e-05	0.000111552878028518	0.000218107715903053	0.000392712994002008	0.000652703668264717	0.00100284814857872	0.00142707920619449	0.00188563575132375	0.00232138722503768	0.00267450145979455	0.00289942568478888	0.00297594210214524	0.00290943046501113	0.00272225426564382	0.00244322762424947	0.00210150778998104	0.00172602044910971	0.00134661793764316	0.000992694623724334	0.000688519177577401	0.000448189697917486	0.000273564242023477	0.000156892484402138	8.45056575692165e-05	4.30520115304236e-05	2.06724013722633e-05	9.41339286275181e-06	4.06704738871226e-06	1.65592807364282e-06	5.13302466849157e-07	1.93970965584786e-07	6.69404441353807e-08	1.882393028304e-08	3.05902320501826e-07	2.03934880334551e-07	2.03934880334551e-07	2.03934880334551e-07	2.03934880334551e-07	2.03934880334551e-07	2.03934880334551e-07	2.03934880334551e-07	1.359565868897e-07	9.06377245931337e-08	6.04251497287558e-08	4.02834331525039e-08	2.68556221016692e-08	1.79037480677795e-08	1.19358320451863e-08	7.95722136345756e-09
4.02834331525038e-08	6.04251497287557e-08	9.06377245931335e-08	1.359565868897e-07	2.03934880334551e-07	3.05902320501826e-07	4.71845596314404e-07	1.62592567281539e-06	6.31181061718636e-06	1.77840422280911e-05	4.46890522389085e-05	0.000102640990753384	0.000216790702606252	0.000422779694944311	0.000759749745691873	0.00126089617035845	0.00193557289311534	0.00275339381197007	0.00363851606946142	0.00448118112892604	0.00516518436007451	0.00560051592273039	0.00574570083469873	0.00561016677037199	0.00523906707542023	0.00469267055938157	0.00403234344759705	0.00331653076949056	0.00260130719131806	0.00193834795635925	0.00136840550429702	0.000914297778578069	0.00057837150916272	0.000347357278891671	0.000198028343487441	0.000107705724272382	5.56243764858329e-05	2.73314307781414e-05	1.27443828787338e-05	5.59223042649107e-06	2.08162196460382e-06	8.24051835637694e-07	2.9564522581953e-07	8.99051232025579e-08	1.41852867764315e-08	3.05902320501826e-07	3.05902320501826e-07	3.05902320501826e-07	3.05902320501826e-07	3.05902320501826e-07	3.05902320501826e-07	3.05902320501826e-07	2.03934880334551e-07	1.359565868897e-07	9.06377245931337e-08	6.04251497287556e-08	4.02834331525038e-08	2.68556221016692e-08	1.79037480677795e-08	1.19358320451863e-08
4.02834331525038e-08	6.04251497287557e-08	9.06377245931335e-08	1.359565868897e-07	2.03934880334551e-07	3.05902320501826e-07	9.15274726885654e-07	3.14217042755221e-06	1.18206066311752e-05	3.31724472481401e-05	8.31233109732438e-05	0.000190369899031725	0.000400990523937992	0.000779982202121286	0.00139884287044449	0.00231799400788671	0.0035547213916666	0.00505411493349618	0.00667824183386632	0.00822615161853981	0.00948290124724057	0.0102793414180511	0.0105350237787067	0.0102659556190817	0.00955937445338738	0.00853539060446147	0.00731710600506014	0.00601776841544682	0.00473836860941276	0.00356470881953645	0.00255973638167778	0.0017557614866355	0.00115292480865771	0.000728296582950185	0.000444020558288918	0.000263887206270407	0.000153948807732712	8.98276821525148e-05	5.34588312386372e-05	3.28611960297921e-05	2.04883124370399e-05	1.33228766019483e-05	8.46118860746944e-06	5.12943091765649e-06	2.90582683343732e-06	1.53305689069666e-06	7.53317744673622e-07	3.35813726762096e-07	1.3807349863018e-07	5.17714508141652e-08	1.77026573202785e-08	5.52019870049135e-09	3.05902320501826e-07	2.03934880334551e-07	1.359565868897e-07	9.06377245931335e-08	6.04251497287557e-08	4.02834331525038e-08	2.68556221016692e-08	1.79037480677795e-08
4.02834331525038e-08	6.04251497287557e-08	9.06377245931335e-08	1.359565868897e-07	2.03934880334551e-07	3.05902320501826e-07	1.68471122575856e-06	5.76213643963802e-06	2.10655441616149e-05	5.88953611011354e-05	0.000147184783786119	0.000336175499633776	0.000706286964296999	0.00137049071498961	0.00245332675011304	0.0040598166156764	0.00622079133387065	0.0088422591747191	0.0116857523283581	0.0144010727588908	0.0166094362759619	0.0180075783739333	0.0184461201770395	0.0179491986247869	0.0166752651043827	0.0148495212988866	0.0127048677999122	0.0104501094346877	0.00825972798408758	0.00626975808035711	0.00457138233670373	0.00320576271460515	0.00216660133297162	0.00141641194952192	0.000897078656336608	0.000554373503420511	0.000335934949411393	0.000202756817696613	0.000123960889817556	7.76108781352621e-05	4.9139004965038e-05	3.19560001530669e-05	2.02680813578653e-05	1.22699785648489e-05	6.94902235993952e-06	3.65824080463684e-06	1.79244371864429e-06	7.9908156653943e-07	3.28551154375974e-07	1.2319214112385e-07	4.21241480501491e-08	1.3135523278721e-08	3.05902320501826e-07	2.03934880334551e-07	1.359565868897e-07	9.06377245931335e-08	6.04251497287557e-08	4.02834331525038e-08	2.68556221016692e-08	1.79037480677795e-08
4.02834331525038e-08	6.04251497287557e-08	9.06377245931335e-08	1.359565868897e-07	2.03934880334551e-07	3.05902320501826e-07	2.94253313911557e-06	1.00268225900411e-05	3.57179078800207e-05	9.94780668526926e-05	0.000247959681886508	0.000564877909516031	0.00118379920378863	0.00229164115580366	0.00409493227215639	0.0067675971925586	0.0103623798246229	0.0147269148273989	0.0194698833343451	0.0240117064079695	0.0277182369927528	0.03007284190994	0.0308117991095395	0.0299668010717678	0.0278080787446157	0.02473184787334	0.0211516823936144	0.0174309451035651	0.0138562042440955	0.0106320182273414	0.00788150300318021	0.00565110219190942	0.00392281034670069	0.00264116306477828	0.00172427291862166	0.00109716570872415	0.000683503059801744	0.000423131453889721	0.000264604397131573	0.000168851094598043	0.000108848286432635	7.13223087555603e-05	4.54588573290823e-05	2.76044763430235e-05	1.56747671917959e-05	8.25593571992939e-06	4.04464105730461e-06	1.80322856366292e-06	7.41417210712178e-07	2.77998638681348e-07	9.50584648234988e-08	2.96419686884119e-08	3.05902320501826e-07	2.03934880334551e-07	1.359565868897e-07	9.06377245931335e-08	6.04251497287557e-08	4.02834331525038e-08	2.68556221016692e-08	1.79037480677795e-08
4.02834331525038e-08	6.04251497287557e-08	9.06377245931335e-08	1.359565868897e-07	2.03934880334551e-07	3.05902320501826e-07	4.87683779349392e-06	1.65565579475303e-05	5.76116422888997e-05	0.000159858251779694	0.00039748095637802	0.00090329453953598	0.00188851097573831	0.0036477334269059	0.0065073544392824	0.0107422378971639	0.0164392717989876	0.023364845412777	0.0309093117606714	0.0381610093265429	0.0441101936238412	0.0479193206574439	0.0491450880971345	0.0478212156051138	0.0443819769496113	0.039484550813209	0.0338215141856053	0.0279913146545331	0.0224411611818575	0.0174610611160605	0.0132020798897955	0.00970487388589461	0.006931693633841	0.00480895486360982	0.00323404367891472	0.00211562145983489	0.00135196849844175	0.000856009393369775	0.000545572861341939	0.000353368166919886	0.000230742478163797	0.000151900523417139	9.70786286028215e-05	5.90425106337473e-05	3.35753339595464e-05	1.76804258064445e-05	8.6552889492087e-06	3.8590236640431e-06	1.58667992439918e-06	5.94934744746883e-07	2.03431152663386e-07	6.3435695797235e-08	3.05902320501826e-07	2.03934880334551e-07	1.359565868897e-07	9.06377245931335e-08	6.04251497287557e-08	4.02834331525038e-08	2.68556221016692e-08	1.79037480677795e-08
4.02834331525038e-08	6.04251497287557e-08	9.06377245931335e-08	1.359565868897e-07	2.03934880334551e-07	3.05902320501826e-07	7.66964359888918e-06	2.59420525261699e-05	8.83841523943602e-05	0.00024437183278548	0.000606207168473399	0.00137452397404967	0.00286733003328938	0.00552699375145192	0.00984520191919466	0.0162366455520752	0.0248392184947019	0.0353145613277751	0.0467612149845921	0.057816295203458	0.0669505118405147	0.0728716298412079	0.0748702943053162	0.0729680228026155	0.0678229394670133	0.0604638702785313	0.0519854796927015	0.0433199893499353	0.0351288584286007	0.0277973238307023	0.0214881188084303	0.0162162129497483	0.011916089620588	0.00850508817648195	0.0058764542646127	0.00393979074057667	0.00257425845204247	0.00166184011886389	0.00107636346113544	0.000705799014623841	0.000465500541689529	0.00030754488225026	0.000196916894532891	0.000119879403117711	6.82360871213252e-05	3.59235027923933e-05	1.75650860663458e-05	7.83197158626536e-06	3.22020105763551e-06	1.20743286960253e-06	4.12867902901529e-07	1.28744109985164e-07	3.05902320501826e-07	2.03934880334551e-07	1.359565868897e-07	9.06377245931335e-08	6.04251497287557e-08	4.02834331525038e-08	2.68556221016692e-08	1.79037480677795e-08
4.02834331525038e-08	6.04251497287557e-08	9.06377245931335e-08	1.359565868897e-07	2.03934880334551e-07	3.05902320501826e-07	1.14453890503484e-05	3.85714966796298e-05	0.000128945770974628	0.000355323228758981	0.000879525702245721	0.00199015211272513	0.00414310476942271	0.00797130712381149	0.014180972075074	0.0233696509461214	0.0357481784381101	0.0508543591518686	0.0674235037304137	0.0835193198746767	0.0969384241239214	0.105782968683657	0.108972338461532	0.106488902587902	0.0992735858069635	0.0888481571232425	0.076847138262965	0.0646438136637345	0.0531634900095537	0.0428813424152739	0.0339379405611067	0.0262928557792767	0.0198485765084644	0.0145388082112731	0.0102912970343072	0.00705388787954173	0.00470510819429963	0.00309544771113873	0.00203829855541196	0.00135413723497317	0.000902073183225362	0.000598263510268293	0.000383581513782237	0.000233515801821301	0.000132878228115831	6.98599205032592e-05	3.40938537206514e-05	1.51775776365638e-05	6.23473770943341e-06	2.33590258952053e-06	7.94642485186954e-07	2.47792426567472e-07	3.05902320501826e-07	2.03934880334551e-07	1.359565868897e-07	9.06377245931335e-08	6.04251497287557e-08	4.02834331525038e-08	2.68556221016692e-08	1.79037480677795e-08
4.02834331525038e-08	6.04251497287557e-08	9.06377245931335e-08	1.359565868897e-07	2.03934880334551e-07	3.05902320501826e-07	1.62070040154515e-05	5.4419748263119e-05	0.000178870076947968	0.000491363959019999	0.00121382152373261	0.00274155799165734	0.00569693727241156	0.0109429602568527	0.0194470305963884	0.0320319500169103	0.0490081951149833	0.0697817599327995	0.0926701060965151	0.115059267325658	0.133929335091803	0.146627242665462	0.151586695750547	0.148709404605516	0.13926524659403	0.125382409213391	0.109366888521942	0.0931291317306584	0.0778872303269034	0.0641736655081018	0.052048438003825	0.0413750322392543	0.0320282925312897	0.0240096879280745	0.0173548853083164	0.0121197874689224	0.00822320160116698	0.00549280617096569	0.00366351945067664	0.00245767701484297	0.00164895292657669	0.00109654904625723	0.000703746340928416	0.000428472542226148	0.000243819960130252	0.000128087052006775	6.24308075214072e-05	2.77746886423789e-05	1.13992313524466e-05	4.26987417681155e-06	1.4504388970015e-06	4.52288646247366e-07	3.05902320501826e-07	2.03934880334551e-07	1.359565868897e-07	9.06377245931335e-08	6.04251497287557e-08	4.02834331525038e-08	2.68556221016692e-08	1.79037480677795e-08
4.02834331525038e-08	6.04251497287557e-08	9.06377245931335e-08	1.359565868897e-07	2.03934880334551e-07	3.05902320501826e-07	2.17765836778321e-05	7.28574788717386e-05	0.000235883217946229	0.000646168663378097	0.00159331320832607	0.00359300604832257	0.00745432545818754	0.0142989116287616	0.0253910666037537	0.0418140243525417	0.0640078916583497	0.0912568230146461	0.121439419493355	0.151203066562069	0.176610342685682	0.194130977745356	0.201605618876323	0.198800920516457	0.187335740849877	0.170026025767606	0.149946068830299	0.129601970174258	0.110493062067177	0.0931374694490051	0.0774274401630881	0.0630803652215669	0.0499622349275992	0.0382277843069065	0.0281382740303264	0.0199684146929255	0.0137474459514071	0.00930214227124432	0.00627127539360697	0.00424109434557073	0.00286176265461472	0.00190713986288726	0.00122482407435936	0.000745721034236869	0.000424314999078781	0.000222743592109778	0.000108429005273609	4.82089613832205e-05	1.97745117844389e-05	7.40493221324279e-06	2.51069578197808e-06	7.82907297037734e-07	3.05902320501826e-07	2.03934880334551e-07	1.359565868897e-07	9.06377245931335e-08	6.04251497287557e-08	4.02834331525038e-08	2.68556221016692e-08	1.79037480677795e-08
4.02834331525038e-08	6.04251497287557e-08	9.06377245931335e-08	1.359565868897e-07	2.03934880334551e-07	3.05902320501826e-07	2.77644673665018e-05	9.25590106284014e-05	0.000295677484733744	0.000808004741234236	0.00198909852064312	0.00447969979000986	0.00928156376226442	0.017784611735414	0.0315658595180375	0.0519896236472457	0.0796559615453666	0.113759953779833	0.151768722382597	0.189597706521644	0.222363248595636	0.245594142573801	0.256460319428826	0.254533661730498	0.241765783434822	0.221684788945448	0.198163733640269	0.174296035327854	0.151789696945851	0.131027387297327	0.111614785885073	0.0930646507565341	0.0752691667988869	0.0586579422042361	0.0438834431016306	0.0315960891638142	0.0220421080894057	0.015089589851418	0.0102699842619276	0.00699238859578253	0.0047385458824885	0.00316155973445774	0.00203018222015892	0.00123518210875439	0.000702330298871411	0.000368262421251284	0.000178967369987996	7.94988068170814e-05	3.25811241962265e-05	1.21949991831509e-05	4.12150419175108e-06	1.2852037788311e-06	3.05902320501826e-07	2.03934880334551e-07	1.359565868897e-07	9.06377245931335e-08	6.04251497287557e-08	4.02834331525038e-08	2.68556221016692e-08	1.79037480677795e-08
4.02834331525038e-08	6.04251497287557e-08	9.06377245931335e-08	1.359565868897e-07	2.03934880334551e-07	3.05902320501826e-07	3.3589151979792e-05	0.000111580754937684	0.000352238803059918	0.000960680904777435	0.0023615631558473	0.00531329534361547	0.0109973722521809	0.0210565123524306	0.037369015701955	0.0615798415463362	0.0944752091340793	0.135217209276015	0.18094492521559	0.226932368684542	0.267417323701801	0.297010016272295	0.31218634303726	0.312271436915202	0.299493502498874	0.278041096616308	0.252523332741085	0.226521842140416	0.201806210186405	0.178450985962814	0.155628916368905	0.132584258332646	0.109284683488904	0.0865852611744023	0.0657354496421153	0.0479596629200521	0.0338650246516956	0.023428673195567	0.0160773652780079	0.011005605058984	0.0074794074457063	0.00499061915119483	0.00320134791421438	0.00194491662296771	0.00110444202622775	0.000578209535192609	0.00028042593607371	0.00012442247752408	5.09362956548124e-05	1.90520652239979e-05	6.41629608589731e-06	2.00078602181183e-06	3.05902320501826e-07	2.03934880334551e-07	1.359565868897e-07	9.06377245931337e-08	6.04251497287556e-08	4.02834331525038e-08	2.68556221016692e-08	1.79037480677795e-08
4.02834331525038e-08	6.04251497287557e-08	9.06377245931335e-08	1.359565868897e-07	2.03934880334551e-07	3.05902320501826e-07	3.8558141204504e-05	0.0001276393791405	0.000398742837085633	0.00108598940553877	0.00266639383426791	0.00599533579763713	0.0124005407248258	0.023734484729045	0.0421345379145943	0.0695007112536067	0.106822098579678	0.153301970507223	0.205887561296412	0.259387333400144	0.307334189440941	0.34354549876258	0.36385510271751	0.367314209116935	0.356338265610713	0.335643383372696	0.310407392700603	0.284500829799547	0.259531839072134	0.235048574796651	0.209623713082885	0.182163828690371	0.152765455891439	0.122870905574599	0.0945540829722602	0.0698400895786867	0.0498741895331183	0.0348394785118437	0.0240824817926296	0.0165580340455642	0.0112733468297452	0.00751722084847615	0.00481444273437235	0.00291961979288531	0.0016553911478168	0.000865314203551322	0.000418845424002327	0.000185669506256182	7.59487917498027e-05	2.84057237905483e-05	9.53091964838859e-06	2.9748301824373e-06	6.87578402670668e-09	3.05902320501826e-07	2.03934880334551e-07	1.359565868897e-07	9.06377245931335e-08	6.04251497287557e-08	4.02834331525038e-08	2.68556221016692e-08
4.02834331525038e-08	6.04251497287557e-08	9.06377245931335e-08	1.359565868897e-07	2.03934880334551e-07	3.05902320501826e-07	4.19988623356736e-05	0.000138548981450879	0.000428872096248248	0.00116722010453814	0.00286313673916496	0.00643620641492816	0.013308539699919	0.0254744125547675	0.0452590071001859	0.0747662882572085	0.115189824706485	0.16585498769382	0.223689802496978	0.283281441340039	0.337726627489581	0.380278492415518	0.406266979176056	0.414484628461123	0.407429450989255	0.390144929577161	0.368116793286162	0.345217721284905	0.322612960626951	0.2990800718083	0.272417708966375	0.241119803463617	0.20545062523799	0.167580305503117	0.130620116738658	0.097622326874029	0.0704666285550953	0.0496688891428757	0.0345524755857239	0.0238341760004521	0.0162354181873685	0.0108058539016305	0.00690189774207849	0.00417368040365232	0.00236063766245174	0.00123115415558892	0.000594330381082452	0.000263062654785161	0.000107452496683898	4.01675953700156e-05	1.34049472349919e-05	4.18692642167683e-06	1.68001616818709e-08	3.05902320501826e-07	2.03934880334551e-07	1.359565868897e-07	9.06377245931335e-08	6.04251497287557e-08	4.02834331525038e-08	2.68556221016692e-08
4.02834331525038e-08	6.04251497287557e-08	9.06377245931335e-08	1.359565868897e-07	2.03934880334551e-07	3.05902320501826e-07	4.34070389243461e-05	0.000142706396042807	0.000438215654446401	0.00119283440625652	0.00292407212983549	0.00657467033498458	0.0135970909346382	0.0260422333317283	0.0463301676762363	0.0766963264550631	0.118521243607667	0.171325544243329	0.232201477876954	0.295795121189163	0.355099806780696	0.403114667672455	0.434883810478915	0.44900790475075	0.447968583472394	0.436897815611115	0.421268694796331	0.404619464466813	0.387371861789514	0.36729779557513	0.341263122436286	0.307269403526292	0.265750747490878	0.219684919180194	0.173373039851753	0.131082096070935	0.0956178139091129	0.0679793089509697	0.0475628216927772	0.0328877837431612	0.0223907741018883	0.0148601030561791	0.009456736529374	0.00569762752614894	0.00321236322870077	0.0016706863212809	0.000803986577846698	0.00035522827205778	0.000144849906300441	5.41202983251725e-05	1.79393772066922e-05	5.60995130658633e-06	3.89288607018404e-08	3.05902320501826e-07	2.03934880334551e-07	1.359565868897e-07	9.06377245931335e-08	6.04251497287557e-08	4.02834331525038e-08	2.68556221016692e-08
4.02834331525038e-08	6.04251497287557e-08	9.06377245931335e-08	1.359565868897e-07	2.03934880334551e-07	3.05902320501826e-07	4.25677403665614e-05	0.000139477091886933	0.000425326851296137	0.00115918461616084	0.00284071393330903	0.00639208071048758	0.0132286990779824	0.0253669750646946	0.0452188898959847	0.0750653247780374	0.116435797635567	0.169097000669979	0.230469811365055	0.29553358784231	0.357529445390641	0.409555118861249	0.446643300819609	0.467319336676152	0.473975959654259	0.471595202306999	0.465308659606672	0.457989801929848	0.449050516395669	0.435074370365752	0.41187663610622	0.376885202780681	0.330648957590932	0.276933856024107	0.221275369497884	0.169260463658538	0.124776961332362	0.0894681136713008	0.0629391031091517	0.043601446644106	0.0296471586439203	0.0196041304084838	0.0124202109518909	0.0074500407082961	0.00418437693111978	0.00216923584975169	0.0010402826089053	0.000458755458367655	0.000186712093930393	6.97414145773898e-05	2.29278630545381e-05	7.18507168956686e-06	8.55454517515763e-08	3.05902320501826e-07	2.03934880334551e-07	1.359565868897e-07	9.06377245931335e-08	6.04251497287557e-08	4.02834331525038e-08	2.68556221016692e-08
4.02834331525038e-08	6.04251497287557e-08	9.06377245931335e-08	1.359565868897e-07	2.03934880334551e-07	3.05902320501826e-07	3.96091248653677e-05	0.000129353831692302	0.000392089966491507	0.00107138875146181	0.00262581311036347	0.00591666286010836	0.0122610127963131	0.0235560309802182	0.0421059679038036	0.0701477869425264	0.10930391188962	0.159605391314787	0.218921229594114	0.282792194186498	0.345026918945743	0.39916736096347	0.44052745565638	0.467707475829779	0.482976801763093	0.490967463548841	0.496188392712673	0.500586459503218	0.502388777343683	0.496904300746967	0.478847621433083	0.444998026527134	0.395896530511461	0.335952942590362	0.271837126254993	0.210441119041127	0.156823098451126	0.11342216293764	0.0802213470568441	0.0556645930106931	0.0377853507149375	0.0248819616072765	0.0156858163149819	0.00936309955417609	0.00523723861291026	0.00270635530050115	0.00129360595238169	0.000569665712544375	0.000231536898262928	8.65531251757613e-05	2.82069595116457e-05	8.87847002959444e-06	1.96784960884978e-07	3.05902320501826e-07	2.03934880334551e-07	1.359565868897e-07	9.06377245931337e-08	6.04251497287558e-08	4.02834331525039e-08	2.68556221016693e-08
4.02834331525038e-08	6.04251497287557e-08	9.06377245931335e-08	1.359565868897e-07	2.03934880334551e-07	3.05902320501826e-07	3.4970379465558e-05	0.000113833487999784	0.000343268037037556	0.000942065672440026	0.0023101952842898	0.00521646409117239	0.0108323200465996	0.0208678643621885	0.0374355291089497	0.0626461048690729	0.0981468569794441	0.14421613328738	0.199230333062983	0.259444199787786	0.319479813586695	0.373613728136997	0.417707437397219	0.45059261156864	0.474417748703433	0.493329825728814	0.511027986386962	0.528391534140696	0.542425375286757	0.547207715085345	0.53639200085315	0.50605369715335	0.456541654802883	0.392637604975938	0.321886996133012	0.252328093741976	0.19018093975946	0.138797689630046	0.0987239916757256	0.0686204806825173	0.0464948107184129	0.0304820165229692	0.0191136577928787	0.0113491933062313	0.00632002172113673	0.00325523614939259	0.00155106507130413	0.000682342848929618	0.000277045895343974	0.000103734395724921	3.34764337358038e-05	1.0605947170147e-05	3.95804934772955e-07	3.05902320501826e-07	2.03934880334551e-07	2.03934880334551e-07	1.359565868897e-07	9.06377245931337e-08	6.04251497287558e-08	4.02834331525039e-08
4.02834331525038e-08	6.04251497287557e-08	9.06377245931335e-08	1.359565868897e-07	2.03934880334551e-07	3.05902320501826e-07	2.92948960155524e-05	9.50544017016635e-05	0.000285381469861974	0.000788358139727702	0.00193550371211505	0.00438337014567929	0.00912914004013442	0.017651549124096	0.0318112727203969	0.0535265234557518	0.0843981748414765	0.124904736195141	0.173927530031378	0.228500279455687	0.28420480549895	0.336250940501812	0.381247050757205	0.418386783059289	0.449723780798724	0.478858956876387	0.5086129059959	0.538804822043447	0.565338110625104	0.581246691736985	0.579263063381232	0.55474123293409	0.507618652298416	0.442678343027865	0.367942700185684	0.292294609848402	0.222992647322437	0.164355441674203	0.117661310799498	0.0819924359695073	0.0554984833397475	0.036251994060874	0.0226269256007903	0.0133746112537663	0.00742150002151459	0.00381502889032526	0.0018151505678248	0.000799353148326782	0.000324921885321563	0.000122194690728433	3.91489024070579e-05	1.25394110701935e-05	7.82863060413032e-07	8.20429094557955e-09	3.05902320501826e-07	3.05902320501826e-07	2.03934880334551e-07	1.359565868897e-07	9.06377245931337e-08	6.04251497287556e-08
4.02834331525038e-08	6.04251497287557e-08	9.06377245931335e-08	1.359565868897e-07	2.03934880334551e-07	3.05902320501826e-07	2.32844517383509e-05	7.53152184555635e-05	0.000225281843735699	0.000628212228195886	0.00154520333782292	0.0035133645326706	0.00734638286630118	0.0142726424327796	0.0258689525824818	0.043815980774976	0.0696034651659723	0.103844390224858	0.145871997346465	0.193482441489434	0.243258554528935	0.291432988755864	0.335466015938427	0.374990211783885	0.411993901058843	0.449536313173707	0.489606811760337	0.531115972975414	0.569132811672733	0.595961247347027	0.603648128655013	0.586861866304464	0.54491443695918	0.482174947033458	0.406654137038071	0.32766436173189	0.253266200672545	0.188713436365462	0.136140812793025	0.095247241334158	0.0645067663740648	0.0420558382971121	0.0261778866842597	0.0154362745848334	0.00855645605346607	0.00440412801961604	0.00210135547665737	0.00093121693267441	0.000381352335831101	0.000145175569584557	4.67716100363333e-05	1.53538259366774e-05	1.64872809071217e-06	9.77807484434083e-08	2.67044658213056e-08	4.17573111704761e-09	3.05902320501826e-07	2.03934880334551e-07	1.359565868897e-07	9.06377245931335e-08
4.02834331525038e-08	6.04251497287557e-08	9.06377245931335e-08	1.359565868897e-07	2.03934880334551e-07	3.05902320501826e-07	1.75597488227899e-05	5.66236963305755e-05	0.0001688499307414	0.000477023336764294	0.00117651782906599	0.00268886143221935	0.00565177472300638	0.011047024524468	0.0201621180038353	0.0344185125617472	0.0551449020613749	0.0830186986488154	0.117740748696872	0.157791172278932	0.20070318900832	0.243715847552836	0.2851438881981	0.325066565207699	0.365420600910089	0.408772382881997	0.456417410007807	0.50661882080354	0.553982964029624	0.59048651026543	0.607800249690488	0.6000080765226	0.565634645337149	0.508245351402537	0.435331488216745	0.356154992629913	0.279243863042579	0.210654197080572	0.153419855369092	0.108005562748208	0.0733817859116849	0.0478916005863608	0.0298225843354939	0.0176010278832027	0.0097800809498929	0.00506016313082108	0.00243209767250731	0.00108947201631378	0.000451563095172961	0.000174720483569643	5.7077176956714e-05	1.92548187361747e-05	3.03082571574789e-06	2.32764608567156e-07	6.44600673400207e-08	1.01186749569059e-08	3.05902320501826e-07	2.03934880334551e-07	1.359565868897e-07	1.359565868897e-07
4.02834331525038e-08	6.04251497287557e-08	9.06377245931335e-08	1.359565868897e-07	2.03934880334551e-07	3.05902320501826e-07	1.25644788208567e-05	4.03938362909986e-05	0.000120148655463783	0.000345482692018741	0.000855286042968914	0.00196742377562916	0.00416313867002401	0.00819851038332446	0.0150881652020853	0.0259944039954186	0.0420550454777636	0.0639503519351281	0.0916541316972021	0.124216043484994	0.160002610844854	0.197157087227725	0.23475999102566	0.273276394026353	0.314577432856916	0.360804885383845	0.412747417661251	0.468337447895258	0.522133372134747	0.56621981653908	0.592241375265794	0.593865001290547	0.568758116441011	0.519385822098108	0.452269424178576	0.376137930111146	0.299587399774523	0.229242255022057	0.168973963929771	0.120083430523835	0.0821710078080165	0.0539284374963413	0.0337644483088252	0.0200529960736836	0.0112336291940359	0.0058789942932991	0.00286638219278157	0.00130698065566971	0.000552359380352981	0.000218660421710301	7.35145649583564e-05	2.56025302553578e-05	5.39038534053973e-06	5.25890771142874e-07	1.47560859942943e-07	2.32531483587846e-08	3.05902320501826e-07	2.03934880334551e-07	2.03934880334551e-07	2.03934880334551e-07
4.02834331525038e-08	6.04251497287557e-08	9.06377245931335e-08	1.359565868897e-07	2.03934880334551e-07	3.05902320501826e-07	8.52982494948069e-06	2.73419597246478e-05	8.1161848974659e-05	0.000238933469896819	0.000594454420130649	0.00137840640364656	0.00294155351938123	0.00584575010237061	0.0108642545388268	0.0189178382118897	0.0309449340134737	0.0475839929698474	0.0689940381205607	0.0946688178467211	0.123654467618981	0.154840654007405	0.18791979954223	0.223628995163842	0.263731139342924	0.31000956193894	0.362940091853254	0.420437594645893	0.477404462081431	0.526441476588165	0.55951719279606	0.570104990140256	0.555058982281667	0.515589691205544	0.456919153382169	0.386819041811485	0.313532239108002	0.243932308608549	0.182554986352159	0.131507547466909	0.0910921260583919	0.0604739918949917	0.0383151843092573	0.0230556268119727	0.0131121289550244	0.00698995172122709	0.00348241150961899	0.00162682697171639	0.00070563464591111	0.000287157707837682	0.000100553070700451	3.6153919941493e-05	9.29933674825187e-06	1.12764928976282e-06	3.20350320348338e-07	5.0676530935422e-08	3.05902320501826e-07	3.05902320501826e-07	3.05902320501826e-07	3.05902320501826e-07
4.02834331525038e-08	6.04251497287557e-08	9.06377245931335e-08	1.359565868897e-07	2.03934880334551e-07	3.05902320501826e-07	5.49415230449502e-06	1.7560541148371e-05	5.20443972136231e-05	0.000158023081598678	0.000395671048015091	0.00092635240846291	0.0019980129897683	0.00401402659901857	0.00754583213052385	0.013302329188539	0.0220327937596174	0.0343089542029253	0.0504045052918666	0.0701395795378259	0.0930769560085483	0.118671562404373	0.147042036610828	0.17905631841941	0.216306981298373	0.260270288211378	0.311275796069958	0.367481248697367	0.424448338925922	0.475626256221604	0.513620731251331	0.531969284464956	0.526867560464179	0.498276140922202	0.4499443757324	0.38836467170164	0.321027327987217	0.254681866199326	0.194257375039737	0.142536332031277	0.100522651656934	0.0679500278438394	0.0438711636215981	0.0269372160797782	0.0156617176203446	0.00856389099967645	0.00439339139135047	0.00212276152473106	0.000960454149429195	0.000413968438872302	0.000162253927240836	6.78930728174027e-05	2.63053444914393e-05	9.48991495578087e-06	5.06641053269247e-06	2.56615359843129e-06	1.2537470021114e-06	5.82375052600002e-07	2.46696926456716e-07	9.5299985761935e-08
4.02834331525038e-08	6.04251497287557e-08	9.06377245931335e-08	1.359565868897e-07	2.03934880334551e-07	3.05902320501826e-07	3.35754317462673e-06	1.07012809876258e-05	3.16782585052223e-05	0.000100116557316607	0.00025268750001688	0.000598334154239686	0.00130797809600752	0.00266167713029843	0.00507050777694222	0.00906737864264603	0.0152360605228681	0.0240742263016228	0.0359199336031469	0.0508203212177341	0.0687030493315707	0.089411695335841	0.11330645339914	0.14124602942603	0.174587026490562	0.214532625224474	0.261385640395425	0.313724329224659	0.36797604443577	0.418664250549975	0.459279222241151	0.483685757931644	0.48766011231558	0.470059322394254	0.433143656969882	0.381928687491201	0.322812047389665	0.262032586913931	0.204576514115009	0.153686578289949	0.110999371399183	0.0768745072918655	0.0508869879890135	0.0320603352717888	0.0191452577972096	0.0107733781049481	0.00570092224305912	0.00284664326475909	0.00133762898866231	0.000602704764944724	0.000254597643732593	0.000114478261420199	5.04981601389536e-05	2.12651241526471e-05	1.1597864362005e-05	5.9638907561873e-06	2.93320252147036e-06	1.36249496098574e-06	5.77159542956606e-07	2.22958984597564e-07
4.02834331525038e-08	6.04251497287557e-08	9.06377245931335e-08	1.359565868897e-07	2.03934880334551e-07	3.05902320501826e-07	1.9466962487228e-06	6.18755406429987e-06	1.8301728310084e-05	6.08820573081091e-05	0.000155158062986607	0.000372186917619921	0.000827760970360922	0.00171006447501419	0.00330862987720194	0.00601730795031162	0.0102849547305157	0.0165401005483265	0.0251525205098018	0.036318465590947	0.0502019159030131	0.0668824168846078	0.0868035830301359	0.110699593480139	0.13963811863671	0.174570455048842	0.215841221034633	0.262537252884985	0.312044072008164	0.360073656061202	0.401168925256933	0.429761364416692	0.44148684691621	0.434339105027171	0.409196193850729	0.369517470572639	0.320351158721371	0.267069251548666	0.214361381606905	0.165669230434531	0.123142645472707	0.0877879863820165	0.0598179301083984	0.0387896872180422	0.0238393004223507	0.0138175064257284	0.00754280724228061	0.00389209001923425	0.00190085487274899	0.000897226623385534	0.000408226726741294	0.000197036183793395	9.5967900355382e-05	4.54703081022762e-05	2.52596046963491e-05	1.31582128133568e-05	6.50790477466988e-06	3.02297144406446e-06	1.28054551905632e-06	4.94679733089374e-07
4.02834331525038e-08	6.04251497287557e-08	9.06377245931335e-08	1.359565868897e-07	2.03934880334551e-07	3.05902320501826e-07	1.07084285610385e-06	3.39455795606222e-06	1.00356714170888e-05	3.56122530126706e-05	9.17997006604206e-05	0.000223393676523516	0.000508300740604318	0.00106899180969996	0.00210681970296513	0.0039106104117388	0.00682573782541827	0.0112224772588127	0.0174820413737424	0.0258914933565358	0.0367504189948743	0.0502559796399598	0.0668193065840211	0.0869753355003596	0.111476044079487	0.141038502886971	0.176075026716054	0.21619013966836	0.259719682536456	0.303576878331617	0.34344251709358	0.374504504830919	0.39252933247799	0.394923521760703	0.381364076668884	0.353770105953477	0.315677345870452	0.271302869181211	0.22471830740428	0.179301333358363	0.137572637291339	0.101176074848498	0.071052077130391	0.0474358236215888	0.0299887560822525	0.0178853909700317	0.0100630989700793	0.00536980807210139	0.00273736873512658	0.00136831708482547	0.000681418351896984	0.000362818384730649	0.000199582560124933	0.000109394382817873	6.47904953993508e-05	3.60575214119292e-05	1.89782622338049e-05	9.35672809291139e-06	4.24333942293046e-06	1.77112635692398e-06
4.02834331525038e-08	6.04251497287557e-08	9.06377245931335e-08	1.359565868897e-07	2.03934880334551e-07	3.05902320501826e-07	5.58855485295803e-07	1.76694865190989e-06	5.22283082495939e-06	2.00805907498329e-05	5.24405919487337e-05	0.000129595364942832	0.000304295975942032	0.000653815900812595	0.00131797966313565	0.00250924245978718	0.00449720523827444	0.00760539666788197	0.0122130001072734	0.0186549877031138	0.0272928808883406	0.0383595329691214	0.0521647386212907	0.0690152681981688	0.0893535201815167	0.113685521887215	0.142489879819076	0.175841877451272	0.212947051245641	0.251854218090815	0.289391359796354	0.321624851681308	0.344671637037702	0.355605307177814	0.353102855225686	0.33762117517103	0.311111885016489	0.276444537109776	0.236827927330503	0.19535585274115	0.154784829506807	0.117367054443163	0.0848282727129535	0.0581917049244094	0.0377589287117382	0.0231187682059035	0.0133793577232552	0.00737366045796994	0.00391883904658574	0.00206816565469618	0.00110988682048859	0.000634234484475052	0.000373822651241034	0.000218926111685598	0.000132023563947987	7.45415618345092e-05	3.96160769719207e-05	1.9660698096539e-05	8.97911476114513e-06	3.77547049730631e-06
4.02834331525038e-08	6.04251497287557e-08	9.06377245931335e-08	1.359565868897e-07	2.03934880334551e-07	3.05902320501826e-07	2.76703562023555e-07	8.72642789887122e-07	2.57960867941159e-06	1.0936691450348e-05	2.8972524048223e-05	7.27471797326238e-05	0.000178712102204585	0.000394219132522749	0.000817455705194494	0.00160674674106376	0.0029774031165155	0.00521496566620252	0.0086858975346893	0.0137412630103895	0.0207541140817249	0.0299438403572745	0.0414931612305597	0.0554935913465321	0.0721162639057069	0.0916906284151724	0.114748612252453	0.141758519988307	0.172671968778374	0.206554849757212	0.241327962673107	0.273983522904742	0.301131410600469	0.319705747771058	0.32756346991015	0.323808922066264	0.308818517952679	0.284028441530534	0.251643722292903	0.214329314289867	0.174974298077776	0.136400187446254	0.101138918143351	0.0710647346439245	0.0471947234133097	0.0295980264490883	0.0175953640018297	0.0100185638250959	0.00556098968895032	0.00310575861070807	0.00179000504398518	0.00109123081639842	0.000680664448548342	0.000418837220223994	0.000256742825377801	0.000146910373974386	7.88197686610908e-05	3.93888266073439e-05	1.81206861889433e-05	7.67682423358787e-06
4.02834331525038e-08	6.04251497287557e-08	9.06377245931335e-08	1.359565868897e-07	2.03934880334551e-07	3.05902320501826e-07	1.29977046683519e-07	4.08899201634529e-07	1.19966725333869e-06	5.73477669229284e-06	1.5423713984549e-05	3.93509437385753e-05	0.00010343079347033	0.000235850657772423	0.000506972559557647	0.00103690768247589	0.00200141488967713	0.00365298001045304	0.00633574479179135	0.010393219257081	0.0161783043442551	0.0238738197927847	0.0335431198740207	0.0451066447556855	0.0585277134644719	0.0740059134958603	0.0921138364458118	0.113625444732766	0.139096648642058	0.168460516378132	0.200625670706018	0.233485542793687	0.264201223206445	0.28968580442314	0.307116484773733	0.314368129990499	0.310318629488341	0.294988746480509	0.269549613374186	0.236179879200989	0.19784146183784	0.157881911487908	0.119621078386487	0.0857919782007101	0.0581532371932026	0.0372876114515212	0.0227554181517633	0.0133997047044445	0.00778454115942102	0.00460777419762983	0.00283986754710288	0.00183421992695715	0.0011986473348645	0.000765815828594406	0.00047649867161941	0.000276089613393421	0.000149508542228459	7.52556699612002e-05	3.48812365991871e-05	1.48903585925828e-05
4.02834331525038e-08	6.04251497287557e-08	9.06377245931335e-08	1.359565868897e-07	2.03934880334551e-07	3.05902320501826e-07	5.79229256689852e-08	1.81785164483901e-07	5.34190940098186e-07	2.92957182916573e-06	8.00132077016382e-06	2.07222681481072e-05	6.01761689129286e-05	0.000142859869720877	0.000320577540313439	0.000686065368844644	0.0013845190414932	0.00263668570234229	0.00475508481921878	0.00805747100307237	0.0128582861543737	0.0192985704605676	0.0273515717906743	0.0368290946724153	0.0475648350371657	0.0596841826594253	0.0737939498264371	0.0908901782846573	0.111989276413941	0.137725010795066	0.167850399599129	0.201074317613059	0.235094181200459	0.266855514324528	0.292961710734152	0.310192089088065	0.31606012436897	0.309278872449593	0.290053418081566	0.260097839611683	0.2224273609391	0.180867476577537	0.139467764635641	0.101770456171339	0.0702484005456423	0.0459939946608485	0.0288156488773524	0.0175764643573707	0.0107099787903453	0.00672150291378144	0.00440746516743902	0.00299473364575658	0.00203373111303933	0.00133797074298519	0.000844036323415598	0.00049485373496149	0.000270435345635763	0.000137140629342722	6.40498358068474e-05	2.75509244579813e-05
4.02834331525038e-08	6.04251497287557e-08	9.06377245931335e-08	1.359565868897e-07	2.03934880334551e-07	3.05902320501826e-07	1.99127899242909e-08	5.88922553391466e-08	1.7404226985533e-07	1.3042259471014e-06	3.66153753915086e-06	9.74596880923746e-06	3.37634889369304e-05	8.501819927227e-05	0.000202180178294075	0.000457288304353642	0.000970030207891923	0.00192950035489573	0.00361028230713515	0.00629300218578774	0.0102468038244391	0.0155774162832185	0.0222069141000339	0.0299047679456504	0.0384546953135449	0.0479648960535238	0.0590758052990408	0.0729308194211131	0.0908678296384029	0.114045145771733	0.142887170435725	0.176785724195348	0.213908720493165	0.251249440110497	0.284932496521464	0.310797950597656	0.325181339253417	0.325666039191278	0.311630431520085	0.284400288006884	0.247048673492211	0.203820024930882	0.159396511331557	0.118026545309801	0.0828186286916286	0.0553328929145566	0.0356133711482078	0.0225460072367513	0.0144364198891437	0.00959907175107674	0.00665983653033449	0.00472869030793764	0.00331567341133107	0.00223329135592208	0.00142698674217564	0.000846069735299986	0.00046655600093442	0.000238393920625941	0.000112190588620085	4.86227687678183e-05
2.68556221016692e-08	4.02834331525038e-08	6.04251497287556e-08	9.06377245931337e-08	1.359565868897e-07	2.03934880334551e-07	3.05902320501826e-07	3.05902320501826e-07	6.29637303490243e-09	4.79866770434882e-07	1.44380175725192e-06	4.10259246534331e-06	1.91910566266617e-05	5.19765150246776e-05	0.000131650272104324	0.00031396509265394	0.000695720364020686	0.00143333393855849	0.00275863290770087	0.00490718661738293	0.00810204039813034	0.0124251541924784	0.0177877283948889	0.0239789393963785	0.0308062734697381	0.0384142320625557	0.0474800023946408	0.0592281868976753	0.0751843912688688	0.0968478875430386	0.125119023240648	0.159908865441925	0.199764447931913	0.241735543749202	0.281581142800179	0.314397511685202	0.335578990336407	0.341806962937438	0.331811887120443	0.30662955954559	0.269396801627775	0.224698482071893	0.177716385154006	0.133257450939343	0.0949434708037863	0.0647255544999239	0.0428490769997594	0.0282171111962571	0.0190125165380505	0.01336945673681	0.00975895022705551	0.00719754332128471	0.00518461971771208	0.00356098113616701	0.0023028146186576	0.00138004770526076	0.000767780034645822	0.00039531072521406	0.000187448006508134	8.18376082498202e-05
1.79037480677795e-08	2.68556221016692e-08	4.02834331525039e-08	6.04251497287558e-08	9.06377245931337e-08	1.359565868897e-07	2.03934880334551e-07	2.03934880334551e-07	3.05902320501826e-07	2.32238301758976e-07	7.00147023574432e-07	1.97505270857969e-06	1.21823425672404e-05	3.43497059876779e-05	9.03242736408581e-05	0.00022241517250139	0.000506451703792839	0.00106661674072787	0.00209166438619493	0.00376996091941176	0.00628331988228332	0.00970280180684042	0.0139625469179436	0.0189196229429284	0.024463376819844	0.0308170802251322	0.0386970091033317	0.0493493571414429	0.0643588789656507	0.0853778225814015	0.113572687097967	0.14919362720381	0.191071432631932	0.236339586650466	0.280545202522413	0.318287948177452	0.34430525117177	0.354635414517707	0.347550072133144	0.323885386139118	0.286828175434842	0.241198887519024	0.192516022904451	0.145965317886942	0.10552721302165	0.0734386839122794	0.0500917719321001	0.034391077818174	0.0244028242457609	0.0180990631310352	0.013823298666817	0.0105352956587938	0.00776556657915345	0.00542347635811077	0.0035472420749849	0.00214770831481718	0.00120526813816413	0.000625286355776098	0.000298700915543198	0.000131337318913297
1.19358320451863e-08	1.79037480677795e-08	2.68556221016693e-08	4.02834331525039e-08	6.04251497287558e-08	9.06377245931337e-08	1.359565868897e-07	2.03934880334551e-07	3.05902320501826e-07	1.11258204151459e-07	3.35305741744326e-07	9.43233022869525e-07	7.93621573833928e-06	2.31185910537063e-05	6.255131910012e-05	0.000157536680300282	0.000365391651825639	0.000780590019232299	0.00155252984551562	0.00282471124305021	0.00474587602475132	0.00738796435167601	0.010732780911229	0.0147373316292168	0.0194121079846522	0.0250866291429697	0.0325135739896371	0.0429046803114905	0.0577809823606356	0.0787611752504606	0.107064842832953	0.143098706512163	0.185891986543505	0.232718452166804	0.279113169760101	0.319476868869367	0.348212897938111	0.360990503722348	0.355801387485941	0.333344793853523	0.296811770150287	0.251125962211717	0.201958857781554	0.154677877364347	0.113449248657368	0.0806718579097153	0.0568138157675779	0.0407566725691825	0.0304562071835199	0.0237462495380556	0.018878988855045	0.0148035587155633	0.0111315676685356	0.00788915385112934	0.00521572296449406	0.00318903842018987	0.00180482792408631	0.00094334355972713	0.000453882038136812	0.000200926074984096
1.19358320451863e-08	1.79037480677795e-08	2.68556221016692e-08	4.02834331525038e-08	6.04251497287557e-08	9.06377245931335e-08	1.359565868897e-07	2.03934880334551e-07	3.05902320501826e-07	4.89083821677762e-08	1.47103257769959e-07	4.12346700242619e-07	5.11578751445538e-06	1.5323468820155e-05	4.24198522073296e-05	0.00010869285351813	0.000255578641900942	0.000551631756725303	0.00111327607806622	0.00204480423659954	0.00347208042496571	0.00547823279534299	0.00810893388640986	0.0114387549404686	0.0156212368454863	0.0211050321818402	0.0286706169588517	0.039442106310384	0.054761907514399	0.0760375177673384	0.104336693992655	0.140049043274152	0.182332331515037	0.228682697555079	0.274856564450347	0.315386605076648	0.344685998853353	0.358329678531281	0.354187443559779	0.332850867761249	0.297437074350266	0.252819065942565	0.204628673215171	0.158215745368571	0.117756289846556	0.0856802321255579	0.0624531751367901	0.0469041428774743	0.0368854547702464	0.0301203599308427	0.0248102249970089	0.0199426609106193	0.0152613988803475	0.0109593477505417	0.00732000394376342	0.00451784128903021	0.00257783635664927	0.00135718250697636	0.000657501978760519	0.000292935092487148
1.19358320451863e-08	1.79037480677795e-08	2.68556221016692e-08	4.02834331525038e-08	6.04251497287557e-08	9.06377245931335e-08	1.359565868897e-07	2.03934880334551e-07	3.05902320501826e-07	2.12177917054184e-08	6.38174101086479e-08	1.75043621508441e-07	3.27657617091283e-06	1.00012259065018e-05	2.81131837898283e-05	7.28159661497373e-05	0.000172665072382998	0.000374973234865463	0.000770757669011494	0.00143215209153663	0.00247176496204353	0.00399076650767845	0.00610564850756713	0.00901249324748143	0.0130134810566202	0.0186758090172062	0.0267949361156544	0.0383622012871357	0.0544459710674702	0.0760921432475823	0.104040032114733	0.138510776856463	0.178734397201569	0.222516739355561	0.266068623976864	0.304381595156877	0.332213904665834	0.345305930989357	0.341540693636197	0.321405508915254	0.287845228416474	0.245520740273969	0.199837000670305	0.155939701015299	0.117850290383102	0.0879052792735979	0.0664920740640411	0.0523599220946376	0.0432681529738866	0.0368595919439424	0.0313243468393633	0.0257324248151727	0.0200025188576191	0.0145374537071711	0.00980486946867704	0.00610584203357611	0.0035113724598273	0.00186160391643428	0.00090777323631772	0.000406869481829649
1.19358320451863e-08	1.79037480677795e-08	2.68556221016692e-08	4.02834331525038e-08	6.04251497287557e-08	9.06377245931335e-08	1.359565868897e-07	2.03934880334551e-07	3.05902320501826e-07	8.72939336223674e-09	2.62556671274753e-08	7.20161951305921e-08	2.05320824417072e-06	6.35097473501679e-06	1.8033722575651e-05	4.70270759858941e-05	0.000112091672901724	0.000244333651356925	0.00051703865030102	0.000977897594872709	0.00173445438902609	0.00290942067428815	0.00468914212020334	0.0073839343649147	0.0114364634938289	0.0175206877432399	0.0264318421629214	0.0389949493718556	0.0559364761333939	0.0778312177440087	0.104957490172651	0.137250050369203	0.173966271094088	0.213294352242076	0.252097462885024	0.286109380841747	0.310727649278916	0.322086618653232	0.318195641175484	0.299428603193649	0.268457169079803	0.229577568016237	0.187800008770516	0.147904556483251	0.113618244009354	0.0870789341898861	0.0685349404463313	0.0566393865171209	0.0490767029534717	0.0434419098393689	0.0379481429739601	0.0317789041880117	0.0250532986857123	0.018410923752498	0.0125326946484862	0.00787107831425613	0.00456047829601275	0.00243388815197116	0.00119412230134182	0.000538197066174376
7.95722136345753e-09	1.19358320451863e-08	1.79037480677795e-08	2.68556221016692e-08	4.02834331525038e-08	6.04251497287556e-08	9.06377245931337e-08	1.359565868897e-07	2.03934880334551e-07	3.05902320501826e-07	3.05902320501826e-07	3.05902320501826e-07	1.17206317560626e-06	3.71696095778315e-06	1.07496196589967e-05	2.83945374725865e-05	6.83280767162757e-05	0.000149958346348126	0.000335259447599909	0.000654551000770046	0.00121605453201406	0.0021642229871066	0.00374797381143997	0.0063760120381612	0.0106122218588579	0.0172165110381674	0.0269680135047897	0.0405076047786836	0.0581888849107694	0.0800623432994802	0.105874333273489	0.135201340833544	0.167293274512232	0.200758765055517	0.233240350468202	0.261411809731402	0.281527753074868	0.290295008430792	0.285940710212954	0.268718546475508	0.240943914315772	0.20642355861102	0.169638562480836	0.134877906873669	0.105468983247107	0.0832753112496092	0.0683698864225878	0.0593117223828431	0.0537399286286484	0.0492376149584575	0.0440677014892396	0.0375405905259968	0.0299772916574	0.0222568848914586	0.0152839475192078	0.00967618205173622	0.00564605218814361	0.00303212265770869	0.00149612238571212	0.000677766946729321
5.30481424230504e-09	7.95722136345756e-09	1.19358320451863e-08	1.79037480677795e-08	2.68556221016692e-08	4.02834331525039e-08	6.04251497287558e-08	9.06377245931337e-08	1.359565868897e-07	2.03934880334551e-07	2.03934880334551e-07	3.05902320501826e-07	6.95528583767763e-07	2.20572802276614e-06	6.37906547451824e-06	1.68424874356056e-05	4.0521430250261e-05	8.89141652312804e-05	0.00021710205991221	0.00044354459892932	0.000879190927845281	0.00168622752835466	0.00316246146195922	0.005791294990799	0.0102288410691322	0.0172931328806285	0.0277329855460902	0.0420069086545704	0.060108197110602	0.0815756366740051	0.105624587662755	0.131455217453672	0.158285381121573	0.185136730919943	0.210465568748072	0.231970318551971	0.246878864188132	0.252583815846229	0.24759834603616	0.232061565909426	0.207882251786503	0.178294292534292	0.147158447059206	0.11818948453424	0.0942500767390169	0.0768888408930687	0.065997366333529	0.0600650213938842	0.0567289079339132	0.05360073960194	0.0490130465024381	0.0423984133697216	0.0342555460028523	0.025677647087473	0.0177791334250635	0.0113407467092576	0.00666120728197738	0.00359818714584962	0.00178477429299526	0.000812312007031539
3.53654282820336e-09	5.30481424230504e-09	7.95722136345756e-09	1.19358320451863e-08	1.79037480677795e-08	2.68556221016693e-08	4.02834331525039e-08	6.04251497287558e-08	9.06377245931337e-08	1.359565868897e-07	2.03934880334551e-07	3.05902320501826e-07	3.91422640102903e-07	1.24131761967723e-06	3.58994685149981e-06	9.46806517808163e-06	2.27720736562407e-05	4.99473028965295e-05	0.000141699490038162	0.000308918792248108	0.000664664609543177	0.00138222214873043	0.00279062198386475	0.00541916901491218	0.00998021264345071	0.0173168782612698	0.0281346069811844	0.0427278482698545	0.0607805657170779	0.0813926239056123	0.103317486640998	0.125414950628969	0.146860154028092	0.167039489367495	0.185166514432092	0.199932190241563	0.209544351805316	0.212120795065667	0.206501275051387	0.192730024274593	0.172297753537747	0.147830850899262	0.122527117266849	0.099489038716525	0.081090357501098	0.0685590285594494	0.0616280235958752	0.0587621745966981	0.0576521462520333	0.0559836718820361	0.0521744122047812	0.0457602987104709	0.0373716474116818	0.0282638546059321	0.019721816653562	0.0126682733096593	0.00748678319914303	0.00406596416857668	0.00202650417970482	0.000926238294120662
3.53654282820335e-09	5.30481424230502e-09	7.95722136345754e-09	1.19358320451863e-08	1.79037480677795e-08	2.68556221016692e-08	4.02834331525038e-08	6.04251497287557e-08	9.06377245931335e-08	1.359565868897e-07	2.03934880334551e-07	3.05902320501826e-07	2.08902625840843e-07	6.62492364225295e-07	1.91595796224311e-06	5.05311516169204e-06	1.21534768182524e-05	2.66569218530893e-05	9.57825936522723e-05	0.000225952455110758	0.000529586390772687	0.001182825553102	0.00252619223338577	0.00510357432373971	0.00964352046470443	0.0169779279454318	0.0277559145445111	0.0421370740662574	0.0595749682752749	0.0788498164414845	0.0983779429701632	0.116762881180686	0.133144663604538	0.147199220801425	0.158768420702395	0.167402820661885	0.172195839290199	0.171955832335988	0.165857341633563	0.153878553869502	0.137116954443624	0.11760495555013	0.0978830824162692	0.0804467449262747	0.0671935230368277	0.0590541710109547	0.0556475876965356	0.0554727512534435	0.0563365760785998	0.0560476964341462	0.0531234888452521	0.0471773747431948	0.0389118374853468	0.0296729363188926	0.0208548452352461	0.0134830975831973	0.00801355384254804	0.00437357108075316	0.00218933576114997	0.0010044764384292
3.53654282820335e-09	5.30481424230502e-09	7.95722136345754e-09	1.19358320451863e-08	1.79037480677795e-08	2.68556221016692e-08	4.02834331525038e-08	6.04251497287557e-08	9.06377245931335e-08	1.359565868897e-07	2.03934880334551e-07	3.05902320501826e-07	1.05732585907138e-07	3.35309479865708e-07	9.69730222499327e-07	2.55755010633191e-06	6.1512799400391e-06	1.34919571666799e-05	6.79767984465037e-05	0.0001734468740245	0.000437487539109199	0.00103004499145346	0.00228324742239238	0.00472491508760002	0.00906062177524699	0.0160765649335831	0.0263555153884963	0.0399587883877254	0.0562037155431998	0.0736948287689821	0.0906664953567343	0.105578618014283	0.117556999285536	0.126478378302995	0.132639494620533	0.136249454015875	0.137118954812888	0.134652846572677	0.128339143435113	0.118122991496139	0.104762520414993	0.089751116788371	0.0750198857933597	0.0624989482492204	0.0536508700433348	0.0491517450067618	0.0485609501950126	0.0504729360797284	0.0528724009024209	0.0537394467978045	0.0517070978049542	0.0464411111958265	0.0386541746955497	0.0297027907500484	0.021015620974376	0.0136681308537621	0.00816568966737511	0.00447665121965874	0.00224975755562051	0.00103571771420482
3.53654282820335e-09	5.30481424230502e-09	7.95722136345754e-09	1.19358320451863e-08	1.79037480677795e-08	2.68556221016692e-08	4.02834331525038e-08	6.04251497287557e-08	9.06377245931335e-08	1.359565868897e-07	2.03934880334551e-07	3.05902320501826e-07	5.07505562514705e-08	1.6094510952869e-07	4.65460555830224e-07	1.22759780652059e-06	2.9525512493346e-06	6.47600099113623e-06	5.05109501655009e-05	0.000137443178668608	0.000365682935052794	0.000890837407342969	0.00201922679455951	0.00423602341317916	0.00818945943297957	0.0145900785617	0.0239460107102533	0.0362557050636034	0.0507920146209961	0.0661270679624053	0.080472642159475	0.092268447560224	0.100660122430386	0.105643861451938	0.107790487454071	0.107740640747339	0.105814729869633	0.101879001021287	0.0956858349185735	0.0871740467770369	0.0768304848036307	0.0656919385943087	0.055159048830407	0.0466657497928394	0.0412998594501872	0.0395346151506793	0.0409233208434259	0.0442092045157072	0.0476065123433792	0.0493098857633039	0.0480854616303806	0.0436327884208171	0.0366205838636262	0.0283391266899104	0.020174242326251	0.0131923765944044	0.0079186140618821	0.00435883852247938	0.00219827771007219	0.00101508885486252
3.53654282820335e-09	5.30481424230502e-09	7.95722136345754e-09	1.19358320451863e-08	1.79037480677795e-08	2.68556221016692e-08	4.02834331525038e-08	6.04251497287557e-08	9.06377245931335e-08	1.359565868897e-07	2.03934880334551e-07	3.05902320501826e-07	2.31014775224925e-08	7.32616567138494e-08	2.11876033729329e-07	5.58798271953418e-07	1.34399110785183e-06	2.9478532331956e-06	3.85452327918319e-05	0.00010969374378248	0.000302124812821945	0.000751033465598572	0.0017240654362532	0.00364423100536615	0.00707703633634368	0.0126358532351099	0.0207493582957231	0.0313833316409262	0.0438428773256699	0.0567888249700636	0.0685479524523776	0.0776512678804379	0.0833013451654084	0.0855483409220047	0.0850757829010679	0.0827406819508563	0.0791641868182219	0.0745254201701004	0.0687769109323811	0.0618697323714146	0.0540910924594833	0.0461170087219142	0.0389139585787022	0.0335038420360817	0.0306679801406807	0.0307278104905029	0.0332731061749694	0.0372323594840832	0.0410838253033715	0.0432684888139599	0.0427023320468852	0.0391093315267025	0.0330750881753179	0.0257612468472032	0.0184422342071007	0.0121193391314004	0.00730547580309283	0.00403600252221022	0.00204186248555013	0.000945395920223271
3.53654282820335e-09	5.30481424230502e-09	7.95722136345754e-09	1.19358320451863e-08	1.79037480677795e-08	2.68556221016692e-08	4.02834331525038e-08	6.04251497287557e-08	9.06377245931335e-08	1.359565868897e-07	2.03934880334551e-07	3.05902320501826e-07	9.97253813825403e-09	3.16258847486786e-08	9.1463492968815e-08	2.41224271184394e-07	5.80179452482074e-07	1.27254106432785e-06	2.9462010980295e-05	8.62093402027833e-05	0.00024249728613469	0.000609746545387158	0.00140963579219773	0.00299211541161484	0.00582561938968923	0.0104150832745662	0.0171089133263521	0.0258621386679544	0.0360653423089735	0.0465527713309224	0.0558648382844291	0.0627081466199668	0.0663756115767949	0.0669281911553843	0.0650402823047381	0.0616110697736272	0.0573819520415905	0.0527053712731453	0.047664725965808	0.0422310948286077	0.0365562574197036	0.0310503381486672	0.0263457088441314	0.0231404205551138	0.0219772147904084	0.0230701681130386	0.0260725697953705	0.03011402674943	0.0339500782385925	0.036284163393495	0.0361945619504081	0.0334286296369394	0.0284677079413496	0.0223035868459114	0.0160484551893584	0.0105932137585152	0.00640990137187361	0.00355276203640915	0.00180239755200263	0.000836500711384857
3.53654282820335e-09	5.30481424230502e-09	7.95722136345754e-09	1.19358320451863e-08	1.79037480677795e-08	2.68556221016692e-08	4.02834331525038e-08	6.04251497287557e-08	9.06377245931335e-08	1.359565868897e-07	2.03934880334551e-07	3.05902320501826e-07	4.08261711852947e-09	1.2947193249461e-08	3.74438700497524e-08	9.87538302976721e-08	2.3751732324155e-07	5.20960447704659e-07	2.20941174516684e-05	6.5695556648144e-05	0.000187150542855557	0.000473600669646384	0.00109924872913861	0.00233897587586565	0.00456140519924278	0.00816266576980446	0.013414741670429	0.020275279326117	0.0282476908672863	0.0363826602663886	0.0434859231162699	0.048487527806953	0.050793181403022	0.0504521415325793	0.048053746508896	0.0444202824955897	0.0402798394657831	0.0360452014703172	0.0318678647342017	0.0277386129649664	0.023725693069145	0.0200575238231756	0.0171252201951328	0.0153857333929872	0.0152042634637838	0.0167220608981125	0.0196668101416997	0.0233649223443448	0.0268412299275827	0.0290600639468904	0.0292666663022808	0.0272358403387311	0.0233403639679937	0.0183842966402683	0.0132892987675001	0.00880696424096298	0.00534719486273868	0.00297231628632798	0.0015116379570129	0.000703019888806641
2.35769521880224e-09	3.53654282820335e-09	5.30481424230502e-09	7.95722136345753e-09	1.19358320451863e-08	1.79037480677795e-08	2.68556221016692e-08	4.02834331525038e-08	6.04251497287556e-08	9.06377245931337e-08	1.359565868897e-07	2.03934880334551e-07	3.05902320501826e-07	3.05902320501826e-07	3.05902320501826e-07	3.05902320501826e-07	3.05902320501826e-07	3.05902320501826e-07	1.56147887402811e-05	4.7317989863753e-05	0.000136754324418238	0.000348581555948021	0.000812725769324561	0.00173424405473279	0.00338871182155237	0.00607204051225143	0.00998759122613111	0.015101926294083	0.0210366475354703	0.0270655910450855	0.0322692494371764	0.0358138943201903	0.0372265615069763	0.0365370939278937	0.0342145000222354	0.030939219261519	0.027343906005857	0.023823762586227	0.0205501603056736	0.0175291086765365	0.0147831681113746	0.0124262858426434	0.0106859862310452	0.0098486191196108	0.0101523061906358	0.0116900101700923	0.014261738516528	0.017370874666121	0.0202862027375161	0.0222150460156702	0.0225646987509614	0.0211427542450589	0.0182220005029013	0.0144219727477265	0.010468196085208	0.00696207943656652	0.00423984339213494	0.00236280614190433	0.00120426186124968	0.000561090546539483
1.57179681253482e-09	2.35769521880224e-09	3.53654282820335e-09	5.30481424230504e-09	7.95722136345756e-09	1.19358320451863e-08	1.79037480677795e-08	2.68556221016692e-08	4.02834331525039e-08	6.04251497287558e-08	9.06377245931337e-08	1.359565868897e-07	2.03934880334551e-07	2.03934880334551e-07	2.03934880334551e-07	2.03934880334551e-07	2.03934880334551e-07	3.05902320501826e-07	1.09835861975146e-05	3.32839098245973e-05	9.64054335618608e-05	0.000245841799272356	0.00057345629434971	0.00122430471347295	0.00239382121969622	0.00429211171647665	0.00706437869514286	0.0106875081076282	0.0148909010678455	0.0191515092147128	0.0228018034159632	0.0252288670670212	0.026076678421443	0.0253575465459698	0.0234166057304544	0.0207728196152441	0.0179270422650146	0.0152127313988703	0.0127886945475087	0.0106691570329726	0.00885496864792672	0.00739432306887616	0.00641129957355016	0.00607818953738465	0.00654609546707674	0.00787658544514525	0.00993191584081773	0.0123631841584191	0.0146461384527224	0.0162004118015827	0.016580934025116	0.0156314929132165	0.0135410534191796	0.0107635312765025	0.00784155806517268	0.00523166004069093	0.00319455044620716	0.00178428907030973	0.00091113459233675	0.000425193625387303
1.04786454168988e-09	1.57179681253482e-09	2.35769521880224e-09	3.53654282820336e-09	5.30481424230504e-09	7.95722136345756e-09	1.19358320451863e-08	1.79037480677795e-08	2.68556221016693e-08	4.02834331525039e-08	6.04251497287558e-08	9.06377245931337e-08	1.359565868897e-07	1.359565868897e-07	1.359565868897e-07	1.359565868897e-07	2.03934880334551e-07	3.05902320501826e-07	7.3268822207821e-06	2.2202883716353e-05	6.44576450538069e-05	0.000164453088347307	0.000383817226927109	0.000819942760687043	0.00160441150920341	0.00287903870068374	0.00474269728172895	0.00718115569474367	0.0100122201627212	0.0128803117430563	0.0153276475937739	0.0169284549484535	0.0174292072186382	0.0168302625990809	0.0153683787627901	0.013412009890288	0.011327884595879	0.00937192412897699	0.00767409655461699	0.00625119968432748	0.00509634160309705	0.00422406561746015	0.00369731277798403	0.00361560603700888	0.00407219634387946	0.0051078629696095	0.00663333921845097	0.00841500621306164	0.0100938298357287	0.0112640125618811	0.0116067888605192	0.0110022549712556	0.00957453634487284	0.00763998584550484	0.00558422134241649	0.0037360369972452	0.0022866659760564	0.00127972320646495	0.0006545673591507	0.00030588760202719
6.9857636112659e-10	1.04786454168989e-09	1.57179681253483e-09	2.35769521880224e-09	3.53654282820336e-09	5.30481424230504e-09	7.95722136345758e-09	1.19358320451864e-08	1.79037480677795e-08	2.68556221016693e-08	4.02834331525039e-08	6.04251497287556e-08	9.06377245931335e-08	9.06377245931335e-08	9.06377245931335e-08	1.359565868897e-07	2.03934880334551e-07	3.05902320501826e-07	4.63512292082348e-06	1.40459600851972e-05	4.08753887255027e-05	0.000104342650483584	0.000243674298716067	0.000520927098450365	0.00102019257065233	0.00183242172706728	0.00302172955402141	0.00458032023917668	0.00639248305611329	0.0082297415429289	0.00979514758611241	0.0108088642646187	0.0110999610492724	0.0106625384335018	0.00964865817865446	0.00830329808562619	0.00687707677154132	0.00555175825201937	0.00442453943233018	0.00351142662467963	0.00280486082261316	0.00230471279776464	0.0020400367231887	0.00206563530508161	0.00243703217796304	0.0031807006610415	0.00424199401138892	0.00547184680994038	0.0066356780871107	0.0074629887674263	0.00773650630288518	0.00736947119753124	0.00643933562054746	0.0051558779496739	0.00377947660597016	0.00253482110007593	0.001554660296414	0.000871564666011375	0.000446443773820761	0.000208881045668544
4.65717574084395e-10	6.98576361126592e-10	1.04786454168989e-09	1.57179681253483e-09	2.35769521880224e-09	3.53654282820338e-09	5.30481424230506e-09	7.95722136345758e-09	1.19358320451864e-08	1.79037480677795e-08	2.68556221016692e-08	4.02834331525038e-08	6.04251497287557e-08	6.04251497287556e-08	9.06377245931335e-08	1.359565868897e-07	2.03934880334551e-07	3.05902320501826e-07	2.78080348649541e-06	8.42675705548547e-06	2.45847636876467e-05	6.27899140800165e-05	0.000146729662912828	0.000313915796004518	0.000615334378964198	0.00110635163115676	0.00182646412458539	0.00277186217842311	0.00387306145697322	0.00499115253384848	0.00594389544498545	0.00655743831267704	0.00672312578533017	0.00643371396092749	0.00578137720893535	0.00491933175661458	0.00400784758651352	0.00316651582587797	0.00246154684225509	0.00190524022806481	0.00149139300766918	0.00121527381903564	0.00108926461235695	0.00114290132675058	0.00140877856088718	0.00190407766137656	0.00259733371818156	0.00339784809541759	0.00415931678404632	0.00470980732583138	0.00490839185271607	0.00469581351228419	0.00411797151331846	0.00330719527153384	0.00243051802466762	0.00163362121854847	0.00100374721638757	0.000563564725296696	0.000289040190144807	0.0001353773551639
3.1047838272293e-10	4.65717574084395e-10	6.98576361126592e-10	1.04786454168989e-09	1.57179681253484e-09	2.35769521880225e-09	3.53654282820338e-09	5.30481424230506e-09	7.95722136345758e-09	1.19358320451863e-08	1.79037480677795e-08	2.68556221016692e-08	4.02834331525038e-08	6.04251497287557e-08	9.06377245931335e-08	1.359565868897e-07	2.03934880334551e-07	3.05902320501826e-07	1.58214520927329e-06	4.79442483792651e-06	1.40245549548736e-05	3.58414424097571e-05	8.3816062749443e-05	0.000179464227468405	0.000352134198287383	0.000633836452313563	0.0010477166502314	0.00159219557074354	0.00222778453449374	0.00287441845751961	0.0034259736627804	0.00377990546309169	0.00387061575775312	0.00369162921749437	0.00329586187474594	0.00277419618025523	0.00222375768285158	0.00171885331436424	0.0013017499562705	0.000980842045272497	0.000751405921101772	0.000607896865338776	0.000554473012258401	0.000606260792076589	0.00078178284502143	0.00109193375268166	0.00151974725906005	0.00201275593030398	0.00248407599610658	0.00282973473636593	0.00296291489025852	0.00284547883911891	0.00250330472028079	0.00201581001366482	0.00148478603778943	0.00099985374923115	0.000615310826692379	0.000345927186943188	0.000177612890073806	8.32639639118111e-05
