3.05902320501826e-07	3.05902320501826e-07	3.05902320501826e-07	3.05902320501826e-07	3.05902320501826e-07	3.05902320501826e-07	3.05902320501826e-07	3.05902320501826e-07	3.05902320501826e-07	3.05902320501826e-07	3.05902320501826e-07	3.05902320501826e-07	3.05902320501826e-07	3.05902320501826e-07	3.05902320501826e-07	3.05902320501826e-07	3.05902320501826e-07	3.05902320501826e-07	2.03934880334551e-07	1.359565868897e-07	1.359565868897e-07	1.359565868897e-07	1.359565868897e-07	1.359565868897e-07	1.359565868897e-07	1.359565868897e-07	1.359565868897e-07	1.359565868897e-07	1.359565868897e-07	1.359565868897e-07	1.359565868897e-07	1.359565868897e-07	1.359565868897e-07	1.359565868897e-07	1.359565868897e-07	1.359565868897e-07	1.359565868897e-07	1.359565868897e-07	9.06377245931337e-08	6.04251497287558e-08	4.02834331525039e-08	2.68556221016693e-08	1.79037480677795e-08	1.19358320451863e-08	7.95722136345756e-09	5.30481424230504e-09	3.53654282820336e-09	3.53654282820335e-09	3.53654282820335e-09	3.53654282820335e-09	3.53654282820335e-09	3.53654282820335e-09	2.35769521880224e-09	2.35769521880223e-09	2.35769521880223e-09	2.35769521880223e-09	2.35769521880223e-09	1.57179681253482e-09	1.04786454168988e-09	6.9857636112659e-10
3.31672087188899e-08	1.1844156336266e-07	3.56980201065458e-07	9.08090055255007e-07	1.94965828955829e-06	3.5329124303033e-06	5.40321235240644e-06	6.97454676630042e-06	7.5984452127553e-06	6.98679938462316e-06	5.42221334352012e-06	3.55156461772103e-06	1.96339477615111e-06	9.16094620367104e-07	3.60759540965057e-07	1.19905777546505e-07	3.36362200407505e-08	7.96377628047512e-09	3.05902320501826e-07	2.03934880334551e-07	2.03934880334551e-07	2.03934880334551e-07	2.03934880334551e-07	2.03934880334551e-07	2.03934880334551e-07	2.03934880334551e-07	2.03934880334551e-07	2.03934880334551e-07	2.03934880334551e-07	2.03934880334551e-07	2.03934880334551e-07	2.03934880334551e-07	2.03934880334551e-07	2.03934880334551e-07	2.03934880334551e-07	2.03934880334551e-07	2.03934880334551e-07	2.03934880334551e-07	1.359565868897e-07	9.06377245931337e-08	6.04251497287558e-08	4.02834331525039e-08	2.68556221016692e-08	1.79037480677795e-08	1.19358320451863e-08	7.95722136345756e-09	5.30481424230504e-09	5.30481424230502e-09	5.30481424230502e-09	5.30481424230502e-09	5.30481424230502e-09	5.30481424230502e-09	3.53654282820335e-09	3.53654282820335e-09	3.53654282820335e-09	3.53654282820335e-09	3.53654282820335e-09	2.35769521880224e-09	1.57179681253482e-09	1.04786454168988e-09
3.67972150080986e-07	1.3140447572451e-06	3.96050126604672e-06	1.00747654990043e-05	2.16303988319459e-05	3.91957428207139e-05	5.99457037072515e-05	7.7378804806516e-05	8.43006189006708e-05	7.75147409459287e-05	6.01565093741688e-05	3.94026787002444e-05	2.17827976831413e-05	1.01635717974096e-05	4.00243098767417e-06	1.33028941762563e-06	3.73175575728894e-07	8.83537684924748e-08	3.05902320501826e-07	3.05902320501826e-07	3.05902320501826e-07	3.05902320501826e-07	3.05902320501826e-07	3.05902320501826e-07	3.05902320501826e-07	3.05902320501826e-07	3.05902320501826e-07	3.05902320501826e-07	3.05902320501826e-07	3.05902320501826e-07	3.05902320501826e-07	3.05902320501826e-07	3.05902320501826e-07	3.05902320501826e-07	3.05902320501826e-07	3.05902320501826e-07	3.05902320501826e-07	3.05902320501826e-07	2.03934880334551e-07	1.359565868897e-07	9.06377245931337e-08	6.04251497287556e-08	4.02834331525038e-08	2.68556221016692e-08	1.79037480677795e-08	1.19358320451863e-08	7.95722136345756e-09	7.95722136345754e-09	7.95722136345754e-09	7.95722136345754e-09	7.95722136345754e-09	7.95722136345754e-09	5.30481424230502e-09	5.30481424230502e-09	5.30481424230502e-09	5.30481424230502e-09	5.30481424230502e-09	3.53654282820335e-09	2.35769521880224e-09	1.57179681253482e-09
2.47607720498819e-06	8.84218077110657e-06	2.6650133449031e-05	6.77928946312805e-05	0.000145550519165097	0.000263747365961226	0.000403373435880498	0.000520680422930042	0.000567257170903852	0.000521595134481065	0.0004047919429779	0.000265139833337051	0.000146576007972954	6.83904704290478e-05	2.69322777034546e-05	8.95149076443665e-06	2.51109095163124e-06	5.94530733075511e-07	5.98258010277005e-09	2.84632318367177e-08	1.14294330846844e-07	3.87355707671707e-07	1.10800066532101e-06	2.67494510484499e-06	5.45047708040809e-06	9.37343889986588e-06	1.3605301771474e-05	1.66671827177216e-05	1.72330046466288e-05	1.50385029352278e-05	1.10762562826565e-05	6.88535248308219e-06	3.61246918718252e-06	1.59965716641436e-06	5.97853081007113e-07	1.88584857790381e-07	5.02069635603187e-08	1.12814750171512e-08	3.05902320501826e-07	2.03934880334551e-07	1.359565868897e-07	9.06377245931335e-08	6.04251497287557e-08	4.02834331525038e-08	2.68556221016692e-08	1.79037480677795e-08	1.19358320451863e-08	1.19358320451863e-08	1.19358320451863e-08	1.19358320451863e-08	1.19358320451863e-08	1.19358320451863e-08	7.95722136345753e-09	7.95722136345754e-09	7.95722136345754e-09	7.95722136345754e-09	7.95722136345754e-09	5.30481424230502e-09	3.53654282820335e-09	2.35769521880224e-09
1.01054723615807e-05	3.60870869529063e-05	0.0001087656662963	0.000276679265746573	0.000594027014050084	0.00107641704862494	0.0016462649466157	0.00212502324747212	0.00231511426660248	0.00212875640743945	0.00165205421854899	0.00108210004613102	0.000598212282903591	0.000279118117691949	0.000109917165514221	3.65332075804119e-05	1.0248371964333e-05	2.42642429690861e-06	5.6534327850556e-08	2.68972525683077e-07	1.08006128803249e-06	3.66044318606897e-06	1.04704110594171e-05	2.52777599199259e-05	5.15060480448993e-05	8.85773460194556e-05	0.000128567704508984	0.000157501939952714	0.000162848857484009	0.000142111202978805	0.000104668670253248	6.50653677775203e-05	3.41371973078383e-05	1.5116478365695e-05	5.64960627480299e-06	1.78209367778217e-06	4.74446959261897e-07	1.06607951135025e-07	3.05902320501826e-07	2.03934880334551e-07	1.359565868897e-07	9.06377245931335e-08	6.04251497287557e-08	4.02834331525038e-08	2.68556221016692e-08	1.79037480677795e-08	1.79037480677795e-08	1.79037480677795e-08	1.79037480677795e-08	1.79037480677795e-08	1.79037480677795e-08	1.79037480677795e-08	1.19358320451863e-08	1.19358320451863e-08	1.19358320451863e-08	1.19358320451863e-08	1.19358320451863e-08	7.95722136345753e-09	5.30481424230504e-09	3.53654282820336e-09
2.50145249827557e-05	8.93279706122663e-05	0.000269232489040155	0.000684876486480792	0.00147042933703195	0.00266453656510378	0.00407519395679154	0.00526053327797924	0.00573165264335588	0.00527146120167036	0.00409316998460414	0.00268440548294468	0.00148844398070667	0.000699497083596289	0.000280407643659748	9.76485621051018e-05	3.12828089782878e-05	1.08971144688503e-05	4.49578900701589e-06	5.05273097640911e-06	8.91933267178965e-06	2.28483765754735e-05	6.11110656927807e-05	0.000145427921686176	0.000295439152833775	0.000507763047565237	0.000736908754387133	0.000902725959970542	0.00093336665175365	0.000814507770042673	0.000599906576077749	0.000372920969667525	0.000195656724254603	8.66398202707275e-05	3.23806154057761e-05	1.02140374373862e-05	2.71928410070225e-06	6.11021529110257e-07	3.05902320501826e-07	2.03934880334551e-07	1.359565868897e-07	9.06377245931337e-08	6.04251497287558e-08	4.02834331525039e-08	2.68556221016693e-08	2.68556221016692e-08	2.68556221016692e-08	2.68556221016692e-08	2.68556221016692e-08	2.68556221016692e-08	2.68556221016692e-08	2.68556221016692e-08	1.79037480677795e-08	1.79037480677795e-08	1.79037480677795e-08	1.79037480677795e-08	1.79037480677795e-08	1.19358320451863e-08	7.95722136345756e-09	5.30481424230504e-09
3.75552888606495e-05	0.000134111590845396	0.000404212687398137	0.00102824731116934	0.00220774605708465	0.00400087961490667	0.00611990781638938	0.00790251120180837	0.00861639513685076	0.00793741475802902	0.00618597669682211	0.00409133646711114	0.00231303060081594	0.0011365335070233	0.000504097410807072	0.000219022121913194	0.000107665624099648	6.83970027832581e-05	5.33561702478657e-05	5.02196125376745e-05	5.6752486725327e-05	9.71696392178581e-05	0.000222910602506879	0.000510778772795775	0.00102924255457702	0.00176590520546834	0.00256191518859569	0.00313815638806646	0.00324462252722441	0.00283142689157802	0.00208542100445775	0.00129636389091127	0.000680150307889053	0.000301181064218911	0.000112562885951299	3.55064756107663e-05	9.45289217826064e-06	2.12405928155267e-06	3.05902320501826e-07	2.03934880334551e-07	2.03934880334551e-07	1.359565868897e-07	9.06377245931337e-08	6.04251497287558e-08	4.02834331525039e-08	4.02834331525038e-08	4.02834331525038e-08	4.02834331525038e-08	4.02834331525038e-08	4.02834331525038e-08	4.02834331525038e-08	4.02834331525038e-08	2.68556221016692e-08	2.68556221016692e-08	2.68556221016692e-08	2.68556221016692e-08	2.68556221016692e-08	1.79037480677795e-08	1.19358320451863e-08	7.95722136345756e-09
3.41974055143686e-05	0.000122120441499855	0.000368107048791801	0.000936472211115999	0.00201145865795411	0.00364725632981227	0.00558574909694814	0.00723156134061289	0.00792964711070892	0.00739640641090086	0.00592440254395593	0.0041573750221519	0.00265587506060322	0.00164093651877092	0.00104968955413805	0.00072974416849225	0.000564399324061589	0.000483943516079653	0.000437680142101974	0.000393976790458888	0.000350114622747491	0.000365833643115771	0.000566557020772872	0.00112626044938212	0.00219156039007257	0.0037311979500575	0.00540404322267816	0.00661716226089719	0.00684111934258399	0.00596979366341184	0.00439690486804373	0.00273325563064709	0.00143402996007342	0.000635010621162825	0.000237327762663926	7.4861908039834e-05	1.9930492474585e-05	4.47836987117178e-06	3.05902320501826e-07	3.05902320501826e-07	3.05902320501826e-07	2.03934880334551e-07	1.359565868897e-07	9.06377245931337e-08	6.04251497287558e-08	6.04251497287557e-08	6.04251497287557e-08	6.04251497287557e-08	6.04251497287557e-08	6.04251497287557e-08	6.04251497287557e-08	6.04251497287557e-08	4.02834331525038e-08	4.02834331525038e-08	4.02834331525038e-08	4.02834331525038e-08	4.02834331525038e-08	2.68556221016692e-08	1.79037480677795e-08	1.19358320451863e-08
1.8886801452021e-05	6.7446633402106e-05	0.00020355470896654	0.000518352259525157	0.00111726600599893	0.00203693239393587	0.00315396026092701	0.00417541844435048	0.00479030538276961	0.00488634495744909	0.00461810321629228	0.00424583475789148	0.00391165338097085	0.00358938471894982	0.00322201764598046	0.0028490265432976	0.00257255298057219	0.00242616451021828	0.00231809228139209	0.00211524445809842	0.0017773537115593	0.0014298380955774	0.00132840284276736	0.00176885419109549	0.00295979630028274	0.00483966461032394	0.00693971737527917	0.00847629157526008	0.00875802040909702	0.00764277291082615	0.00563155883142898	0.00350387321466589	0.00184126537443546	0.000817581243664622	0.000306995580792428	9.76100881728019e-05	2.63365988435872e-05	6.05192629154669e-06	1.0494281733008e-07	2.85941341133383e-08	6.57576026423691e-09	3.05902320501826e-07	2.03934880334551e-07	1.359565868897e-07	9.06377245931337e-08	9.06377245931335e-08	9.06377245931335e-08	9.06377245931335e-08	9.06377245931335e-08	9.06377245931335e-08	9.06377245931335e-08	9.06377245931335e-08	6.04251497287556e-08	6.04251497287557e-08	6.04251497287557e-08	6.04251497287557e-08	6.04251497287557e-08	4.02834331525038e-08	2.68556221016692e-08	1.79037480677795e-08
6.32654900366364e-06	2.26098165995068e-05	6.93173494428561e-05	0.000178742101627808	0.000398463862957092	0.000765247241670978	0.0013001502580854	0.00201425972520617	0.00294296805521071	0.0041489032756853	0.00562486613480923	0.00716991903222689	0.00839710030062507	0.00897034127288794	0.00889226307781121	0.00853986809756126	0.00835178743429268	0.00843481260672467	0.008467220740671	0.00799080659567252	0.00682392469906899	0.00523567236497827	0.00378381150112052	0.00300701032224161	0.00319059358034299	0.00423686920720495	0.00566607032333368	0.00676826777253637	0.00694564016686204	0.00605949861582443	0.00448595586620681	0.00282085686347076	0.00151125621508733	0.000693477896425721	0.000274803852370809	9.51187306548987e-05	2.91480545992985e-05	8.01414133386396e-06	1.14838949945278e-06	3.1290567755979e-07	7.19585601996598e-08	3.05902320501826e-07	3.05902320501826e-07	2.03934880334551e-07	1.359565868897e-07	1.359565868897e-07	1.359565868897e-07	1.359565868897e-07	1.359565868897e-07	1.359565868897e-07	1.359565868897e-07	1.359565868897e-07	9.06377245931337e-08	9.06377245931335e-08	9.06377245931335e-08	9.06377245931335e-08	9.06377245931335e-08	6.04251497287556e-08	4.02834331525039e-08	2.68556221016693e-08
1.31928546404512e-06	4.87505433129738e-06	1.79199557957147e-05	5.26784347974449e-05	0.000147677248240309	0.000371867106200377	0.000868746810271479	0.00186541511841716	0.00362117505927811	0.00627865019799934	0.00964356111506472	0.0131138603821853	0.0159171345500626	0.0176051854432965	0.018410131773649	0.0190986038324412	0.0203409020575012	0.0220662622449729	0.0233599606219037	0.0230538452096171	0.0205880152922755	0.0164522324201197	0.0118767989578246	0.0080854228722114	0.00572071497198064	0.004718157370304	0.00456274050799216	0.00462493833811677	0.00443571860766571	0.00384057123239487	0.00296742047814182	0.00205383316989461	0.00128504880278928	0.000731804300543279	0.000379097370625716	0.000177020464266309	7.33984167063191e-05	2.66555306954133e-05	7.97021607390189e-06	2.20172819197788e-06	5.15430313247029e-07	9.66925741570488e-09	2.08575790719263e-09	3.05902320501826e-07	2.03934880334551e-07	2.03934880334551e-07	2.03934880334551e-07	2.03934880334551e-07	2.03934880334551e-07	2.03934880334551e-07	2.03934880334551e-07	2.03934880334551e-07	1.359565868897e-07	1.359565868897e-07	1.359565868897e-07	1.359565868897e-07	1.359565868897e-07	9.06377245931337e-08	6.04251497287558e-08	4.02834331525039e-08
4.75999943235335e-07	2.62933476759634e-06	1.42439023004028e-05	5.2523390640516e-05	0.000177609258822755	0.000517382120822523	0.00132424222547405	0.00296629576058451	0.00579519423785361	0.00990917342910328	0.0149181733396188	0.0200198796450565	0.024444763627661	0.0280183862126004	0.0313390589242357	0.0353768957362833	0.040692171081285	0.0467227365316195	0.051658834406934	0.053218682875398	0.0500342621567763	0.0426540138850695	0.0332817117513036	0.0244344692647585	0.0176641457524549	0.0131859100537468	0.0103865318249551	0.00851943717301502	0.00708819225620311	0.00588277637092179	0.00482208941912388	0.0038342279961934	0.00286964841400198	0.00195493104113144	0.00118060580969841	0.000620744817868772	0.000280828463719614	0.000108728964418173	3.57619892212435e-05	1.0137003811967e-05	2.450146419155e-06	1.28487083911505e-07	2.52752400182611e-08	3.05902320501826e-07	3.05902320501826e-07	3.05902320501826e-07	3.05902320501826e-07	3.05902320501826e-07	3.05902320501826e-07	3.05902320501826e-07	3.05902320501826e-07	3.05902320501826e-07	2.03934880334551e-07	2.03934880334551e-07	2.03934880334551e-07	2.03934880334551e-07	2.03934880334551e-07	1.359565868897e-07	9.06377245931337e-08	6.04251497287558e-08
1.80253464926964e-06	9.8142674938874e-06	4.06782773708096e-05	0.00013887639253792	0.0004177711390599	0.00110345227817297	0.00257072798682908	0.00528709989393765	0.00959576906432009	0.0154541264312634	0.0222975322701598	0.0293234860674932	0.0360580341029983	0.0427814634828414	0.0503990646439577	0.059853305034809	0.071423415667328	0.0840927460761771	0.0952998989506683	0.101620741958769	0.100496526565311	0.0919085510797986	0.0785052858432378	0.0639511319735965	0.050984864816621	0.0405910454452828	0.0324782435149142	0.0260031304999545	0.0207394781752349	0.016514761079858	0.0131517435382033	0.0103339139340134	0.00776266276216536	0.00536882816243032	0.00332432287074365	0.00181425473621568	0.00087177510064287	0.000377080256666481	0.000156135384838878	6.91430123342461e-05	3.55325263893566e-05	2.00657129910932e-05	1.32305353197303e-05	8.66806239146007e-06	5.49545472739517e-06	3.20440470093169e-06	1.6579893165022e-06	7.4381811977551e-07	2.82185793730597e-07	9.25377047754526e-08	2.56122122426018e-08	5.98301720727021e-09	3.05902320501826e-07	3.05902320501826e-07	3.05902320501826e-07	3.05902320501826e-07	3.05902320501826e-07	2.03934880334551e-07	1.359565868897e-07	9.06377245931337e-08
6.20453451545676e-06	3.00942869683801e-05	0.000110354062609298	0.000350771923125964	0.000969313089896895	0.00234903988239387	0.00502397719679405	0.00954793643907089	0.0162043036583646	0.0247640094492787	0.0344861578113863	0.0445638846996153	0.0547475430602548	0.0656551668956898	0.0784865196250706	0.0943032528195874	0.113356556352582	0.134496894080948	0.15482774777509	0.170137355150941	0.17650961643727	0.172295474760421	0.158920406289678	0.139841154497336	0.118747288170399	0.0982758555135909	0.0797481530232866	0.0635975769285434	0.049933251873184	0.038784829601108	0.0299737183541145	0.0229589870920395	0.0170811340805502	0.0119638335294037	0.00769697308015335	0.00450549427503522	0.00243671726775997	0.00127776933218734	0.000700539049795596	0.000422554234572912	0.000277186892448389	0.000191139650518618	0.0001406977543209	0.000109003455303191	8.89444790317177e-05	7.54926142650929e-05	6.50163429106379e-05	5.44107102975706e-05	4.21332989905126e-05	2.91330384090392e-05	1.75509670763668e-05	9.09873922749582e-06	4.01863332588789e-06	1.51964539442127e-06	4.87892013972844e-07	1.32884145140072e-07	2.779638265688e-08	3.05902320501826e-07	2.03934880334551e-07	1.359565868897e-07
1.29768949276888e-05	5.8508583923613e-05	0.000205717466645403	0.000629100717926914	0.00166223778567636	0.00382880156623243	0.00776615832783973	0.0140371315564658	0.0228565631412138	0.0339360196383396	0.0465916437317483	0.0601643002196647	0.0745709240971718	0.0906310343248295	0.109898788001205	0.133863708187131	0.163079115737244	0.196428129608234	0.230739139086847	0.260988156858025	0.281515603853456	0.28798088271985	0.279059733080367	0.256809236361486	0.22574022506996	0.191104099488317	0.157218538787726	0.126641310318978	0.100440396126287	0.0788426877773984	0.0615710873832873	0.0477812941444358	0.0363599624034868	0.0265230211990812	0.0182480088435269	0.0118563482106506	0.0074703853200451	0.00476298596903775	0.00317661003691701	0.00221211318592347	0.00158592731455926	0.00117498315947861	0.00091907478223588	0.000761981917892401	0.00066412095155713	0.000597935681858851	0.000538479697490978	0.000463343269875514	0.000364057818304376	0.000253207206173386	0.00015280404037089	7.91979429457955e-05	3.49663662446528e-05	1.32009215495123e-05	4.23221495376825e-06	1.15129175510275e-06	2.39351769277646e-07	3.05902320501826e-07	3.05902320501826e-07	2.03934880334551e-07
1.66243511715918e-05	7.17728502124194e-05	0.000247770956975117	0.000742178083069685	0.0019126323576846	0.00428013184006085	0.00842162831657687	0.0148135598299369	0.0237005352958307	0.0350900417075787	0.048898114628187	0.0651238929450108	0.0840545149528558	0.106543007199193	0.13408413735715	0.168251945167046	0.209840533024361	0.257943470383938	0.309298618492552	0.358061817515528	0.396671637822705	0.417983678930812	0.417902315048009	0.396973115087336	0.360143517092383	0.314758475882058	0.267827156977322	0.224102590107433	0.185794661671845	0.153291391616599	0.125951647168627	0.10247104376054	0.0815104576376892	0.0625012165237401	0.0459728950314954	0.0327620614687181	0.0231249484815988	0.0164649295265633	0.0118562911182846	0.0085698420916937	0.00625859336499129	0.00475041247353234	0.00385887002122119	0.00336656028834253	0.00310201280693566	0.00294050342801429	0.00275431934106064	0.00243166419328399	0.00194220701197955	0.00136732915909836	0.000835663596071682	0.00044038817291489	0.000199247313601084	7.78216246479318e-05	2.61920911040864e-05	7.62334866273924e-06	1.78226187343217e-06	1.52096000176685e-07	3.66857794921356e-08	3.05902320501826e-07
1.38662844005475e-05	5.92720354917337e-05	0.000203996171703405	0.000609085126846998	0.00156170662236784	0.00347735559666836	0.00681372121856629	0.0120067453858724	0.0194757240459054	0.029733371575412	0.0435232960364562	0.0617449080133264	0.0851744208322167	0.11447369978079	0.150351117864298	0.19356577580138	0.244637338198616	0.30305346717463	0.366202575430421	0.428473907897935	0.48176476710086	0.517833834671571	0.531386230262478	0.521907034999608	0.493418791870448	0.452614740329778	0.406483914133603	0.360480281366453	0.317629690358022	0.278508737183794	0.242026020754537	0.206624269526922	0.171643334703241	0.138086849382569	0.108023203605854	0.0830308616143337	0.0632289091287968	0.0475816079776826	0.0350320274933765	0.0251540007114211	0.0179792727322849	0.0133823567551517	0.010834893152677	0.00963287688581112	0.00918675098319363	0.00903607199574074	0.00871773827793921	0.00785636799843282	0.00637225846874848	0.00455252269389659	0.00283323920891715	0.00153064239914623	0.000717125053741026	0.000293287198209394	0.000104764204069557	3.27947102551845e-05	8.53076681716287e-06	1.30668902264428e-06	3.15264205869033e-07	3.05902320501826e-07
1.02613126872532e-05	4.66670645665493e-05	0.00016500969481455	0.000505316091238835	0.00133359452442421	0.0030576198199888	0.00616391218639597	0.0111642369202308	0.0185889893406764	0.0291249772481478	0.0438085717869158	0.0639468647169056	0.0906010536342584	0.124302537419457	0.165088527948588	0.212864704474647	0.267576787951784	0.328693050075999	0.394187075319571	0.459599729004364	0.51845434501536	0.564315826407881	0.593198829584012	0.604491141633355	0.600088528221062	0.582977948111067	0.556455259496071	0.523800587769914	0.487474824446937	0.448165116927227	0.405112256539136	0.357903951448809	0.308132585024647	0.259278364266554	0.214657503357513	0.175503211666184	0.140950037818269	0.109658620299001	0.0814865313483426	0.0576973791519498	0.0397752927232921	0.0280744754371084	0.0215744204669913	0.0186328483951473	0.0177451662093467	0.0176975641443421	0.0173821818311129	0.0159644490017947	0.0132426054206762	0.0097465071793055	0.00631714006993328	0.00360274966789082	0.00180890876520985	0.000802856226673766	0.000314196614605668	0.000108126931379229	3.15926264329236e-05	6.85925090850413e-06	1.65562350013844e-06	3.05902320501826e-07
1.08785568007237e-05	5.37102854431959e-05	0.000197048826070813	0.000621487746117578	0.00169013754548896	0.00397463172779132	0.00817581777893311	0.014937209560428	0.0246766465543508	0.0376492022161476	0.0542767801481123	0.0753828010248556	0.101977942935936	0.135004100920272	0.17515072619657	0.222849518001007	0.277995720791606	0.339346397845211	0.404191673876695	0.468597830727277	0.52846548674226	0.580853615150491	0.624681184580729	0.660071877142874	0.686662175417831	0.702623877216933	0.705536685974411	0.694153173727028	0.668849853532291	0.630659988072309	0.5810186378686	0.522927136189251	0.461451599068401	0.401928513570454	0.347061271702524	0.295910942043241	0.245849281133294	0.195568471699296	0.146790203680952	0.103540146901379	0.0696966678894862	0.0467372890298209	0.0333484440834156	0.0267613555137958	0.0242195077840715	0.0235635352922069	0.02309207804547	0.0215903236599292	0.0185965384932534	0.0145000736471717	0.0101439862338512	0.00633778318913197	0.00351642039387595	0.00172406288988127	0.000740068411051702	0.000275953265571364	8.75901299120506e-05	2.25357937613144e-05	5.44488109561264e-06	3.05902320501826e-07
1.20205439342908e-05	6.05882441805013e-05	0.000227284251721069	0.000730115805916077	0.00201172320942433	0.00479115657278177	0.00997750731337117	0.0183519908302765	0.0302151625840336	0.0452405964868629	0.0628352022993521	0.0828124333392296	0.105924486068346	0.134024280569383	0.169589981016724	0.214783798589639	0.270180596477673	0.333892796445245	0.402044477197182	0.470379595663745	0.536120992111941	0.598612303402901	0.658537623387463	0.716233215200498	0.769667209933076	0.813679638357561	0.8414439902797	0.847565271803164	0.830231428992305	0.791137792800142	0.734622213573628	0.667232713698453	0.596548798376708	0.528423982806342	0.464415506370502	0.402006154130204	0.337827289010079	0.271063607027784	0.204880942997803	0.145153883199742	0.0974473543705071	0.0642049356416592	0.044005611324612	0.0331703692062553	0.0278798606232208	0.0253839994842505	0.0239669706786484	0.0225186073054382	0.0203350222847734	0.0171724723360785	0.0132408578855859	0.00914323267102305	0.00556215475557391	0.00294627695459216	0.00134484704249979	0.000525513864267119	0.00017425300283148	4.81880961808382e-05	1.16673544811587e-05	3.05902320501826e-07
9.08989338966266e-06	4.58285611740419e-05	0.000177712557592394	0.000587621897657756	0.00165173636145983	0.00403311503058001	0.00864937540469136	0.0163813038662236	0.027660474240213	0.0420567515018366	0.0584451060029767	0.0758594353865352	0.0946836537290155	0.117318480330918	0.147509242099876	0.188735848234613	0.242435849900753	0.307140270564496	0.379187858390371	0.454470848809293	0.530254357754518	0.605632096177607	0.680786848170477	0.755582488954699	0.827590891969061	0.890864941083923	0.936869473797942	0.958019125288009	0.951045123239509	0.91749305829396	0.862087606349049	0.791318884609842	0.71238247653693	0.631420808542651	0.551540732674467	0.472524467180032	0.39306997746996	0.313438732707966	0.236900832288016	0.168969786142148	0.114917920021152	0.0770861252955892	0.0537815909373319	0.0406965042525779	0.0332915273575929	0.0285785714882393	0.0252773634300333	0.0229028065036533	0.0209040432010718	0.018521613255277	0.0152183062543421	0.0111782488088796	0.00716339475577104	0.00395014356628435	0.00185796888473022	0.000742372210680762	0.000251289683012537	7.15720805511807e-05	1.73925530449855e-05	3.05902320501826e-07
4.24225272855082e-06	2.13586247480545e-05	8.96813053961238e-05	0.00031524250344042	0.000926237852662159	0.00238937222674589	0.00544879158198153	0.0109771095514626	0.0196633861424069	0.0314796288202039	0.0456007107809284	0.0609871872028506	0.0776153662020781	0.0973067308067018	0.12325355460729	0.158757489388628	0.205873961810689	0.264684888317532	0.333331269668926	0.408684748904879	0.487615965397045	0.568119139034122	0.649879268628533	0.733476361529097	0.817758026782324	0.897349076672492	0.963001498352729	1.00564188880343	1.02034615157237	1.00662705390049	0.966277479037575	0.902401327582052	0.820201433399186	0.726869212736107	0.629389558344266	0.532256214345756	0.437601536288693	0.346909609468618	0.262874176219	0.189730236595407	0.13173005899976	0.0908457918837087	0.065289118431224	0.0504351463472634	0.0411742119896526	0.0341894022086646	0.0284496701622087	0.0240875701333167	0.020989747581598	0.0183354540632748	0.0151922204900616	0.0113526798845231	0.00740718767706643	0.00414773388563687	0.00197531432367186	0.00079745192880453	0.000272709247346134	7.86655095355771e-05	1.9202920842173e-05	3.05902320501826e-07
1.20473110826834e-06	6.06230735907721e-06	3.12281686116387e-05	0.000125453070273305	0.000401506831274934	0.00114795165487959	0.00289537385702485	0.0064127074869404	0.0125751563412136	0.0219310395322871	0.0344822461784439	0.0497109745257247	0.0672116119563537	0.0872336293651171	0.110794051614507	0.13968025710613	0.176128517382562	0.22206228547787	0.277852618125563	0.341672704800261	0.410477580304364	0.482212844893261	0.557495824867953	0.638787170123495	0.726796481127031	0.817100669468163	0.900392562209931	0.966710071997295	1.00930022316619	1.02483524104523	1.01173347123037	0.969958784625384	0.902626093221382	0.816233397166491	0.718441372341615	0.615423574695551	0.511370735892515	0.409623869300086	0.314155515901676	0.230016734953892	0.162054288253083	0.112767672628552	0.0806217284270531	0.0607738468283766	0.0475903045739265	0.037332522147558	0.028850359156409	0.0224073978127992	0.0180466530250211	0.0149772296747001	0.012129935476098	0.00901426849352981	0.0058933073214928	0.0033136349092173	0.00158588800251574	0.000643502968185165	0.000221233617884898	6.41906447395848e-05	1.57282613246786e-05	3.05902320501826e-07
2.07504212075815e-07	1.04502147698926e-06	8.71082106345865e-06	4.60400834531971e-05	0.000165620949377792	0.000546489141324389	0.0015480202100158	0.00380478562761211	0.00824867064820655	0.0158763329787021	0.02748743427096	0.0432263797042883	0.06245151468406	0.0838228358798491	0.105951335589016	0.128678243473882	0.153806338552401	0.184366617934504	0.222437613592575	0.267635954288218	0.317901708211413	0.372134293207141	0.43194978573333	0.50060264796579	0.579527221547186	0.665560784463128	0.751384874035762	0.828880473271185	0.891911647564598	0.936571281407697	0.960094984267048	0.960276522618419	0.935927938173522	0.887022402262449	0.814685516316637	0.721674357058368	0.613325063341095	0.497668849787538	0.38434114535238	0.282891542005519	0.200540537520919	0.140216960572898	0.0996696238636098	0.0730760363880427	0.0542300262715201	0.0393427039298127	0.0273695724513929	0.0185857624232066	0.0129351646768379	0.00953531666534475	0.00720053484170055	0.00518386937717895	0.00334917851567081	0.00187538524515401	0.000898106004478275	0.000365127272486105	0.000125845770133282	3.66092381203627e-05	8.98895171448928e-06	3.05902320501826e-07
2.16773861407165e-08	1.09384042342016e-07	2.17725588460392e-06	1.79715590770522e-05	7.19092697327511e-05	0.000271777954424674	0.00084453280830962	0.00226019961190317	0.00532518447814302	0.0111223590790097	0.0207855227726455	0.0349055506953532	0.0529667225566065	0.0731069794369703	0.0928161795185087	0.11062576617904	0.127347524447839	0.145712905272064	0.168308355662212	0.195983940288576	0.228233269871347	0.265149089956156	0.308430491296156	0.360377133048931	0.421735456182	0.490623339157909	0.563254705439036	0.635890192151284	0.705888264691495	0.771382982840917	0.830034976461345	0.877477364584182	0.906419217752476	0.907351125443987	0.87188049326611	0.797557339860178	0.690825799802496	0.565765283794426	0.439349328035271	0.326462000661326	0.236277889918083	0.170836155213799	0.125914565567871	0.0942366899666816	0.0694200617961635	0.0484708171785094	0.0312580718425004	0.0185856822493032	0.0104924162072551	0.00596852976413319	0.00358113870140368	0.0022239562735163	0.00133085481309612	0.000717447009184688	0.000338392678630775	0.000136777674804895	4.71077706647726e-05	1.37027617349128e-05	3.35804026637677e-06	3.05902320501826e-07
3.05902320501826e-07	3.05902320501826e-07	4.19850041254205e-07	6.44245387583989e-06	3.07596221703146e-05	0.0001298255460272	0.000434806517484097	0.00125087818758122	0.00314938363197643	0.00700068457061109	0.013803650921154	0.0242397085389794	0.0381039276507942	0.0540200172428307	0.0698523890189964	0.0839609635859409	0.0962204221977768	0.108128643011664	0.121692228379676	0.138431080383725	0.159276701131584	0.185178488826325	0.21713360751822	0.25563522419074	0.300221461684235	0.350058751285634	0.404664910498352	0.464375312141012	0.529638443902325	0.600023142659331	0.673198860843177	0.743770542775653	0.80219374547263	0.835365146969266	0.830515408104572	0.781576780103822	0.693429285251514	0.580932254908791	0.463093438456419	0.356516775784961	0.270883513345692	0.207572327466257	0.161537158450866	0.125449334768424	0.0939540354122177	0.0656570870299767	0.0418215459960231	0.0240312448409321	0.0124956169557641	0.0060030181352061	0.00276013321855596	0.00125885474938104	0.000574443986413687	0.000253376092498519	0.000104198214026033	3.89752338859462e-05	1.28204223479985e-05	3.61666628026611e-06	8.22335691723798e-07	3.05902320501826e-07
2.03934880334551e-07	3.05902320501826e-07	6.0338676079031e-08	1.78469595013491e-06	1.47672540196078e-05	6.77353398475887e-05	0.000242543030883334	0.000747318666754403	0.00198182364555736	0.00459874776628624	0.00933755429408127	0.0167370572939366	0.0267069791235998	0.0383908146023661	0.0503955714342528	0.0615062493849268	0.071207520220917	0.0799851246148852	0.0890981670113158	0.100259275765616	0.115226740955369	0.135286047973251	0.160651901556596	0.190439161916203	0.223427916300352	0.259372299058774	0.299414130473913	0.345513504687795	0.398839913136656	0.458639977661891	0.522090413431646	0.584704334676045	0.64008315591036	0.679456342545292	0.692832252656267	0.673089867767584	0.620175400789104	0.542465203952266	0.453747686441572	0.36807909857289	0.295004181700256	0.237038628363618	0.19078913343536	0.150836895985172	0.113855926046938	0.0801279517824727	0.0518589610683715	0.0308038550115548	0.0169351655329813	0.00875133411683465	0.00430369905815337	0.00200899427099915	0.000876359571291522	0.000348356558095885	0.000122905207825032	3.91563488544962e-05	1.06992791866992e-05	2.59812111453556e-06	3.69605742757859e-07	3.05902320501826e-07
2.03934880334551e-07	3.05902320501826e-07	5.65951776096964e-09	3.34394513222769e-07	8.91282099652383e-06	4.4128902135153e-05	0.00016454493384527	0.000532393514378684	0.00145718014343741	0.00346523809949373	0.00713495890631817	0.012879911352177	0.0205896750741672	0.0295703563659202	0.0387339594339326	0.0470944931648027	0.05407197113701	0.0597825606252155	0.0651329314853366	0.0717630500767039	0.0815581560364347	0.0957864445099208	0.114458680100296	0.136550986750566	0.160996454043276	0.187709573262035	0.217734449140782	0.252578641429408	0.292902329854519	0.337603028334501	0.383993031475616	0.4290127619957	0.46984394862575	0.50306152264926	0.523416832283068	0.524845251670515	0.503438845817648	0.460572428448671	0.403313063181418	0.341750583885591	0.284582874312458	0.235533158497027	0.193280708146399	0.154607793912182	0.118054792081556	0.0849464938308644	0.0576059245437668	0.0372331553670011	0.0232628364712728	0.0140895353553712	0.00814655769888728	0.00437006962954843	0.00211587750413107	0.000904957028640706	0.000336946789278198	0.000109561421945807	2.97349722190718e-05	7.18101410156356e-06	1.08445721551555e-06	3.05902320501826e-07
1.359565868897e-07	2.03934880334551e-07	3.05902320501826e-07	3.84220839241762e-08	4.82871734194504e-06	2.66304058988379e-05	0.000101583176411897	0.000340799246195402	0.000958114600484736	0.00233805071722099	0.00492308757116543	0.00905727412193059	0.0146870110370381	0.0212691022350277	0.0278929081581008	0.03367777943009	0.0380679561507834	0.041069711139278	0.0433394768523581	0.0461362294393963	0.0509321124921558	0.0587582946610886	0.0698040906188957	0.0836088027945724	0.0997044340100579	0.118087050543636	0.139323839975209	0.164317259270996	0.193721143530876	0.227205097622935	0.26313579013379	0.299201302773154	0.333127594782909	0.362535935144842	0.383963838529258	0.392878132361816	0.385384356832618	0.360958396595671	0.323732351953221	0.281036012017434	0.239778149400426	0.20319245493788	0.17057456733331	0.139821797621272	0.110317322480261	0.0834797199024736	0.0611541408115341	0.043909211707857	0.0309545885023074	0.0210327773738796	0.013364312973154	0.00770611972023389	0.00394145859878005	0.00176164581118249	0.000682143020963255	0.000228051963447562	6.34786115862209e-05	1.56803811313358e-05	2.75068535106963e-06	6.47944813381263e-09
9.06377245931337e-08	1.359565868897e-07	2.03934880334551e-07	3.05902320501826e-07	1.75890998187312e-06	1.14839494043061e-05	4.49163337777394e-05	0.000156782961303084	0.000454860745126527	0.00114858114864124	0.00249942514722282	0.00474924351699887	0.00794937321910879	0.0118803189521159	0.0160853990079088	0.0200648705346555	0.023413762472602	0.0259206512312245	0.0276667370079793	0.0291418961338712	0.0311590212196497	0.0345070417611938	0.0396445666688475	0.0466631881496883	0.0555445654533733	0.0663275891952568	0.0793437490082923	0.0954043012755875	0.115764743200921	0.14153959563962	0.172725587890495	0.207652087634927	0.243034255474701	0.274579341657944	0.297592790300881	0.307844351184069	0.30283213987659	0.283287685405456	0.253585629335427	0.220206891227383	0.188760350256689	0.161671929326383	0.138259039779591	0.116742977957734	0.0963164507369122	0.0774924579829965	0.0611234988258971	0.0473216464664688	0.0355736932449773	0.0253518739115003	0.01666547025511	0.00986935487280898	0.00516780448850146	0.00236442397621367	0.000937116084124807	0.000319623329214254	9.10244029731132e-05	2.29307657362933e-05	4.4816234367925e-06	6.68970001242921e-08
9.06377245931335e-08	1.359565868897e-07	2.03934880334551e-07	3.05902320501826e-07	4.0215987695917e-07	3.34032804050551e-06	1.34348878297654e-05	4.88622642253128e-05	0.000146295862775553	0.000386724802195074	0.000879597866250642	0.00176038548543957	0.00314879940986196	0.00513583499037592	0.00777003139743355	0.0110334914775024	0.0147196230488	0.0183428785332006	0.0212823515388853	0.0231782266258174	0.0242498973134121	0.025223353307331	0.0269767377695392	0.0301685397772618	0.0351020485849765	0.041681090183547	0.0497717161742523	0.0597744816545934	0.0730997369039839	0.091921243782043	0.117846786055296	0.150430952692789	0.186370854267698	0.220212194862587	0.245925210088497	0.258584691358185	0.255705880752232	0.238261783610541	0.210715111145886	0.179486617697798	0.15025539363618	0.125960357451653	0.106721613419271	0.091203133550837	0.0780492008855162	0.0663242466254972	0.0554328089713682	0.0448991309946597	0.0345966787893258	0.0248534788024388	0.0163433581829742	0.00969397716065783	0.00511517013471643	0.00237992120834477	0.000966866679515627	0.000339730535044637	0.000100621271815032	2.63668245631754e-05	5.78025357672784e-06	4.18907825403657e-07
9.06377245931335e-08	1.359565868897e-07	2.03934880334551e-07	3.05902320501826e-07	5.57695409994525e-08	6.43645591339469e-07	2.66369861580759e-06	1.00629655631278e-05	3.09695948244726e-05	9.25834606246539e-05	0.000234205880554582	0.000538708686547503	0.00115473912503087	0.00232621632328382	0.00436092730697914	0.00748550057288685	0.0115698679710032	0.0159345726485771	0.0195231676011185	0.0214748624787803	0.0217188356302677	0.0211058922421644	0.0210258968860997	0.0227569898905526	0.0269332650785813	0.0332240884066931	0.0406681897825583	0.0485733899909099	0.0575607509719318	0.0698482779872943	0.0879613483326002	0.112848871060191	0.142552996844906	0.172595698447574	0.197456043626301	0.212131416603213	0.213380423073961	0.20085225874674	0.177571192833184	0.14903137749297	0.120919349715367	0.0971107973782046	0.0790720961990987	0.0664508278445867	0.0578992970026003	0.051528393984661	0.0454778986910758	0.038514394463865	0.0305142149401206	0.0222794533439595	0.0148689498325687	0.00903167218334448	0.00495584290264541	0.0024392993429053	0.0010639264068855	0.000405578946909475	0.000132058902408926	3.77117435000816e-05	9.36147459784513e-06	1.59101219491308e-06
9.06377245931335e-08	1.359565868897e-07	2.03934880334551e-07	3.05902320501826e-07	4.6907102384585e-09	8.15596859889574e-08	3.45850022333606e-07	1.34532922136153e-06	4.22552336738028e-06	2.48545789746002e-05	8.4851354456411e-05	0.000259009094056293	0.000710436074847135	0.001722837906111	0.00364592811693275	0.00669363296296678	0.0106392291463635	0.0146604073253922	0.0175964766491107	0.0185843867578109	0.0176615615394623	0.0158796566704673	0.0148922632732047	0.016264383831927	0.0208346624393212	0.0282448838760917	0.0370580432681083	0.0456137008991908	0.053331004496957	0.0614751492289514	0.0723098410901026	0.0874133675939721	0.10629508674116	0.126460520294966	0.144358652573402	0.156331340653092	0.159416371789617	0.152352309179765	0.1363576036023	0.114916426266765	0.0922984395805216	0.0720175064178096	0.0561089914019526	0.0451961762848555	0.0387303628701334	0.0351644458720566	0.0325218390619401	0.0292319179072431	0.024752403087596	0.0194926141530851	0.0141961073032752	0.00950793614925008	0.00577962263651253	0.00314118752214456	0.00150052558666388	0.000620808507108943	0.000218723719488023	6.61945202647065e-05	1.72490388797655e-05	3.66498117842502e-06
6.04251497287556e-08	9.06377245931337e-08	1.359565868897e-07	2.03934880334551e-07	3.05902320501826e-07	5.66035007573669e-09	2.51421741099807e-08	1.03139833977457e-07	3.35194976395429e-07	1.52355299055323e-05	6.21989557381413e-05	0.000212356936043643	0.000618454561615607	0.00153485263794741	0.00324530052046444	0.00585461747714437	0.00903165193872334	0.0119538822905604	0.0136408376696535	0.0135376843760802	0.0119208601634418	0.00985090645346011	0.00876873518159285	0.0100195155109159	0.0144547897017165	0.0220277506730629	0.0316131743947617	0.0413878083776004	0.0498728531550463	0.0569362545306962	0.063651422397743	0.0712478208075666	0.0799936607702651	0.0890653420278931	0.0970493172454551	0.102340284321764	0.10336419807423	0.0990784237405588	0.0896243813277319	0.0765317401949657	0.0620422170477709	0.0482505581268547	0.036638357851769	0.0280508470194453	0.0226943241262408	0.0200351682081346	0.0189787310027333	0.01833475789011	0.0172560545423767	0.0153760057930173	0.0126854833763393	0.00949591073655302	0.00631445795111657	0.00366942458999745	0.00183920806881815	0.000788097861547777	0.000286138335623429	8.82677567366289e-05	2.32023157990541e-05	5.12050970754916e-06
4.02834331525039e-08	6.04251497287558e-08	9.06377245931337e-08	1.359565868897e-07	2.03934880334551e-07	3.05902320501826e-07	3.05902320501826e-07	3.05902320501826e-07	3.05902320501826e-07	1.02524452446568e-05	4.2162192655851e-05	0.000144795464824061	0.000420632894361814	0.00103448989679368	0.00215583908790701	0.00381205176443448	0.00572923992497088	0.00733585550850208	0.00802991679636284	0.00756836385931168	0.00625490843356424	0.00483492186853855	0.00422640280471569	0.00531734869256152	0.00883097967664564	0.015053369871582	0.0234817278348292	0.0327561056231855	0.041246378356445	0.0479762797742017	0.052976450853461	0.0568254567465424	0.0598778740399154	0.0620850155538672	0.063285556078878	0.0633132813422518	0.0617950086855024	0.0581783846028855	0.052208035399482	0.044378366825404	0.0357546646132112	0.0274539790286478	0.0202755824295872	0.0147039628475243	0.0109900953133598	0.00908999004591606	0.00864039915322476	0.00903075905701206	0.00955865563598691	0.00958637484626118	0.0087243371093769	0.00701784849822128	0.00489988019559327	0.00293815661875873	0.00150212482955431	0.000651954960743216	0.000239224275523885	7.42710531902846e-05	1.95483672061567e-05	4.33908186468284e-06
2.68556221016693e-08	4.02834331525039e-08	6.04251497287558e-08	9.06377245931337e-08	1.359565868897e-07	2.03934880334551e-07	2.03934880334551e-07	2.03934880334551e-07	3.05902320501826e-07	4.57841165124573e-06	1.86526948533804e-05	6.38103812959473e-05	0.000184441179596655	0.000450624577034009	0.000931058462834205	0.00162797710322345	0.00241125963229114	0.00302923920060129	0.00323482010487304	0.00295646732150643	0.00235824795510537	0.00178554505776045	0.00166043661222516	0.0024397373730151	0.00459127785483163	0.00844414519521209	0.0139050174651924	0.0202944090592983	0.0266093174242204	0.0321065320449088	0.036611443945356	0.0402731432413656	0.043069709462407	0.0447511324688492	0.0451718435744977	0.04441278573585	0.0424819258769946	0.039114799210371	0.0340990694999682	0.0277816289490464	0.0210735239383011	0.0149703327977476	0.0100806684186706	0.00656578746761222	0.0043416940143097	0.00322755905907546	0.00299697387330849	0.00334433223754306	0.00389176542658056	0.00423184418296965	0.00407813185629258	0.00340431347347706	0.00243210115822607	0.00147867752942415	0.00076224025000529	0.000332501110264594	0.00012250940401271	3.813255557342e-05	1.00383961651632e-05	2.23010699072545e-06
1.79037480677795e-08	2.68556221016693e-08	4.02834331525039e-08	6.04251497287558e-08	9.06377245931337e-08	1.359565868897e-07	1.359565868897e-07	2.03934880334551e-07	3.05902320501826e-07	1.24733723031329e-06	5.05927212400735e-06	1.72771565474058e-05	4.98225201169894e-05	0.000121347121900183	0.000249685643028526	0.000434176531831621	0.000638874815831598	0.000796272536856057	0.000844524637997883	0.0007759322820148	0.00065067602567026	0.000582650778706273	0.000710231880901756	0.00119026143741477	0.00219701878627646	0.00388318613668249	0.00628869821952793	0.0092944838103469	0.0127222757293189	0.0165457891308238	0.0208928189276787	0.0257723135705901	0.0307372155594458	0.0349731086529448	0.0377628401267139	0.0387903359985768	0.0379780232800278	0.03522420215567	0.0305249095265345	0.024346193552023	0.0176832639024302	0.0116522795974601	0.0069847400950355	0.00385076784699516	0.00202423732040091	0.00113600669836085	0.000850277192443368	0.000901085329733134	0.00108546659574141	0.00122921209105358	0.00121795839711136	0.00103471512626409	0.000746966986856135	0.000456923800894959	0.000236383234538494	0.000103334048144657	3.81389064887143e-05	1.18846939513098e-05	3.12874367920557e-06	6.95179183667512e-07
1.19358320451864e-08	1.79037480677795e-08	2.68556221016693e-08	4.02834331525039e-08	6.04251497287556e-08	9.06377245931335e-08	1.359565868897e-07	2.03934880334551e-07	3.05902320501826e-07	2.06622830739884e-07	8.36379724854813e-07	2.85408096391491e-06	8.22207346990857e-06	1.99980601546155e-05	4.10713678432877e-05	7.12373410871654e-05	0.000106683073553166	0.000138918061774544	0.000169633366720944	0.00022377634435161	0.000355120599247178	0.000631948708892087	0.00109521246555283	0.00171541807456302	0.00239331672856834	0.00302586326315548	0.00361291696366349	0.00433097504190907	0.00552948292768001	0.00767296292460797	0.0111294698691957	0.0158929482829755	0.0213731827825268	0.0265614401375752	0.0305220568371381	0.0327699960121853	0.0332048393948434	0.0318071651841287	0.0285702097400678	0.0237355728386499	0.0179792534650786	0.0122655435505944	0.00746105749364486	0.00401640068190556	0.00191069247357851	0.000821953218490104	0.000361445739295264	0.000219469545737857	0.00020938210861747	0.000228199628218585	0.000225880189727485	0.000193457481254454	0.000140317538371724	8.60659460705613e-05	4.45951278270247e-05	1.95126680746791e-05	7.20708772576627e-06	2.24699583573255e-06	5.91540181602629e-07	1.31434998426418e-07
1.19358320451863e-08	1.79037480677795e-08	2.68556221016692e-08	4.02834331525038e-08	6.04251497287557e-08	9.06377245931335e-08	1.359565868897e-07	2.03934880334551e-07	3.05902320501826e-07	2.07594543375676e-08	8.38765002289585e-08	2.86028599410773e-07	8.23234209234304e-07	1.99977967410694e-06	4.10001723011753e-06	7.09469949296772e-06	1.63284091832606e-05	3.78294562999502e-05	0.000102099479721838	0.000277530922654811	0.000680323618366574	0.00143821122678815	0.00258477099879657	0.00393506821725592	0.00508371807108816	0.00560110209943207	0.00536118697989639	0.00471023151248658	0.00433717352551105	0.00495824694369607	0.00696975735458804	0.01024134376075	0.0141191473329621	0.0177210000428693	0.0204009115052031	0.0220148834992113	0.0227514913084633	0.0227067777847192	0.0216849819951275	0.019400494279686	0.0158757217046109	0.0116376241329328	0.00751878418149411	0.00422983221040923	0.00205503604446119	0.000859206470500461	0.000312672794192823	0.00010573078673255	4.35472644084079e-05	2.99860615940496e-05	2.55062086815979e-05	2.19869375256668e-05	1.60074329566993e-05	9.8396515341867e-06	5.10484472293406e-06	2.23527080415857e-06	8.26080833775283e-07	2.57667555683695e-07	6.7833108659299e-08	1.50719170179434e-08
7.95722136345753e-09	1.19358320451863e-08	1.79037480677795e-08	2.68556221016692e-08	4.02834331525038e-08	6.04251497287556e-08	9.06377245931337e-08	1.359565868897e-07	2.03934880334551e-07	3.05902320501826e-07	3.05902320501826e-07	3.05902320501826e-07	3.05902320501826e-07	3.05902320501826e-07	3.05902320501826e-07	3.05902320501826e-07	9.35105741041552e-06	3.92692813590215e-05	0.000139184212020821	0.000416381550728428	0.00105132256814888	0.00224045858196232	0.00403064259294207	0.00612175761886215	0.00786554958224112	0.00857230756574443	0.0080274064865836	0.00672780958504145	0.00563361448158693	0.00561303762920438	0.00695891659642298	0.00924271072190903	0.0115690884605537	0.0131058681976405	0.0135965353777985	0.013461102705501	0.0133812208063629	0.0136720340994611	0.0140018284465545	0.0136475262929698	0.0120895984624916	0.009445738624379	0.00639700765250948	0.00371733074921374	0.00184354938502936	0.000777207257260187	0.000277953872824744	8.38894903361522e-05	2.12943147557103e-05	4.62991702919222e-06	3.05902320501826e-07	3.05902320501826e-07	3.05902320501826e-07	3.05902320501826e-07	3.05902320501826e-07	3.05902320501826e-07	3.05902320501826e-07	3.05902320501826e-07	3.05902320501826e-07	3.05902320501826e-07
5.30481424230504e-09	7.95722136345756e-09	1.19358320451863e-08	1.79037480677795e-08	2.68556221016692e-08	4.02834331525039e-08	6.04251497287558e-08	9.06377245931337e-08	1.359565868897e-07	2.03934880334551e-07	2.03934880334551e-07	2.03934880334551e-07	2.03934880334551e-07	2.03934880334551e-07	2.03934880334551e-07	3.05902320501826e-07	8.88838826197059e-06	3.73263262290288e-05	0.000132297692344348	0.000395761990387465	0.000999219004314654	0.00212927659508399	0.00383199634035508	0.00582413701762622	0.00750372518719277	0.00824551812019462	0.00791215751663718	0.00706805279958267	0.00669095651087358	0.00753727024412574	0.00960802846027796	0.0120686089603155	0.0137318238421564	0.013815911511536	0.012482867405614	0.010724181993882	0.00966128784008622	0.00975380243186563	0.0105276525256511	0.0109591517879958	0.0102310176235265	0.00827597183114881	0.00571845736602839	0.00335472480872795	0.00166778934734901	0.000701279171235225	0.000249260895558452	7.47852921922979e-05	1.89292113532136e-05	4.05965312277223e-06	3.05902320501826e-07	2.03934880334551e-07	2.03934880334551e-07	2.03934880334551e-07	2.03934880334551e-07	2.03934880334551e-07	2.03934880334551e-07	2.03934880334551e-07	2.03934880334551e-07	2.03934880334551e-07
3.53654282820336e-09	5.30481424230504e-09	7.95722136345756e-09	1.19358320451863e-08	1.79037480677795e-08	2.68556221016693e-08	4.02834331525039e-08	6.04251497287558e-08	9.06377245931337e-08	1.359565868897e-07	1.359565868897e-07	1.359565868897e-07	1.359565868897e-07	1.359565868897e-07	2.03934880334551e-07	3.05902320501826e-07	5.1242288348978e-06	2.15189336386152e-05	7.62707062203703e-05	0.000228160037920124	0.000576057962746087	0.00122755581218532	0.00221371682742971	0.00337812526155658	0.0044071292468936	0.00501716339904189	0.00528566419332607	0.00575935192701009	0.00717538298729333	0.00988074691122177	0.0133653671541335	0.0163348540774933	0.0174447897841657	0.0162019325204006	0.0133470448456947	0.0103907185773421	0.00866759097124466	0.00856717656340336	0.00942350762373493	0.010045432840855	0.00952400881842307	0.00776015333423143	0.00536973720615818	0.00314348827216137	0.00155547623208886	0.000649904547607738	0.000229260112930888	6.82649906188456e-05	1.71522883286467e-05	3.641117128521e-06	3.05902320501826e-07	2.03934880334551e-07	1.359565868897e-07	1.359565868897e-07	1.359565868897e-07	1.359565868897e-07	1.359565868897e-07	1.359565868897e-07	1.359565868897e-07	1.359565868897e-07
2.35769521880224e-09	3.53654282820336e-09	5.30481424230504e-09	7.95722136345758e-09	1.19358320451864e-08	1.79037480677795e-08	2.68556221016693e-08	4.02834331525039e-08	6.04251497287556e-08	9.06377245931335e-08	9.06377245931335e-08	9.06377245931335e-08	9.06377245931335e-08	1.359565868897e-07	2.03934880334551e-07	3.05902320501826e-07	1.79174920223548e-06	7.52435799068214e-06	2.66689840417736e-05	7.97789441293664e-05	0.000201425702958928	0.000429331989621052	0.000781334977506841	0.00121380618616412	0.00166628410363808	0.00215721704902342	0.00294480858848247	0.00453959874046022	0.00743214165784715	0.0115771055400702	0.0160199952223087	0.0191411016996085	0.0195890088151932	0.0172217081056531	0.0132525552568947	0.00946501192348286	0.00716328653441005	0.00658911108470185	0.00703881779076049	0.00744495913956642	0.00703994054417775	0.00572398289480028	0.00395113908040657	0.00230832979637084	0.00113988860656136	0.000475519703330225	0.00016758987472944	4.99064350123148e-05	1.25129209663749e-05	2.66425239285832e-06	1.72893902825164e-08	3.05902320501826e-07	2.03934880334551e-07	1.359565868897e-07	9.06377245931335e-08	9.06377245931335e-08	9.06377245931335e-08	9.06377245931335e-08	9.06377245931335e-08	9.06377245931335e-08
1.57179681253483e-09	2.35769521880224e-09	3.53654282820338e-09	5.30481424230506e-09	7.95722136345758e-09	1.19358320451864e-08	1.79037480677795e-08	2.68556221016692e-08	4.02834331525038e-08	6.04251497287557e-08	6.04251497287557e-08	6.04251497287556e-08	9.06377245931335e-08	1.359565868897e-07	2.03934880334551e-07	3.05902320501826e-07	3.79987340906642e-07	1.59573716083797e-06	5.65585647705139e-06	1.69192143645075e-05	4.27175952762362e-05	9.16826919461507e-05	0.00017495101961222	0.000296979233848078	0.000498563289671317	0.000909090591992033	0.00182003577169375	0.00365437465478152	0.00672719718987669	0.0108317913633957	0.0149729498139794	0.0176597085341794	0.0177661694814688	0.0153186249848437	0.0115071626635507	0.00790179999765832	0.00555200461102115	0.00460126452015745	0.00450084173736679	0.00450839437543235	0.00412930598508573	0.00329646503694242	0.00225603861113446	0.001319517418053	0.000658335284796216	0.000280384005296749	0.000102039222857645	3.17752384374442e-05	8.20575240813586e-06	1.89365619011448e-06	1.5943698921813e-07	3.05902320501826e-07	2.03934880334551e-07	1.359565868897e-07	9.06377245931337e-08	6.04251497287558e-08	6.04251497287557e-08	6.04251497287557e-08	6.04251497287557e-08	6.04251497287557e-08
1.04786454168989e-09	1.57179681253484e-09	2.35769521880225e-09	3.53654282820338e-09	5.30481424230506e-09	7.95722136345758e-09	1.19358320451863e-08	1.79037480677795e-08	2.68556221016692e-08	4.02834331525038e-08	4.02834331525038e-08	6.04251497287557e-08	9.06377245931335e-08	1.359565868897e-07	2.03934880334551e-07	3.05902320501826e-07	4.88769663068715e-08	2.0525628895638e-07	7.27500831490225e-07	2.17628268473276e-06	5.49467374372385e-06	1.41625609710437e-05	3.66175993843019e-05	9.31144426259647e-05	0.000248365456376046	0.000642676410686278	0.00152026532822256	0.0031714987699605	0.00574467475136222	0.00898731275550367	0.0121306916683645	0.0141500800839677	0.0143288740692824	0.0127278259058427	0.0101694446340598	0.00773041210349851	0.00613521737975661	0.00545941922667751	0.00526998032233609	0.00502222410789878	0.00440766880621801	0.00345565183356674	0.00239398704350529	0.00146243528071879	0.000785301634844214	0.000369651809429455	0.000151695172043169	5.39662261392649e-05	1.55915850066526e-05	4.1860952532869e-06	8.91747080680283e-07	3.05902320501826e-07	2.03934880334551e-07	2.03934880334551e-07	1.359565868897e-07	9.06377245931337e-08	6.04251497287558e-08	4.02834331525039e-08	4.02834331525038e-08	4.02834331525038e-08
6.98576361126595e-10	1.04786454168989e-09	1.57179681253484e-09	2.35769521880225e-09	3.53654282820338e-09	5.30481424230504e-09	7.95722136345756e-09	1.19358320451863e-08	1.79037480677795e-08	2.68556221016692e-08	4.02834331525038e-08	6.04251497287557e-08	9.06377245931335e-08	1.359565868897e-07	2.03934880334551e-07	3.05902320501826e-07	3.81313833428355e-09	1.60130769749169e-08	5.67560042773877e-08	1.69782774145403e-07	4.2866717535268e-07	6.49695575954729e-06	2.75458922300253e-05	9.83815925260506e-05	0.000308134855616771	0.000822500117801939	0.00188197086218732	0.00369923882495292	0.00627722033601798	0.00926522538694444	0.0119980462555464	0.0137751057645383	0.014193665139155	0.0133450332386928	0.0117996502795234	0.0103474537905805	0.00958359539485229	0.00956213892128308	0.0097993006460472	0.00965052895013058	0.00874343275680716	0.00714827782695111	0.00522462383851384	0.00339188595868206	0.00194005088266146	0.000969614158816612	0.000419628246762263	0.000156119277653851	4.76086750878347e-05	1.30841924817939e-05	3.02508451758056e-06	3.05902320501826e-07	3.05902320501826e-07	3.05902320501826e-07	2.03934880334551e-07	1.359565868897e-07	9.06377245931337e-08	6.04251497287556e-08	4.02834331525038e-08	2.68556221016692e-08
4.65717574084397e-10	6.98576361126595e-10	1.04786454168989e-09	1.57179681253484e-09	2.35769521880224e-09	3.53654282820336e-09	5.30481424230504e-09	7.95722136345756e-09	1.19358320451863e-08	1.79037480677795e-08	2.68556221016692e-08	4.02834331525038e-08	6.04251497287556e-08	9.06377245931337e-08	1.359565868897e-07	2.03934880334551e-07	3.05902320501826e-07	3.05902320501826e-07	3.05902320501826e-07	3.05902320501826e-07	3.05902320501826e-07	7.70596491265784e-06	3.36195615558684e-05	0.000122612669736013	0.00038318990071554	0.0010076207883521	0.00225501856279617	0.00431591489288168	0.00711590815028055	0.0102177943417068	0.0129474508639062	0.0147110601658479	0.0152425750240086	0.01466820844223	0.013493180016182	0.0124532376755752	0.0121773171500181	0.0127767722551229	0.013725967608005	0.0141946170194887	0.0135555696517408	0.0117024070300738	0.009011890479292	0.00612614756591997	0.00363900220897078	0.00187277750834188	0.000828643636272431	0.000313537065992953	9.84453108569968e-05	2.72431783570795e-05	6.3802190944006e-06	4.66148910324026e-08	1.1747272152967e-08	2.49858528801996e-09	3.05902320501826e-07	2.03934880334551e-07	1.359565868897e-07	9.06377245931335e-08	6.04251497287557e-08	4.02834331525038e-08
3.10478382722931e-10	4.65717574084397e-10	6.98576361126595e-10	1.04786454168989e-09	1.57179681253483e-09	2.35769521880224e-09	3.53654282820336e-09	5.30481424230504e-09	7.95722136345756e-09	1.19358320451863e-08	1.79037480677795e-08	2.68556221016692e-08	4.02834331525039e-08	6.04251497287558e-08	9.06377245931337e-08	1.359565868897e-07	2.03934880334551e-07	2.03934880334551e-07	2.03934880334551e-07	2.03934880334551e-07	3.05902320501826e-07	6.45047075611615e-06	2.78432220869887e-05	0.000101267836839338	0.000315362108629042	0.000825716377089178	0.00183827032761397	0.00349642316587496	0.00572398148285666	0.00815769407223118	0.0102653855350864	0.0116042505556364	0.0120017795165865	0.0115731237349226	0.0107165397705761	0.0100249879513995	0.0100520661328366	0.010969516018142	0.0123932262735689	0.0135561773703521	0.0137046499090372	0.0124793896076541	0.0100688624563687	0.00711454121212087	0.00436202407317239	0.00230589317594378	0.00104635741991514	0.000406855874561835	0.00013355316547469	3.84877677601923e-05	9.55217651512298e-06	5.32997279309181e-07	1.34318968856618e-07	2.85689643618576e-08	3.05902320501826e-07	2.03934880334551e-07	1.359565868897e-07	9.06377245931335e-08	6.04251497287557e-08	4.02834331525038e-08
2.06985588481954e-10	3.10478382722931e-10	4.65717574084395e-10	6.98576361126592e-10	1.04786454168989e-09	1.57179681253483e-09	2.35769521880224e-09	3.53654282820336e-09	5.30481424230504e-09	7.95722136345756e-09	1.19358320451863e-08	1.79037480677795e-08	2.68556221016693e-08	4.02834331525039e-08	6.04251497287558e-08	9.06377245931337e-08	1.359565868897e-07	1.359565868897e-07	1.359565868897e-07	2.03934880334551e-07	3.05902320501826e-07	3.27490720776615e-06	1.41090365596417e-05	5.12900403276758e-05	0.000159576639585523	0.000417410470217221	0.000928063198276321	0.00176218056585275	0.00287849737193779	0.00409096835146623	0.00513106973749203	0.00577952748666923	0.00595852440714599	0.00573339807149399	0.00531712982848264	0.00503289959396652	0.00520834547816022	0.0059924964583182	0.00721978713331351	0.00843426394857795	0.00907697395675346	0.00875943488128752	0.00746783472876823	0.00558042325229402	0.00364215424151717	0.00207672390563936	0.0010371821016654	0.000455569735603744	0.000175638363021428	6.03454920490442e-05	1.82581777839623e-05	3.69631109573102e-06	9.31495739706892e-07	1.98124425890403e-07	3.05902320501826e-07	2.03934880334551e-07	1.359565868897e-07	9.06377245931335e-08	6.04251497287557e-08	4.02834331525038e-08
1.37990392321303e-10	2.06985588481954e-10	3.1047838272293e-10	4.65717574084395e-10	6.98576361126592e-10	1.04786454168989e-09	1.57179681253483e-09	2.35769521880224e-09	3.53654282820336e-09	5.30481424230504e-09	7.95722136345758e-09	1.19358320451864e-08	1.79037480677795e-08	2.68556221016693e-08	4.02834331525039e-08	6.04251497287556e-08	9.06377245931335e-08	9.06377245931335e-08	1.359565868897e-07	2.03934880334551e-07	3.05902320501826e-07	1.00843937010009e-06	4.3431092616278e-06	1.57927482285992e-05	4.91222259906064e-05	0.000128475802196524	0.000285595691254261	0.000542103337420884	0.000885027347338994	0.00125662990585426	0.00157379515317861	0.0017694941133688	0.00182195007883605	0.00175630358706938	0.0016520173713495	0.0016333719051011	0.00184085477032646	0.00236377298108943	0.00317375668152244	0.00410423215193484	0.00489735285626105	0.00530417076369117	0.0051840446834396	0.00455875114222003	0.00359209133483774	0.002519405131236	0.00155907857897708	0.000843217871778102	0.00039479018972375	0.000159126804710071	5.4768701085596e-05	1.5547309522293e-05	3.91802859901222e-06	8.33344838534352e-07	3.05902320501826e-07	2.03934880334551e-07	1.359565868897e-07	9.06377245931335e-08	6.04251497287557e-08	4.02834331525038e-08
9.19935948808684e-11	1.37990392321302e-10	2.06985588481954e-10	3.1047838272293e-10	4.65717574084395e-10	6.98576361126592e-10	1.04786454168989e-09	1.57179681253483e-09	2.35769521880224e-09	3.53654282820338e-09	5.30481424230506e-09	7.95722136345758e-09	1.19358320451864e-08	1.79037480677795e-08	2.68556221016692e-08	4.02834331525038e-08	6.04251497287556e-08	9.06377245931335e-08	1.359565868897e-07	2.03934880334551e-07	3.05902320501826e-07	1.88340531137965e-07	8.11138011246042e-07	3.01326753085845e-06	9.46313339883206e-06	2.51090341519056e-05	5.69666720714168e-05	0.000111210250391777	0.000188387413218142	0.000279850608075806	0.000368407940163337	0.000437171055264485	0.000474545574503382	0.000491823877879818	0.000538266996624635	0.000699623990606631	0.00108175707481445	0.0017587095793183	0.00272616305039081	0.00389339440650237	0.00511071509712937	0.00618427258085999	0.00686599079268492	0.00689738577536574	0.00615745466910336	0.00480430355553817	0.0032350669211655	0.00186399609849468	0.00091398232986319	0.000380173859016919	0.000133587946387205	3.96629651660413e-05	9.99533916909221e-06	2.12595801573863e-06	3.05902320501826e-07	2.03934880334551e-07	1.359565868897e-07	9.06377245931335e-08	6.04251497287557e-08	4.02834331525038e-08
9.19935948808675e-11	1.37990392321301e-10	2.06985588481952e-10	3.10478382722928e-10	4.65717574084392e-10	6.98576361126588e-10	1.04786454168988e-09	1.57179681253482e-09	2.35769521880223e-09	3.53654282820335e-09	5.30481424230502e-09	7.95722136345754e-09	1.19358320451863e-08	1.79037480677795e-08	2.68556221016692e-08	4.02834331525038e-08	6.04251497287557e-08	9.06377245931335e-08	1.359565868897e-07	2.03934880334551e-07	3.05902320501826e-07	2.13344275462658e-08	9.18823209555159e-08	7.55460473670634e-07	2.96981790648738e-06	1.01868135793849e-05	3.0431030032521e-05	7.86922873076588e-05	0.000175122682715888	0.000333720080635909	0.000542400296215449	0.000758678308215129	0.000916002906224435	0.000999554358733879	0.00110280644709859	0.00142852038484951	0.00221460604132162	0.00358266598896078	0.00542456630307844	0.00742915942105554	0.00923992476587964	0.0105779557684219	0.0112130073122988	0.0109132606898703	0.0095697259116319	0.00740539158838372	0.00497304701984781	0.00286525775260869	0.00140639663450483	0.000585694497804502	0.000205664237112416	6.13703100333518e-05	1.54657389110406e-05	3.28948433375011e-06	3.05902320501826e-07	2.03934880334551e-07	1.359565868897e-07	9.06377245931335e-08	6.04251497287556e-08	6.04251497287557e-08
6.13290632539117e-11	9.19935948808674e-11	1.37990392321301e-10	2.06985588481952e-10	3.10478382722928e-10	4.65717574084392e-10	6.98576361126587e-10	1.04786454168988e-09	1.57179681253482e-09	2.35769521880224e-09	3.53654282820335e-09	5.30481424230502e-09	7.95722136345753e-09	1.19358320451863e-08	1.79037480677795e-08	2.68556221016692e-08	4.02834331525038e-08	6.04251497287556e-08	9.06377245931337e-08	1.359565868897e-07	2.03934880334551e-07	3.05902320501826e-07	3.05902320501826e-07	1.70170005924191e-06	7.81383088781192e-06	3.02864655915256e-05	9.90918493805821e-05	0.000273673780526653	0.000638021829898696	0.0012555850880144	0.00208576897015584	0.00294071326699267	0.00352672775060044	0.0036809529842373	0.00356393405188973	0.00366581810887786	0.00456140680058791	0.00651916868558318	0.00923995281768426	0.0119508316231568	0.0138402825552052	0.0144878432327546	0.013924521643091	0.0123820887726624	0.0101167471324929	0.00745777741578462	0.00485850557606953	0.00274971423815195	0.0013360923047103	0.000553301649914488	0.000192901833536287	5.75936577145887e-05	1.45139966322738e-05	3.08705357154863e-06	3.05902320501826e-07	2.03934880334551e-07	1.359565868897e-07	9.06377245931335e-08	9.06377245931335e-08	9.06377245931335e-08
4.08860421692745e-11	6.13290632539117e-11	9.19935948808677e-11	1.37990392321302e-10	2.06985588481952e-10	3.10478382722928e-10	4.65717574084392e-10	6.9857636112659e-10	1.04786454168988e-09	1.57179681253482e-09	2.35769521880224e-09	3.53654282820335e-09	5.30481424230504e-09	7.95722136345756e-09	1.19358320451863e-08	1.79037480677795e-08	2.68556221016692e-08	4.02834331525039e-08	6.04251497287558e-08	9.06377245931337e-08	1.359565868897e-07	2.03934880334551e-07	3.05902320501826e-07	4.30903544726201e-06	1.98349917623429e-05	7.70736864519225e-05	0.000252815396987204	0.000700043950439584	0.00163633642516499	0.0032288396882396	0.00537833729433727	0.00758208797230128	0.00905629398133246	0.00926871415359925	0.00840786441712034	0.00740329693523377	0.00738633771652862	0.00894049433871361	0.0116618622724968	0.0143473906613188	0.0157302357976195	0.0152413800353743	0.0132077026827097	0.010418320959409	0.00757538308350668	0.00507185423342332	0.00308314874555284	0.0016681723768826	0.000788712244750463	0.000321457872666302	0.00010979097552469	3.27819066846678e-05	8.26126525213317e-06	1.75712927653566e-06	3.05902320501826e-07	2.03934880334551e-07	1.359565868897e-07	1.359565868897e-07	1.359565868897e-07	1.359565868897e-07
4.08860421692744e-11	6.13290632539117e-11	9.19935948808675e-11	1.37990392321301e-10	2.06985588481952e-10	3.10478382722928e-10	4.65717574084392e-10	6.98576361126588e-10	1.04786454168988e-09	1.57179681253482e-09	2.35769521880223e-09	3.53654282820335e-09	5.30481424230502e-09	7.95722136345754e-09	1.19358320451863e-08	1.79037480677795e-08	2.68556221016692e-08	4.02834331525038e-08	6.04251497287557e-08	9.06377245931335e-08	1.359565868897e-07	2.03934880334551e-07	3.05902320501826e-07	6.91584725582664e-06	3.19336463932727e-05	0.000124477109151716	0.00040960863750644	0.00113785804009816	0.00266837658321079	0.00528258971455225	0.00882853879267981	0.0124731056871052	0.0149066712061707	0.0151646702421708	0.013391239289299	0.0108846670579086	0.00928923851840402	0.00954460705371771	0.0113319431013334	0.013336547105341	0.0141251639323785	0.0130388334077648	0.0104695495138212	0.00739388443581103	0.00467705226151182	0.00269607004384239	0.00143013002234122	0.00069538099745872	0.00030523604537805	0.000118643968391781	3.79026345068197e-05	1.13171471659455e-05	2.85199868130398e-06	6.06605674387024e-07	3.05902320501826e-07	2.03934880334551e-07	2.03934880334551e-07	2.03934880334551e-07	2.03934880334551e-07	2.03934880334551e-07
4.08860421692744e-11	6.13290632539117e-11	9.19935948808675e-11	1.37990392321301e-10	2.06985588481952e-10	3.10478382722928e-10	4.65717574084392e-10	6.98576361126588e-10	1.04786454168988e-09	1.57179681253482e-09	2.35769521880223e-09	3.53654282820335e-09	5.30481424230502e-09	7.95722136345754e-09	1.19358320451863e-08	1.79037480677795e-08	2.68556221016692e-08	4.02834331525038e-08	6.04251497287557e-08	9.06377245931335e-08	1.359565868897e-07	2.03934880334551e-07	3.05902320501826e-07	7.0990867614417e-06	3.2896649716463e-05	0.000128690431888623	0.000424997479805154	0.0011848735913926	0.00278870944653404	0.0055408968479588	0.00929415682893478	0.0131725481079502	0.0157818871358021	0.0160497907105348	0.0140366475510877	0.0109988030613212	0.00857708547372081	0.00776944847886356	0.00842691645271336	0.00951228771779776	0.00985626739829978	0.00888983559537972	0.00687764932085421	0.00456420197784939	0.00262097584089665	0.00131899968582592	0.000592205034064764	0.000241508123904597	9.04363282776083e-05	3.10041842734917e-05	7.93625029616821e-06	2.36964300018126e-06	5.97166283391134e-07	1.27014243881784e-07	3.05902320501826e-07	3.05902320501826e-07	3.05902320501826e-07	3.05902320501826e-07	3.05902320501826e-07	3.05902320501826e-07
4.08860421692744e-11	6.13290632539117e-11	9.19935948808675e-11	1.37990392321301e-10	2.06985588481952e-10	3.10478382722928e-10	4.65717574084392e-10	6.98576361126588e-10	1.04786454168988e-09	1.57179681253482e-09	2.35769521880223e-09	3.53654282820335e-09	5.30481424230502e-09	7.95722136345754e-09	1.19358320451863e-08	1.79037480677795e-08	2.68556221016692e-08	4.02834331525038e-08	6.04251497287557e-08	9.06377245931335e-08	1.359565868897e-07	2.03934880334551e-07	3.05902320501826e-07	4.6820778114659e-06	2.17756467393383e-05	8.5495880597023e-05	0.000283374266683748	0.000792895735718641	0.0018728868156122	0.00373461680673366	0.00628759690991324	0.00894302670617494	0.0107537170240846	0.0109748914245785	0.00962140312734685	0.00751652926186045	0.00574452237162247	0.00496437992522961	0.0050949541071323	0.00551166085390538	0.00553482464482656	0.00485736980462304	0.00364980729749596	0.00233457368973465	0.00127350516398993	0.000594160018521637	0.00023892079312691	8.38269196392543e-05	2.61724530122106e-05	7.4449999658477e-06	1.71766885411314e-06	1.68124056330139e-06	2.3413176394545e-06	3.15439739807987e-06	3.66914067183001e-06	3.62062552053099e-06	3.01541884868389e-06	2.11961250607432e-06	1.25750607709252e-06	6.29663476658242e-07
4.08860421692744e-11	6.13290632539117e-11	9.19935948808675e-11	1.37990392321301e-10	2.06985588481952e-10	3.10478382722928e-10	4.65717574084392e-10	6.98576361126588e-10	1.04786454168988e-09	1.57179681253482e-09	2.35769521880223e-09	3.53654282820335e-09	5.30481424230502e-09	7.95722136345754e-09	1.19358320451863e-08	1.79037480677795e-08	2.68556221016692e-08	4.02834331525038e-08	6.04251497287557e-08	9.06377245931335e-08	1.359565868897e-07	2.03934880334551e-07	3.05902320501826e-07	1.98074062941661e-06	9.24288174687851e-06	3.64095634084224e-05	0.000121073966551858	0.000339869517328959	0.000805376043524043	0.00161105043674103	0.00272381694145345	0.00389372635500763	0.00472368063200757	0.00491601281181126	0.0045219635871361	0.00394915536723735	0.00367588858178264	0.00389593147626721	0.004382336097055	0.00467140654491166	0.00440955246351539	0.00358587272346768	0.00248864724425684	0.00146940496364325	0.000738477649104707	0.000315895774680729	0.000115295638873918	3.63527315762171e-05	1.10510639140668e-05	5.48212078734296e-06	9.05436527492812e-06	1.74797302888819e-05	2.86570738357552e-05	3.96904996638908e-05	4.64031460380712e-05	4.57895812140046e-05	3.81356109553692e-05	2.6806464363339e-05	1.59035162066933e-05	7.96327229602763e-06
4.08860421692744e-11	6.13290632539117e-11	9.19935948808675e-11	1.37990392321301e-10	2.06985588481952e-10	3.10478382722928e-10	4.65717574084392e-10	6.98576361126588e-10	1.04786454168988e-09	1.57179681253482e-09	2.35769521880223e-09	3.53654282820335e-09	5.30481424230502e-09	7.95722136345754e-09	1.19358320451863e-08	1.79037480677795e-08	2.68556221016692e-08	4.02834331525038e-08	6.04251497287557e-08	9.06377245931335e-08	1.359565868897e-07	2.03934880334551e-07	3.05902320501826e-07	5.33609658938622e-07	2.49686804289563e-06	9.86228692617785e-06	3.28827878152825e-05	9.25480779879489e-05	0.000219873445226969	0.00044094415909653	0.00075361938217657	0.00109723465777692	0.00139577899162012	0.00163898893466078	0.00196290927965307	0.00261487851031644	0.00376183668648266	0.00525503480749938	0.00657731666675744	0.0071063442503616	0.00653542180876254	0.00509136269471335	0.00335476566789031	0.00186878466980557	0.000880284161819362	0.000350835533308692	0.000119023373920559	3.70635024157738e-05	1.90733529392271e-05	3.01545657106165e-05	6.88564491810659e-05	0.000133901272434294	0.000219770591062452	0.000304438265922812	0.000355937457635199	0.000351231080541855	0.000292520951007988	0.000205620213031402	0.000121988649679622	6.10826449822906e-05
4.08860421692744e-11	6.13290632539117e-11	9.19935948808675e-11	1.37990392321301e-10	2.06985588481952e-10	3.10478382722928e-10	4.65717574084392e-10	6.98576361126588e-10	1.04786454168988e-09	1.57179681253482e-09	2.35769521880223e-09	3.53654282820335e-09	5.30481424230502e-09	7.95722136345754e-09	1.19358320451863e-08	1.79037480677795e-08	2.68556221016692e-08	4.02834331525038e-08	6.04251497287557e-08	9.06377245931335e-08	1.359565868897e-07	2.03934880334551e-07	3.05902320501826e-07	9.06153651174386e-08	4.24887700035549e-07	1.68166184275081e-06	5.61816297428761e-06	1.58430983166021e-05	3.77116039778872e-05	7.57701228471128e-05	0.000137797926331151	0.000223228591956609	0.000362214013304672	0.000647539253268767	0.00126334869291496	0.00243025540533558	0.00422505493720902	0.00636080461680021	0.00815601787547267	0.00885456109385427	0.00812266976075942	0.00629184898487632	0.00411444320567351	0.00227126203488589	0.00105842199173821	0.000417280472753443	0.000142389518174885	5.45167427986428e-05	6.01072437259975e-05	0.000139065763688833	0.000320342157547197	0.000622951415881489	0.00102244286691634	0.00141634388798047	0.00165593454915008	0.00163403898220982	0.00136090073897427	0.000956610796246315	0.000567530096300478	0.000284175941615314
