3.53654282820335e-09	5.30481424230502e-09	7.95722136345754e-09	1.19358320451863e-08	1.79037480677795e-08	2.68556221016692e-08	4.02834331525038e-08	6.04251497287557e-08	9.06377245931335e-08	1.359565868897e-07	2.03934880334551e-07	3.05902320501826e-07	1.41868736720601e-05	8.16470812263712e-05	0.000357656903597088	0.00119251691208547	0.00302645671859749	0.00584623641996473	0.00859587847240702	0.00962002378210161	0.00819471795351338	0.00531329417383666	0.00262219930905055	0.000985007464746175	0.000281634160524463	6.12919059152219e-05	1.01529654341011e-05	3.05902320501826e-07	2.03934880334551e-07	1.359565868897e-07	9.06377245931335e-08	6.04251497287557e-08	4.02834331525038e-08	2.68556221016692e-08	1.79037480677795e-08	1.19358320451863e-08	7.95722136345754e-09	5.30481424230502e-09	3.53654282820335e-09	2.35769521880223e-09	1.57179681253482e-09	1.04786454168988e-09	6.98576361126588e-10	4.65717574084392e-10	3.10478382722928e-10	2.06985588481952e-10	1.37990392321301e-10	9.19935948808675e-11	6.13290632539117e-11	4.08860421692744e-11	2.7257361446183e-11	1.81715742974553e-11	1.21143828649702e-11	8.07625524331347e-12	5.38417016220898e-12	3.58944677480598e-12	2.39296451653732e-12	1.59530967769155e-12	1.0635397851277e-12	7.09026523418466e-13
5.30481424230502e-09	5.30481424230502e-09	7.95722136345754e-09	1.19358320451863e-08	1.79037480677795e-08	2.68556221016692e-08	4.02834331525038e-08	6.04251497287557e-08	9.06377245931335e-08	1.359565868897e-07	2.03934880334551e-07	3.05902320501826e-07	6.78414591255556e-06	3.9043535959924e-05	0.000171031100771275	0.00057026015186919	0.00144724795974151	0.00279566321863059	0.00411053873823184	0.00460028379251473	0.00391870426099315	0.00254081087806042	0.00125393255312029	0.000471029383940663	0.000134677116546186	2.9309715628638e-05	4.85513584897335e-06	3.05902320501826e-07	2.03934880334551e-07	1.359565868897e-07	9.06377245931335e-08	6.04251497287557e-08	4.02834331525038e-08	2.68556221016692e-08	1.79037480677795e-08	1.19358320451863e-08	7.95722136345754e-09	5.30481424230502e-09	3.53654282820335e-09	2.35769521880223e-09	1.57179681253482e-09	1.04786454168988e-09	6.98576361126588e-10	4.65717574084392e-10	3.10478382722928e-10	2.06985588481952e-10	1.37990392321302e-10	9.19935948808677e-11	6.13290632539119e-11	4.08860421692746e-11	2.72573614461832e-11	1.81715742974555e-11	1.21143828649703e-11	8.07625524331355e-12	5.38417016220904e-12	3.58944677480604e-12	2.39296451653736e-12	1.59530967769158e-12	1.06353978512772e-12	7.09026523418479e-13
7.95722136345754e-09	7.95722136345754e-09	7.95722136345753e-09	1.19358320451863e-08	1.79037480677795e-08	2.68556221016692e-08	4.02834331525038e-08	6.04251497287557e-08	9.06377245931335e-08	1.359565868897e-07	2.03934880334551e-07	3.05902320501826e-07	2.02009424701428e-06	1.16258735281281e-05	5.0927404448827e-05	0.000169804610180988	0.00043094257039287	0.000832456031656564	0.00122398246798668	0.00136981234538209	0.00116686050615923	0.000756569434631707	0.000373379636781431	0.000140256969843796	4.01023904624331e-05	8.72746380844464e-06	1.44569885780792e-06	3.05902320501826e-07	2.03934880334551e-07	1.359565868897e-07	9.06377245931335e-08	6.04251497287557e-08	4.02834331525038e-08	2.68556221016692e-08	1.79037480677795e-08	1.19358320451863e-08	7.95722136345754e-09	5.30481424230502e-09	3.53654282820335e-09	2.35769521880223e-09	1.57179681253482e-09	1.04786454168988e-09	6.98576361126588e-10	4.65717574084392e-10	4.65717574084392e-10	3.10478382722928e-10	2.06985588481952e-10	1.37990392321302e-10	9.19935948808677e-11	6.13290632539121e-11	4.08860421692747e-11	2.72573614461832e-11	1.81715742974555e-11	1.21143828649703e-11	8.07625524331358e-12	5.38417016220906e-12	3.58944677480604e-12	2.39296451653736e-12	1.59530967769158e-12	1.06353978512772e-12
1.19358320451863e-08	1.19358320451863e-08	1.19358320451863e-08	1.19358320451863e-08	1.79037480677795e-08	2.68556221016692e-08	4.02834331525038e-08	6.04251497287557e-08	9.06377245931335e-08	1.359565868897e-07	2.03934880334551e-07	3.05902320501826e-07	3.7455539483058e-07	2.15560915339194e-06	9.44269511643837e-06	3.14842898564737e-05	7.99031356291294e-05	0.000154349678524686	0.000226944479070741	0.000253983498357423	0.000216353221263141	0.000140279179411585	6.92301151211479e-05	2.60057196812621e-05	7.43557718433544e-06	1.61820106040749e-06	2.68053981784611e-07	3.05902320501826e-07	2.03934880334551e-07	1.359565868897e-07	9.06377245931335e-08	6.04251497287557e-08	4.02834331525038e-08	2.68556221016692e-08	1.79037480677795e-08	1.19358320451863e-08	7.95722136345754e-09	5.30481424230502e-09	3.53654282820335e-09	2.35769521880223e-09	1.57179681253482e-09	1.04786454168988e-09	6.98576361126587e-10	6.98576361126588e-10	6.98576361126588e-10	4.65717574084392e-10	3.10478382722928e-10	2.06985588481952e-10	1.37990392321302e-10	9.19935948808681e-11	6.13290632539121e-11	4.08860421692747e-11	2.72573614461832e-11	1.81715742974555e-11	1.21143828649704e-11	8.07625524331358e-12	5.38417016220906e-12	3.58944677480604e-12	2.39296451653737e-12	1.59530967769158e-12
1.79037480677795e-08	1.79037480677795e-08	1.79037480677795e-08	1.79037480677795e-08	1.79037480677795e-08	2.68556221016692e-08	4.02834331525038e-08	6.04251497287557e-08	9.06377245931335e-08	1.359565868897e-07	2.03934880334551e-07	3.05902320501826e-07	4.32442585039085e-08	2.48875655641903e-07	1.09020549223048e-06	3.63501577645459e-06	9.22520914157937e-06	1.78204278732545e-05	2.62018538630558e-05	2.93236413365864e-05	2.49790411714362e-05	1.61959196981655e-05	7.9929565449416e-06	3.00248796305647e-06	8.58473876822971e-07	1.86829253919071e-07	3.09481477006598e-08	3.05902320501826e-07	2.03934880334551e-07	1.359565868897e-07	9.06377245931335e-08	6.04251497287557e-08	4.02834331525038e-08	2.68556221016692e-08	1.79037480677795e-08	1.19358320451863e-08	7.95722136345754e-09	5.30481424230502e-09	3.53654282820335e-09	2.35769521880223e-09	1.57179681253482e-09	1.04786454168988e-09	1.04786454168988e-09	1.04786454168988e-09	1.04786454168988e-09	6.98576361126587e-10	4.65717574084392e-10	3.10478382722929e-10	2.06985588481953e-10	1.37990392321302e-10	9.19935948808681e-11	6.13290632539121e-11	4.08860421692749e-11	2.72573614461833e-11	1.81715742974555e-11	1.21143828649704e-11	8.07625524331358e-12	5.38417016220908e-12	3.58944677480605e-12	2.39296451653737e-12
2.68556221016692e-08	2.68556221016692e-08	2.68556221016692e-08	2.68556221016692e-08	2.68556221016692e-08	2.68556221016692e-08	2.68556221016692e-08	4.02834331525038e-08	6.04251497287556e-08	9.06377245931337e-08	1.359565868897e-07	2.03934880334551e-07	3.05902320501826e-07	3.05902320501826e-07	3.05902320501826e-07	3.05902320501826e-07	3.05902320501826e-07	3.05902320501826e-07	3.05902320501826e-07	3.05902320501826e-07	3.05902320501826e-07	3.05902320501826e-07	3.05902320501826e-07	3.05902320501826e-07	3.05902320501826e-07	3.05902320501826e-07	3.05902320501826e-07	2.03934880334551e-07	1.359565868897e-07	9.06377245931337e-08	6.04251497287556e-08	4.02834331525038e-08	2.68556221016692e-08	1.79037480677795e-08	1.79037480677795e-08	1.19358320451863e-08	7.95722136345756e-09	5.30481424230504e-09	3.53654282820336e-09	2.35769521880224e-09	1.57179681253484e-09	1.57179681253482e-09	1.57179681253482e-09	1.57179681253482e-09	1.57179681253482e-09	1.04786454168988e-09	6.9857636112659e-10	4.65717574084393e-10	3.10478382722929e-10	2.06985588481953e-10	1.37990392321302e-10	9.19935948808684e-11	6.13290632539123e-11	4.08860421692749e-11	2.72573614461833e-11	1.81715742974555e-11	1.21143828649704e-11	8.07625524331361e-12	5.38417016220908e-12	3.58944677480605e-12
4.02834331525038e-08	4.02834331525038e-08	4.02834331525038e-08	4.02834331525038e-08	4.02834331525038e-08	4.02834331525038e-08	4.02834331525038e-08	4.02834331525038e-08	4.02834331525039e-08	6.04251497287558e-08	9.06377245931337e-08	1.359565868897e-07	2.03934880334551e-07	2.03934880334551e-07	2.03934880334551e-07	2.03934880334551e-07	2.03934880334551e-07	2.03934880334551e-07	2.03934880334551e-07	2.03934880334551e-07	2.03934880334551e-07	2.03934880334551e-07	2.03934880334551e-07	2.03934880334551e-07	2.03934880334551e-07	2.03934880334551e-07	2.03934880334551e-07	1.359565868897e-07	9.06377245931337e-08	6.04251497287558e-08	4.02834331525039e-08	2.68556221016692e-08	2.68556221016692e-08	2.68556221016692e-08	2.68556221016692e-08	1.79037480677795e-08	1.19358320451863e-08	7.95722136345756e-09	5.30481424230504e-09	3.53654282820338e-09	2.35769521880225e-09	2.35769521880223e-09	2.35769521880223e-09	2.35769521880223e-09	2.35769521880223e-09	1.57179681253482e-09	1.04786454168988e-09	6.9857636112659e-10	4.65717574084393e-10	3.10478382722929e-10	2.06985588481954e-10	1.37990392321302e-10	9.19935948808684e-11	6.13290632539123e-11	4.08860421692749e-11	2.72573614461834e-11	1.81715742974556e-11	1.21143828649704e-11	8.07625524331361e-12	5.38417016220908e-12
6.04251497287557e-08	6.04251497287557e-08	6.04251497287557e-08	6.04251497287557e-08	6.04251497287557e-08	6.04251497287557e-08	6.04251497287557e-08	6.04251497287557e-08	6.04251497287557e-08	6.04251497287557e-08	6.04251497287558e-08	9.06377245931337e-08	1.359565868897e-07	1.359565868897e-07	1.359565868897e-07	1.359565868897e-07	1.359565868897e-07	1.359565868897e-07	1.359565868897e-07	1.359565868897e-07	1.359565868897e-07	1.359565868897e-07	1.359565868897e-07	1.359565868897e-07	1.359565868897e-07	1.359565868897e-07	1.359565868897e-07	9.06377245931337e-08	6.04251497287558e-08	4.02834331525039e-08	4.02834331525038e-08	4.02834331525038e-08	4.02834331525038e-08	4.02834331525038e-08	4.02834331525038e-08	2.68556221016692e-08	1.79037480677795e-08	1.19358320451863e-08	7.95722136345758e-09	5.30481424230506e-09	3.53654282820338e-09	3.53654282820335e-09	3.53654282820335e-09	3.53654282820335e-09	3.53654282820335e-09	2.35769521880224e-09	1.57179681253482e-09	1.04786454168988e-09	6.9857636112659e-10	4.65717574084395e-10	3.1047838272293e-10	2.06985588481954e-10	1.37990392321302e-10	9.19935948808684e-11	6.13290632539125e-11	4.0886042169275e-11	2.72573614461834e-11	1.81715742974556e-11	1.21143828649704e-11	8.07625524331361e-12
9.06377245931335e-08	9.06377245931335e-08	9.06377245931335e-08	9.06377245931335e-08	9.06377245931335e-08	9.06377245931335e-08	9.06377245931335e-08	9.06377245931335e-08	9.06377245931335e-08	9.06377245931335e-08	9.06377245931335e-08	9.06377245931335e-08	9.06377245931335e-08	9.06377245931335e-08	9.06377245931335e-08	9.06377245931335e-08	9.06377245931335e-08	9.06377245931335e-08	9.06377245931335e-08	9.06377245931335e-08	9.06377245931335e-08	9.06377245931335e-08	9.06377245931335e-08	9.06377245931335e-08	9.06377245931335e-08	9.06377245931335e-08	9.06377245931335e-08	6.04251497287556e-08	6.04251497287557e-08	6.04251497287557e-08	6.04251497287557e-08	6.04251497287557e-08	6.04251497287557e-08	6.04251497287557e-08	6.04251497287557e-08	4.02834331525038e-08	2.68556221016692e-08	1.79037480677795e-08	1.19358320451864e-08	7.95722136345758e-09	5.30481424230506e-09	5.30481424230502e-09	5.30481424230502e-09	5.30481424230502e-09	5.30481424230502e-09	3.53654282820335e-09	2.35769521880224e-09	1.57179681253482e-09	1.04786454168989e-09	6.98576361126592e-10	4.65717574084395e-10	3.1047838272293e-10	2.06985588481954e-10	1.37990392321303e-10	9.19935948808687e-11	6.13290632539125e-11	4.0886042169275e-11	2.72573614461834e-11	1.81715742974556e-11	1.21143828649704e-11
1.359565868897e-07	1.359565868897e-07	1.359565868897e-07	1.359565868897e-07	1.359565868897e-07	1.359565868897e-07	1.359565868897e-07	1.359565868897e-07	1.359565868897e-07	1.359565868897e-07	1.359565868897e-07	1.359565868897e-07	1.359565868897e-07	1.359565868897e-07	9.06377245931337e-08	6.04251497287558e-08	6.04251497287556e-08	6.04251497287556e-08	6.04251497287556e-08	6.04251497287556e-08	9.06377245931335e-08	9.06377245931335e-08	9.06377245931335e-08	9.06377245931335e-08	9.06377245931335e-08	9.06377245931335e-08	9.06377245931335e-08	9.06377245931335e-08	9.06377245931335e-08	9.06377245931335e-08	9.06377245931335e-08	9.06377245931335e-08	9.06377245931335e-08	9.06377245931335e-08	9.06377245931335e-08	6.04251497287556e-08	4.02834331525039e-08	2.68556221016693e-08	1.79037480677795e-08	1.19358320451864e-08	7.95722136345758e-09	7.95722136345754e-09	7.95722136345754e-09	7.95722136345754e-09	7.95722136345754e-09	5.30481424230502e-09	3.53654282820335e-09	2.35769521880224e-09	1.57179681253483e-09	1.04786454168989e-09	6.98576361126592e-10	4.65717574084395e-10	3.10478382722931e-10	2.06985588481954e-10	1.37990392321303e-10	9.19935948808687e-11	6.13290632539125e-11	4.0886042169275e-11	2.72573614461834e-11	1.81715742974556e-11
2.03934880334551e-07	2.03934880334551e-07	2.03934880334551e-07	2.03934880334551e-07	2.03934880334551e-07	2.03934880334551e-07	2.03934880334551e-07	2.03934880334551e-07	2.03934880334551e-07	2.03934880334551e-07	2.03934880334551e-07	2.03934880334551e-07	2.03934880334551e-07	2.03934880334551e-07	1.359565868897e-07	9.06377245931337e-08	9.06377245931335e-08	9.06377245931335e-08	9.06377245931335e-08	9.06377245931337e-08	1.359565868897e-07	1.359565868897e-07	1.359565868897e-07	1.359565868897e-07	1.359565868897e-07	1.359565868897e-07	1.359565868897e-07	1.359565868897e-07	1.359565868897e-07	1.359565868897e-07	1.359565868897e-07	1.359565868897e-07	1.359565868897e-07	1.359565868897e-07	1.359565868897e-07	9.06377245931337e-08	6.04251497287558e-08	4.02834331525039e-08	2.68556221016693e-08	1.79037480677795e-08	1.19358320451863e-08	1.19358320451863e-08	1.19358320451863e-08	1.19358320451863e-08	1.19358320451863e-08	7.95722136345753e-09	5.30481424230504e-09	3.53654282820336e-09	2.35769521880224e-09	1.57179681253483e-09	1.04786454168989e-09	6.98576361126595e-10	4.65717574084397e-10	3.10478382722931e-10	2.06985588481954e-10	1.37990392321303e-10	9.19935948808687e-11	6.13290632539125e-11	4.0886042169275e-11	2.72573614461834e-11
3.05902320501826e-07	3.05902320501826e-07	3.05902320501826e-07	3.05902320501826e-07	3.05902320501826e-07	3.05902320501826e-07	3.05902320501826e-07	3.05902320501826e-07	3.05902320501826e-07	3.05902320501826e-07	3.05902320501826e-07	3.05902320501826e-07	3.05902320501826e-07	3.05902320501826e-07	2.03934880334551e-07	1.359565868897e-07	1.359565868897e-07	1.359565868897e-07	1.359565868897e-07	1.359565868897e-07	2.03934880334551e-07	2.03934880334551e-07	2.03934880334551e-07	2.03934880334551e-07	2.03934880334551e-07	2.03934880334551e-07	2.03934880334551e-07	2.03934880334551e-07	2.03934880334551e-07	2.03934880334551e-07	2.03934880334551e-07	2.03934880334551e-07	2.03934880334551e-07	2.03934880334551e-07	2.03934880334551e-07	1.359565868897e-07	9.06377245931337e-08	6.04251497287558e-08	4.02834331525039e-08	2.68556221016692e-08	1.79037480677795e-08	1.79037480677795e-08	1.79037480677795e-08	1.79037480677795e-08	1.79037480677795e-08	1.19358320451863e-08	7.95722136345756e-09	5.30481424230504e-09	3.53654282820336e-09	2.35769521880224e-09	1.57179681253484e-09	1.04786454168989e-09	6.98576361126595e-10	4.65717574084397e-10	3.10478382722931e-10	2.06985588481954e-10	1.37990392321303e-10	9.19935948808687e-11	6.13290632539125e-11	4.0886042169275e-11
1.39640560138379e-07	5.33901766337542e-07	1.55375707489357e-06	3.44173054976422e-06	5.80286678166314e-06	7.44698227550233e-06	7.27428020435542e-06	5.40843628647969e-06	3.06073264685751e-06	1.318411734964e-06	4.32263643827419e-07	1.078743883584e-07	2.04908497381536e-08	2.9626038096765e-09	3.05902320501826e-07	2.03934880334551e-07	2.03934880334551e-07	2.03934880334551e-07	2.03934880334551e-07	2.03934880334551e-07	3.05902320501826e-07	3.05902320501826e-07	3.05902320501826e-07	3.05902320501826e-07	3.05902320501826e-07	3.05902320501826e-07	3.05902320501826e-07	3.05902320501826e-07	3.05902320501826e-07	3.05902320501826e-07	3.05902320501826e-07	3.05902320501826e-07	3.05902320501826e-07	3.05902320501826e-07	3.05902320501826e-07	2.03934880334551e-07	1.359565868897e-07	9.06377245931337e-08	6.04251497287556e-08	4.02834331525038e-08	2.68556221016692e-08	2.68556221016692e-08	2.68556221016692e-08	2.68556221016692e-08	2.68556221016692e-08	1.79037480677795e-08	1.19358320451863e-08	7.95722136345756e-09	5.30481424230504e-09	3.53654282820338e-09	2.35769521880225e-09	1.57179681253484e-09	1.04786454168989e-09	6.98576361126595e-10	4.65717574084397e-10	3.10478382722931e-10	2.06985588481954e-10	1.37990392321303e-10	9.19935948808687e-11	6.13290632539125e-11
1.55799844697139e-06	5.95685180555616e-06	1.73355872194735e-05	3.84000955461144e-05	6.4743778060285e-05	8.30875127424196e-05	8.11606402179253e-05	6.03430359096877e-05	3.41492235900023e-05	1.47097908623917e-05	4.82285437052053e-06	1.20357673561197e-06	2.28620624534385e-07	3.30543799730788e-08	3.05902320501826e-07	3.05902320501826e-07	3.05902320501826e-07	3.05902320501826e-07	3.05902320501826e-07	3.05902320501826e-07	1.26683517796504e-08	7.06262292641559e-08	2.99698045939402e-07	9.67996504007401e-07	2.37977365501896e-06	4.45317233190134e-06	6.34271704953913e-06	6.87627377654406e-06	5.67417815651344e-06	3.56389386117881e-06	1.70379971626891e-06	6.19989461843599e-07	1.71720466622361e-07	3.62019361629743e-08	5.80916246528423e-09	3.05902320501826e-07	2.03934880334551e-07	1.359565868897e-07	9.06377245931335e-08	6.04251497287556e-08	4.02834331525039e-08	4.02834331525038e-08	4.02834331525038e-08	4.02834331525038e-08	4.02834331525038e-08	2.68556221016692e-08	1.79037480677795e-08	1.19358320451863e-08	7.95722136345758e-09	5.30481424230506e-09	3.53654282820338e-09	2.35769521880225e-09	1.57179681253484e-09	1.04786454168989e-09	6.98576361126595e-10	4.65717574084397e-10	3.10478382722931e-10	2.06985588481954e-10	1.37990392321303e-10	9.19935948808687e-11
1.08240660021023e-05	4.13847377277047e-05	0.00012043756565582	0.000266781503849477	0.000449802070285926	0.00057724365747778	0.000563856869176863	0.000419228276333246	0.000237248920740113	0.000102195061542685	3.35063838648361e-05	8.36175032791801e-06	1.60461429572128e-06	3.42151629922968e-07	5.216386735719e-07	1.88471707249991e-06	5.32240293425516e-06	1.17730046439249e-05	2.04170052499877e-05	2.77475094530536e-05	2.96436834488227e-05	2.52696022242402e-05	1.91834441871708e-05	1.88777660207179e-05	3.00632749553654e-05	5.14619624649794e-05	7.22142294663804e-05	7.80988930407782e-05	6.4418997487376e-05	4.04597645592541e-05	1.93427015678751e-05	7.03854509491861e-06	1.94948837428281e-06	4.10989179475342e-07	6.59495918753635e-08	3.05902320501826e-07	2.03934880334551e-07	1.359565868897e-07	1.359565868897e-07	9.06377245931337e-08	6.04251497287558e-08	6.04251497287557e-08	6.04251497287557e-08	6.04251497287557e-08	6.04251497287557e-08	4.02834331525038e-08	2.68556221016692e-08	1.79037480677795e-08	1.19358320451864e-08	7.95722136345758e-09	5.30481424230506e-09	3.53654282820338e-09	2.35769521880225e-09	1.57179681253484e-09	1.04786454168989e-09	6.98576361126595e-10	4.65717574084397e-10	3.10478382722931e-10	2.06985588481954e-10	1.37990392321303e-10
4.68254345435501e-05	0.000179032382765796	0.000521018750819311	0.00115412028587743	0.00194593145363716	0.00249750874075579	0.00244048243141796	0.00181712266622638	0.00103449707218544	0.000457464060988	0.000169380252241672	7.02334968404849e-05	5.04746515774798e-05	5.51041471240899e-05	6.89064953257896e-05	9.39009589890477e-05	0.000138566320120091	0.000213753292337741	0.000317144350259642	0.000415301568523971	0.000456453047866709	0.000417666811537617	0.000338311767538673	0.000293611092298424	0.000338069231349963	0.000461573950815403	0.000581787837813129	0.000597573510308345	0.000479572681947528	0.000296421104265584	0.000140288514567504	5.07038296261382e-05	1.39740293475487e-05	2.93663408739344e-06	4.66206876639357e-07	3.05902320501826e-07	2.03934880334551e-07	2.03934880334551e-07	2.03934880334551e-07	1.359565868897e-07	9.06377245931337e-08	9.06377245931335e-08	9.06377245931335e-08	9.06377245931335e-08	9.06377245931335e-08	6.04251497287556e-08	4.02834331525039e-08	2.68556221016693e-08	1.79037480677795e-08	1.19358320451864e-08	7.95722136345758e-09	5.30481424230506e-09	3.53654282820338e-09	2.35769521880225e-09	1.57179681253484e-09	1.04786454168989e-09	6.98576361126595e-10	4.65717574084397e-10	3.10478382722931e-10	2.06985588481954e-10
0.000141505845133526	0.000495668027618613	0.00141239767819481	0.00311361277426602	0.00524476179749105	0.00673341136043272	0.00659237668892198	0.0049447117610223	0.00289473606998749	0.0014210627808935	0.000729676355196552	0.000532609270893182	0.000534171084996396	0.000603603033215582	0.000720922592240049	0.000910223011118158	0.00122759237032367	0.0017571767282989	0.00250345067205338	0.0032411707563343	0.00358575976508724	0.00333788757056503	0.00273177185667734	0.00224562330164573	0.00221081405410905	0.00258273007152171	0.00296888713178648	0.00291203213968326	0.00228802607790243	0.00140468677707119	0.000667046253615058	0.000244062947618664	6.87361740245578e-05	1.49386979177506e-05	2.47038523613025e-06	7.16533117723663e-08	3.05902320501826e-07	3.05902320501826e-07	3.05902320501826e-07	2.03934880334551e-07	1.359565868897e-07	1.359565868897e-07	1.359565868897e-07	1.359565868897e-07	1.359565868897e-07	9.06377245931337e-08	6.04251497287558e-08	4.02834331525039e-08	2.68556221016693e-08	1.79037480677795e-08	1.19358320451864e-08	7.95722136345758e-09	5.30481424230506e-09	3.53654282820338e-09	2.35769521880225e-09	1.57179681253484e-09	1.04786454168989e-09	6.98576361126595e-10	4.65717574084397e-10	3.10478382722931e-10
0.000362375535386716	0.000940393653887677	0.00244150205019693	0.00526073512894813	0.00882026197613038	0.0113370977913227	0.0111902864540165	0.0086474475523481	0.00560885285973506	0.00367895473280609	0.00307160811495978	0.00318374763643724	0.00352874786500486	0.00400005882750727	0.00465643504327738	0.00557476637227055	0.00697111364904823	0.00928406407038963	0.0126739816140554	0.016218438085443	0.0181140586425468	0.0172675435410212	0.0145175442786792	0.0118256327044069	0.010533691877735	0.0105463083691921	0.010692332316497	0.00971593305736334	0.00734204608546069	0.00445421334145441	0.00214468878974817	0.000825613281151604	0.000262372051293548	7.36093481619248e-05	1.93534723000262e-05	4.30007349934554e-06	1.01917921128446e-06	2.11161058975534e-07	3.33003725457884e-08	3.05902320501826e-07	2.03934880334551e-07	2.03934880334551e-07	2.03934880334551e-07	2.03934880334551e-07	2.03934880334551e-07	1.359565868897e-07	9.06377245931337e-08	6.04251497287558e-08	4.02834331525039e-08	2.68556221016693e-08	1.79037480677795e-08	1.19358320451864e-08	7.95722136345758e-09	5.30481424230506e-09	3.53654282820338e-09	2.35769521880225e-09	1.57179681253484e-09	1.04786454168989e-09	6.98576361126595e-10	4.65717574084395e-10
0.00114243121094288	0.00164869231054727	0.0029952487968789	0.00573510249645877	0.00936721321516453	0.0121091010288398	0.0124272397484202	0.0108743207747004	0.00962636588033264	0.0101330856957329	0.0119582026818397	0.013925101824757	0.0156394637813849	0.0175422243790663	0.0199921969049438	0.0229443059192691	0.0267912409703782	0.0330051806443401	0.0426399286654233	0.0535156851423271	0.0603004866245949	0.0591376325544269	0.0516327344973905	0.0428735068898018	0.0364776637645595	0.0325454363578004	0.029035532308792	0.0239913536421424	0.0172214259870659	0.010356596877792	0.0051832051658154	0.00221353075649747	0.000853568273273739	0.000314562857456847	0.000108674139271136	3.24485321314621e-05	8.10163149887652e-06	1.67855571207764e-06	2.64710410253829e-07	3.05902320501826e-07	3.05902320501826e-07	3.05902320501826e-07	3.05902320501826e-07	3.05902320501826e-07	3.05902320501826e-07	2.03934880334551e-07	1.359565868897e-07	9.06377245931337e-08	6.04251497287558e-08	4.02834331525039e-08	2.68556221016693e-08	1.79037480677795e-08	1.19358320451864e-08	7.95722136345758e-09	5.30481424230506e-09	3.53654282820338e-09	2.35769521880225e-09	1.57179681253484e-09	1.04786454168989e-09	6.98576361126592e-10
0.00365896334115934	0.00362481085440559	0.00367076956576636	0.00469696890929862	0.00677745790619945	0.00903116728769473	0.0109492910928132	0.0136848647689893	0.0191207129003371	0.0273418083295765	0.0359451847406587	0.0425796614713341	0.0475512709336962	0.0529120480095581	0.0595367027002596	0.0664442336350984	0.0735680541709103	0.0840181427231516	0.101240107691685	0.122620337043609	0.138258342673273	0.139364952453274	0.126848325047858	0.108836482200539	0.091778586078536	0.0767999220495347	0.0623567428385118	0.0473422282695081	0.032424140355587	0.0196467093619761	0.0106428068866116	0.00535870856853506	0.00259907301543834	0.00119343645444036	0.000482750291394437	0.000165436670803323	5.07463930393502e-05	1.92006126510897e-05	1.03155532026603e-05	5.7339952555913e-06	2.78990276268549e-06	1.03321996785861e-06	2.91251721165146e-07	6.24908161073402e-08	1.02055373957959e-08	3.05902320501826e-07	2.03934880334551e-07	1.359565868897e-07	9.06377245931337e-08	6.04251497287558e-08	4.02834331525039e-08	2.68556221016693e-08	1.79037480677795e-08	1.19358320451864e-08	7.95722136345758e-09	5.30481424230506e-09	3.53654282820338e-09	2.35769521880224e-09	1.57179681253483e-09	1.04786454168989e-09
0.00845508751311728	0.0076284248345251	0.00575254341703565	0.00451791995344062	0.00499129423028376	0.00750283705988758	0.0128212982401134	0.0228430662011908	0.038948638720975	0.0591362704309438	0.0781694669215734	0.0923374426450541	0.103370075680333	0.115603516718363	0.130102315059345	0.143818304742541	0.154954650886228	0.167303827821744	0.186996057860517	0.213443572380185	0.235544836114611	0.240740478542242	0.226903752133855	0.201617233416544	0.172232223359565	0.141333928277171	0.109714653644215	0.0791951717540761	0.0526189077808339	0.0324601266424804	0.0192507413130171	0.0113369037650851	0.00650031992998886	0.00337679778963037	0.00148676246676821	0.000569578955711024	0.000233775713222207	0.000139538302504499	9.84596059726748e-05	6.01592614716235e-05	2.92707758376917e-05	1.08402165389826e-05	3.05572077872736e-06	6.55633843106302e-07	1.0707326485027e-07	3.05902320501826e-07	2.03934880334551e-07	2.03934880334551e-07	1.359565868897e-07	9.06377245931337e-08	6.04251497287558e-08	4.02834331525039e-08	2.68556221016693e-08	1.79037480677795e-08	1.19358320451864e-08	7.95722136345758e-09	5.30481424230504e-09	3.53654282820336e-09	2.35769521880224e-09	1.57179681253483e-09
0.0128096852294797	0.0116593343631069	0.00867986623504799	0.00638319672367301	0.0069153084937982	0.01166496123788	0.022122886425685	0.0402458697776665	0.0665881377034209	0.0976026159583036	0.126773390680391	0.150699412313102	0.172688703976919	0.197691648140822	0.225421454878859	0.250820275257387	0.270219616072557	0.285284248947496	0.301077929712947	0.319468748273277	0.334402836647213	0.336456177881326	0.322034506892908	0.294706598145413	0.258670209625286	0.215477476967487	0.16706886481447	0.118630106876768	0.0772705872291359	0.0478534113007294	0.0300430515713083	0.0195607597558163	0.012351888875772	0.00688479375397984	0.00327767283578005	0.00152824049969454	0.000953533237092286	0.000793371762614672	0.000624831197436737	0.00039314800830795	0.000191250608005656	7.0822913693839e-05	1.99630459958283e-05	4.28326064916306e-06	6.995104153527e-07	3.05902320501826e-07	3.05902320501826e-07	3.05902320501826e-07	2.03934880334551e-07	1.359565868897e-07	9.06377245931337e-08	6.04251497287558e-08	4.02834331525039e-08	2.68556221016693e-08	1.79037480677795e-08	1.19358320451863e-08	7.95722136345756e-09	5.30481424230504e-09	3.53654282820336e-09	2.35769521880224e-09
0.0132645283529937	0.0131083745290422	0.0111286392351353	0.0097963993383084	0.0120118127374762	0.0201127241313779	0.0356873402107425	0.0597963049012988	0.0920786168714284	0.129330095248762	0.167120063236518	0.204558946830609	0.244988464597969	0.289795550483021	0.335097292595468	0.375834147812962	0.409238068435	0.433420248987149	0.446728481890552	0.44921997567695	0.442305107598328	0.427480706807913	0.406072833469534	0.378472264087813	0.342592511822296	0.294667204973937	0.234081381205235	0.168037080608663	0.109485144638466	0.0681055181497711	0.0438692300701651	0.0297784742809649	0.0195573481413864	0.0113807588862208	0.00601482355634841	0.00369455051140462	0.0032246606628933	0.00310183113794351	0.00253001312283534	0.00160924107676618	0.000787524412972567	0.00029566845903911	8.58521304117218e-05	1.96018395515759e-05	3.62302733571244e-06	2.11259950647637e-07	4.36970200478739e-08	6.87952501166597e-09	3.05902320501826e-07	2.03934880334551e-07	1.359565868897e-07	9.06377245931337e-08	6.04251497287558e-08	4.02834331525039e-08	2.68556221016692e-08	1.79037480677795e-08	1.19358320451863e-08	7.95722136345756e-09	5.30481424230504e-09	3.53654282820335e-09
0.0110755725908843	0.0130543887045803	0.0134757062923028	0.0137250522750165	0.0169109712538343	0.0263026861984292	0.0437594241772691	0.0699227160276775	0.104823853374356	0.147657438108754	0.197513383801932	0.255124123714121	0.320536336662265	0.388025998758113	0.449186360682321	0.501504573268557	0.547440616006936	0.584606696082842	0.60358730175076	0.597553528147489	0.570661540252052	0.535155534462113	0.500479409517852	0.466739005912465	0.427303952368135	0.374544191162825	0.30571739679695	0.228190219382449	0.157388582249433	0.105278023028147	0.072123413612235	0.0501910900614783	0.0330824226809473	0.0196681452852122	0.0113627859851233	0.00822891714141181	0.00801341315933898	0.00791090888585383	0.0064851476572212	0.00415905161464549	0.00207359782784576	0.000811201370266182	0.000255630810990639	6.75391105862413e-05	1.55606140066677e-05	2.26974350708284e-06	4.69473874383107e-07	7.39125289917673e-08	3.05902320501826e-07	3.05902320501826e-07	2.03934880334551e-07	1.359565868897e-07	9.06377245931337e-08	6.04251497287556e-08	4.02834331525038e-08	2.68556221016692e-08	1.79037480677795e-08	1.19358320451863e-08	7.95722136345753e-09	5.30481424230502e-09
0.00898676089349413	0.0126324752176449	0.0147996600520724	0.0156459839613984	0.0179275629933376	0.0253388900870524	0.0403778538457992	0.0647887237836993	0.100986840438023	0.151538625939914	0.217764809753603	0.299058077359058	0.390036691552823	0.478023875088073	0.55102438563597	0.609314212319545	0.662023149567633	0.710966568036357	0.744057730050365	0.747161595763244	0.719662358790851	0.674853170623805	0.624928177184452	0.571528575208077	0.511437312402534	0.443442645342118	0.369214957562037	0.294325519287931	0.227739191751386	0.174913919370128	0.133494142052264	0.0977969587486783	0.0658414558504643	0.0401994034427272	0.0238398139072175	0.0164910167618343	0.0145099072082279	0.013455000165481	0.0108797776009726	0.00715523073027322	0.00383179448923177	0.0017267127332563	0.000687224207739758	0.000249256332783417	8.18799065878347e-05	2.23127624041076e-05	5.79358294416063e-06	1.24593150743314e-06	1.62022282655536e-07	2.65900092175838e-08	3.05902320501826e-07	2.03934880334551e-07	1.359565868897e-07	9.06377245931335e-08	6.04251497287557e-08	4.02834331525038e-08	2.68556221016692e-08	1.79037480677795e-08	1.19358320451863e-08	7.95722136345754e-09
0.00655059491770663	0.0100488947254663	0.0124670105432688	0.0136267002120369	0.0156308028363499	0.0214473506630528	0.0333288659413951	0.0540725336956801	0.0887295357787144	0.142793299850629	0.218705546134444	0.314406158077268	0.421953793291756	0.526439781479649	0.61419045458431	0.684938868023996	0.750097921117579	0.816111312682188	0.873320869920937	0.903421220377539	0.896223550155256	0.855470771048387	0.788979574349324	0.70216447327605	0.604120590838147	0.50946807495151	0.429591497789177	0.367299671887795	0.319081590164323	0.277053666429351	0.23232082915284	0.181242458635171	0.128581507385776	0.0829829113776007	0.0504513112121446	0.0315148519404093	0.0223351177667765	0.0176300923008027	0.0137267579514086	0.00973720202497091	0.00625369822087149	0.0036790920853079	0.0019649786820897	0.000924140164057883	0.000372863353537595	0.000126045249325615	3.64514623692248e-05	8.67921619024731e-06	1.42720519936153e-06	2.3422333511427e-07	3.05902320501826e-07	2.03934880334551e-07	1.359565868897e-07	9.06377245931335e-08	6.04251497287557e-08	4.02834331525038e-08	2.68556221016692e-08	1.79037480677795e-08	1.19358320451863e-08	7.95722136345754e-09
0.00350146258398295	0.00564819104700988	0.00761886521183949	0.00980282983074182	0.013797474223605	0.0210599541146579	0.0321177199459377	0.0490018993395	0.0775311712065	0.124597128634734	0.193640813666647	0.2838811288542	0.390944687350711	0.504767776536127	0.612843784515517	0.710354718675286	0.803981931240157	0.900869472288116	0.994664828680094	1.06502556395559	1.09109803012885	1.06313394336125	0.982903304305012	0.862011498112164	0.724175388479008	0.599362202258285	0.507707983405648	0.450487514929304	0.414978821320418	0.383010509343687	0.339403712366204	0.279721075316018	0.211610889602811	0.147239882493288	0.0954443553704656	0.0593971242945673	0.0375326403390678	0.0254550559184928	0.0187224315256309	0.0144966399586869	0.0112275318293292	0.0081324971376773	0.00520614619190602	0.00285084529584006	0.0013178773711509	0.000508485813011469	0.000162111332982986	4.16505703177521e-05	7.8282748464536e-06	1.2847239090411e-06	3.05902320501826e-07	2.03934880334551e-07	1.359565868897e-07	9.06377245931335e-08	6.04251497287557e-08	4.02834331525038e-08	2.68556221016692e-08	1.79037480677795e-08	1.19358320451863e-08	7.95722136345754e-09
0.00126164997653874	0.00224512570502088	0.00377234272602387	0.00679055518607031	0.0125917364568776	0.0214092950985821	0.0320309310289278	0.0448604833210409	0.0647118132221049	0.0981180941671647	0.149045503655833	0.219442040294493	0.311691467296648	0.424551638320613	0.549217382031054	0.675392490561634	0.801232375833666	0.930990751476835	1.06105154320852	1.17189648196392	1.23587125458343	1.23154445128098	1.15336634099612	1.01570485088787	0.85197890257547	0.702184777074826	0.592151451290367	0.523415987729693	0.481078903102254	0.446102887707487	0.403269557921707	0.346411535469735	0.279565022972138	0.211750129292505	0.151272027103867	0.103475242283223	0.0696579987434019	0.0474051233437011	0.0333937483154283	0.0249816692682388	0.0196432914153915	0.0151888150784716	0.0107252450648615	0.00657879151100986	0.00340061219626526	0.00144442846389606	0.000493712018389298	0.000132947324610649	2.68023974369638e-05	4.39835320343431e-06	3.05902320501826e-07	2.03934880334551e-07	1.359565868897e-07	9.06377245931337e-08	6.04251497287556e-08	4.02834331525038e-08	2.68556221016692e-08	1.79037480677795e-08	1.19358320451863e-08	7.95722136345753e-09
0.000320219532165973	0.000728665024474325	0.00176475844374093	0.00432259225137094	0.00931476890193401	0.0165703827601076	0.0246640149675032	0.0334572555153905	0.0463675451342048	0.0682293220880238	0.102349079395646	0.152361168439536	0.225687274814751	0.328369611332901	0.456127263092422	0.595858450492458	0.737816652795147	0.880977314001955	1.02442786364841	1.15653484026613	1.25337449397098	1.28633362360767	1.23607888464262	1.10807312200753	0.937373206131347	0.771493151285109	0.642015717922231	0.552268243192958	0.489302355071107	0.439955037081864	0.395455197135233	0.350079447249049	0.301359424284038	0.25038350961277	0.200719467525994	0.156133832491221	0.117836609046255	0.0849651474524886	0.0581136175094348	0.0392500886142581	0.0281245871620839	0.0216048976355839	0.0163515601988068	0.011032005442946	0.00621665413746084	0.0028174138865133	0.00100633385735738	0.000278906260789518	5.85038902001831e-05	9.65583145815058e-06	3.7191234157529e-08	3.05902320501826e-07	2.03934880334551e-07	1.359565868897e-07	9.06377245931335e-08	6.04251497287557e-08	4.02834331525038e-08	2.68556221016692e-08	1.79037480677795e-08	1.19358320451863e-08
6.77796289336364e-05	0.000224252632928196	0.000731053516987973	0.00207176818604409	0.00472034117617564	0.00862024877712564	0.0132286131397896	0.0189213166488194	0.0280163897216329	0.0432520560264583	0.0665637286623657	0.101721580891312	0.157704140082691	0.243965807840997	0.360618189943947	0.495835350487775	0.63460180371482	0.768576286742627	0.898477256009933	1.02682860450937	1.14438621490392	1.22162208213366	1.22131493032003	1.12922592264995	0.972685376816029	0.802796054513731	0.657516561956887	0.545148999343971	0.458249614753856	0.391617113222264	0.343932025381291	0.310925492367216	0.284705081884381	0.258761819529137	0.230581333334249	0.199219614562511	0.162886245640755	0.121569704567312	0.0810731706541848	0.0499787949673803	0.0319840093066441	0.0236253536301045	0.0187218027075154	0.013552805131881	0.00811042108674374	0.00384157889848575	0.00141868967337326	0.000404423107539139	8.81402049036131e-05	1.49438962072108e-05	3.24114291363178e-07	3.05902320501826e-07	2.03934880334551e-07	1.359565868897e-07	9.06377245931337e-08	6.04251497287556e-08	4.02834331525038e-08	2.68556221016692e-08	1.79037480677795e-08	1.19358320451863e-08
1.36658612576418e-05	5.9843577119086e-05	0.000222096914081463	0.000664895477536466	0.00156591659318051	0.00300421099033051	0.00511078554550386	0.00860218749432499	0.0149827666736962	0.0256531165426295	0.0418502136912929	0.0669822000095738	0.109068642641597	0.177686875326587	0.276272487033465	0.396593662904254	0.521515312355722	0.636235050518433	0.741519621778236	0.852550035419731	0.976528152628587	1.08939875742324	1.14349464463113	1.10586649272368	0.987700046800892	0.832441949601958	0.679826105653579	0.547041287291838	0.437763403017077	0.355307787474328	0.302386382928925	0.274518969642436	0.260880408871794	0.251237835544694	0.23897192391228	0.218381437705181	0.184563436561132	0.138564023643084	0.0903684992077062	0.0527516827754924	0.0314808581162716	0.0227425068463112	0.0187342815321123	0.0143270993347641	0.00903301429979134	0.00450111516368306	0.00175666190136552	0.00053431841614947	0.000126533919523256	2.34405689975713e-05	1.79176378777089e-06	5.40914570819072e-09	3.05902320501826e-07	2.03934880334551e-07	1.359565868897e-07	9.06377245931335e-08	6.04251497287557e-08	4.02834331525038e-08	2.68556221016692e-08	1.79037480677795e-08
2.18722238127659e-06	1.12653077292694e-05	4.41636708154191e-05	0.000138477949256824	0.000345986494637636	0.000746452380099429	0.00157891980823943	0.00340000539603556	0.00718417916640374	0.0140580495825066	0.0256425019385754	0.0451964341925817	0.0786750156245689	0.133406087490281	0.213558047437846	0.314164764854368	0.419861063190509	0.514742618896205	0.599262703516456	0.692616522947045	0.809786897351399	0.934923031293649	1.02428851577607	1.0391043563636	0.974007409437579	0.853961299484079	0.711316284948155	0.570603009869439	0.448190064394361	0.354816174888442	0.294222569715879	0.261334814513635	0.245930717469171	0.238649287488536	0.2315886415998	0.215504015996587	0.183128204906549	0.136661302478251	0.0885511091551877	0.0525183534744896	0.0336095435334402	0.0268719757805402	0.0237852701099507	0.0190783925758931	0.0126250158136011	0.0066809576157953	0.00280602782180449	0.000930136258258208	0.000242438232677672	4.94170985343922e-05	6.36983520328033e-06	6.40380943073931e-08	3.05902320501826e-07	2.03934880334551e-07	1.359565868897e-07	9.06377245931335e-08	6.04251497287557e-08	4.02834331525038e-08	2.68556221016692e-08	1.79037480677795e-08
2.79466323705333e-07	1.43939370932675e-06	5.64289156410059e-06	1.92517949700022e-05	5.47101768367705e-05	0.000146245146107995	0.000435978657145507	0.00123399769004479	0.00327861730039176	0.00790437507949326	0.0173432648524791	0.034590090219221	0.0631013547950438	0.106570251730014	0.167721785792046	0.244561849114998	0.327705650735969	0.406017420452293	0.479309569415969	0.56106117754992	0.662368493602829	0.773197943147169	0.863867212696461	0.905257694756307	0.886110322057298	0.81369679038565	0.705795243032768	0.584320456262539	0.470064194548699	0.376958955498803	0.309755275503728	0.265713385978287	0.239049765071094	0.22444495940446	0.214912919807894	0.199355632206314	0.168904919471517	0.126222996591261	0.0844214631812609	0.0560967416632271	0.0439160825641841	0.0409940146123521	0.0382654118848361	0.0311692947077316	0.0209993445031692	0.0114602975588075	0.00501862196834513	0.00174868522630318	0.000481125543786155	0.000103664188901814	1.57966660549033e-05	4.92276631074482e-07	3.05902320501826e-07	2.03934880334551e-07	1.359565868897e-07	9.06377245931335e-08	6.04251497287557e-08	4.02834331525038e-08	2.68556221016692e-08	1.79037480677795e-08
1.64506222756773e-08	8.47290718401089e-08	3.3216552331902e-07	1.55762573383841e-06	6.03496312077824e-06	2.21861002086856e-05	0.000126554765336239	0.000506737627075359	0.00180080707720568	0.0054176836680015	0.0136368844088969	0.0286734801227113	0.0515819543381211	0.0828299334639939	0.123947235405766	0.176531973481203	0.238779317323407	0.305739882540435	0.375347825658884	0.450546265354331	0.532322844365412	0.612600703585994	0.677184311628301	0.71447109710912	0.719551467990706	0.692159671023023	0.635817792643374	0.559675007633948	0.476739433757388	0.398221018265271	0.330545724972897	0.2762292839533	0.236214077744092	0.210477467860465	0.19425997910322	0.176634953450001	0.148640842809469	0.112899777768285	0.0812522345918182	0.0633827222012102	0.0588709496633613	0.059236858298782	0.0557156582048338	0.0451967438036139	0.0306394366086122	0.017084674554533	0.00774980584076552	0.00283027186653503	0.000823483612266783	0.000189113686355138	3.22624224461318e-05	2.36655136783493e-06	3.05902320501826e-07	2.03934880334551e-07	1.359565868897e-07	9.06377245931335e-08	6.04251497287557e-08	4.02834331525038e-08	2.68556221016692e-08	1.79037480677795e-08
3.05902320501826e-07	3.05902320501826e-07	3.05902320501826e-07	8.44346868636698e-08	5.53844448663853e-07	2.66118440758006e-06	5.3101769861983e-05	0.000276242102342907	0.0011534875881931	0.00379013004159591	0.00986073747945888	0.0205771413623333	0.0356320671195886	0.0542610962247936	0.0780640426597169	0.111394415467226	0.157554038369119	0.215668698971389	0.281946713819521	0.350959328602863	0.414858141646981	0.465093673391251	0.497823726933546	0.516118277193716	0.525333054979947	0.526769952005068	0.516426552450541	0.489851850536563	0.446961354594231	0.392306319564475	0.332734664544457	0.275639542824158	0.228102942274074	0.19452560668053	0.172281083493535	0.152157872369002	0.127060256918661	0.0996619447134029	0.0788231820001261	0.0700041584030233	0.07036483985223	0.0718267533797003	0.0673592708219781	0.0551338556776127	0.0384536747506528	0.022480294359514	0.0108487408736511	0.0042576681086414	0.00133841702379002	0.000332751134599806	6.30418266489515e-05	7.42163502048678e-06	3.05902320501826e-07	2.03934880334551e-07	1.359565868897e-07	9.06377245931335e-08	6.04251497287557e-08	4.02834331525038e-08	2.68556221016692e-08	1.79037480677795e-08
2.03934880334551e-07	2.03934880334551e-07	3.05902320501826e-07	7.86403420141646e-09	4.90606156348861e-08	2.32966019720279e-07	2.49295007079651e-05	0.000140023043288261	0.000605662171655051	0.00201734476554251	0.00522999242412464	0.0107260855543485	0.0180621903201542	0.0268362138582	0.0388774292885163	0.0588026357680198	0.091125867167503	0.136864698676712	0.192621893703302	0.250598294217494	0.299732024076157	0.331045742935664	0.344540806042712	0.34941298144115	0.356434982241549	0.36977104794547	0.383946123412219	0.38823187172411	0.374681542711252	0.342639814141204	0.297502649223297	0.247883303137623	0.203072858410043	0.168997145353233	0.144503308315027	0.123527072683744	0.102458537010614	0.0840187237718529	0.0729753381520705	0.0703515047810719	0.0724769281705091	0.0738942137446768	0.0702068183717108	0.0598060755099806	0.0443879129723403	0.0279603823032852	0.0145814475298428	0.00616213676132813	0.00207239344481497	0.000546763904902912	0.000110770481412481	1.57270772231451e-05	3.05902320501826e-07	2.03934880334551e-07	1.359565868897e-07	9.06377245931335e-08	6.04251497287557e-08	4.02834331525038e-08	2.68556221016692e-08	1.79037480677795e-08
1.359565868897e-07	1.359565868897e-07	2.03934880334551e-07	3.05902320501826e-07	3.05902320501826e-07	3.05902320501826e-07	8.70801013500329e-06	4.95830008472648e-05	0.000215174779683958	0.000715529669990664	0.00184230414813242	0.00374165891179355	0.00625686546555432	0.00948240182939723	0.014823361120368	0.0253586953730411	0.0443798014308837	0.0733385116191304	0.11066841700991	0.151066439858886	0.186162994116711	0.208931940701871	0.219521842046657	0.225595644463801	0.235908673392383	0.25339947909397	0.272827563517758	0.284708182440745	0.281985195653815	0.263374184524882	0.23221552509789	0.194817749946006	0.158746287388115	0.129149240265659	0.106135661700754	0.0871526135740652	0.0716905453770084	0.061929941437374	0.0588761927476816	0.0603038440155329	0.0628031154010892	0.0640693064121637	0.0624482607859775	0.0562581868774192	0.044902518701031	0.0304568155596908	0.0169674158528282	0.00757545624625585	0.002665053543083	0.000729207141317689	0.000153458911553373	2.34357994503647e-05	3.05902320501826e-07	2.03934880334551e-07	1.359565868897e-07	9.06377245931337e-08	6.04251497287558e-08	4.02834331525039e-08	2.68556221016693e-08	1.79037480677795e-08
9.06377245931335e-08	9.06377245931337e-08	1.359565868897e-07	2.03934880334551e-07	2.03934880334551e-07	3.05902320501826e-07	1.99365836576025e-06	1.13162868147061e-05	4.89418728836443e-05	0.000162110577824852	0.000415451082543605	0.000846122459012957	0.00144691056484536	0.00238855713676092	0.00437702201413201	0.00883867293329955	0.0174050756846804	0.0311603597958684	0.0501117659098315	0.0726434254044886	0.0952959672612566	0.114314491319526	0.128838561865077	0.141992263423916	0.157575080001058	0.175591325870684	0.19140680086826	0.199478336183655	0.196975705552432	0.183819784446137	0.161551949508914	0.133907616554595	0.106529869317399	0.0837215362853833	0.0661141869579893	0.052547941713192	0.0432635142175079	0.0395717019725481	0.0407408855811618	0.0434891354258783	0.0450555510231376	0.0452956267945449	0.0447702026740146	0.0423693078782652	0.0361125865170982	0.0260997431758013	0.0153353232086165	0.00714071955910149	0.00259722953336536	0.000729868542884252	0.000157614824139656	2.50939404861478e-05	3.05902320501826e-07	2.03934880334551e-07	2.03934880334551e-07	1.359565868897e-07	9.06377245931337e-08	6.04251497287558e-08	4.02834331525039e-08	2.68556221016692e-08
6.04251497287557e-08	6.04251497287558e-08	9.06377245931337e-08	1.359565868897e-07	2.03934880334551e-07	3.05902320501826e-07	2.85404552437509e-07	1.6164810402865e-06	6.97076300413828e-06	2.30170652533541e-05	5.8869081810717e-05	0.000122985749729581	0.000226395146526121	0.000448089560326791	0.00102488437151103	0.00243258567810384	0.00526108349818053	0.0101453427541134	0.017802421567296	0.0288831991020185	0.0432940753956745	0.0596484623346238	0.0762179561028026	0.0924579114535325	0.108562043270477	0.123250357490477	0.133531091055059	0.13723968227118	0.134046693938012	0.12378257837481	0.106475979625569	0.0849724701429348	0.0649020852691038	0.0503973602137054	0.0411135074171884	0.034399780630946	0.0293176486693614	0.02699262281162	0.0274386864140258	0.028338683714436	0.0276926279496034	0.0260992094226265	0.0250893433827028	0.0243512612783306	0.0218729184064644	0.0166665512183835	0.0102281307530568	0.00492444966016928	0.00183840323897601	0.000527463104119573	0.000116023814544481	1.90341396055242e-05	3.05902320501826e-07	3.05902320501826e-07	3.05902320501826e-07	2.03934880334551e-07	1.359565868897e-07	9.06377245931337e-08	6.04251497287556e-08	4.02834331525038e-08
4.02834331525038e-08	6.04251497287557e-08	9.06377245931335e-08	1.359565868897e-07	2.03934880334551e-07	3.05902320501826e-07	2.55845438254107e-08	1.44077192444434e-07	6.18402151328767e-07	2.02902521690101e-06	5.16137656125503e-06	1.15864155901162e-05	2.50796654125209e-05	6.54730586508859e-05	0.000185743893907619	0.000505698486001762	0.00120249409231395	0.00263038594392875	0.00553614955233504	0.0111679635273543	0.0207543222052083	0.0344003091480832	0.0506239815937728	0.0671197811486899	0.081749051274953	0.092726505262109	0.0990533847097737	0.101122258441832	0.0994093172710703	0.0924734731208111	0.0787453170668995	0.0608652134557426	0.0455093378921275	0.0374119285879086	0.035037613203154	0.0333131271724426	0.0295347512193377	0.0250202010510031	0.0215700791218465	0.0188368362953158	0.0157908616587858	0.0128378891693508	0.0110928286941088	0.0104870139508815	0.00967216965111746	0.00764927127357445	0.00484799613740559	0.00239467373739075	0.000914394294948543	0.000268747788138709	6.11450878154284e-05	1.07575200250381e-05	2.71006839171147e-07	6.12591709636849e-08	1.05398387186172e-08	3.05902320501826e-07	2.03934880334551e-07	1.359565868897e-07	9.06377245931335e-08	6.04251497287557e-08
2.68556221016692e-08	4.02834331525038e-08	6.04251497287556e-08	9.06377245931337e-08	1.359565868897e-07	2.03934880334551e-07	3.05902320501826e-07	3.05902320501826e-07	3.05902320501826e-07	3.05902320501826e-07	6.87239473305946e-09	2.58554297912329e-07	1.50277592169124e-06	6.93166006497035e-06	2.43347326093275e-05	7.85816264454833e-05	0.000222123221109797	0.00063246586310165	0.00179801177052002	0.00473922337972056	0.0109152971675133	0.0214408919873901	0.035931143042711	0.0519173093533684	0.0658481839346463	0.0751870659095859	0.0800738219699409	0.0827126639532198	0.084215054751401	0.0820552688166261	0.0726785520864931	0.0574026833615802	0.0433697469216407	0.0368383940294454	0.036945281282069	0.0376452844834133	0.0346018265890928	0.0283130151751978	0.0213176268238897	0.0150606504836306	0.00989461098023121	0.00617095323428328	0.00413805343031075	0.00338873990610063	0.00304902431634875	0.00246899248662343	0.00163316175219572	0.000865396891807717	0.000375477879232621	0.000138934870669168	4.58105384411312e-05	1.35171486427741e-05	3.0210362034441e-06	6.8288377459504e-07	1.1749236456463e-07	3.05902320501826e-07	2.03934880334551e-07	1.359565868897e-07	9.06377245931335e-08	6.04251497287557e-08
1.79037480677795e-08	2.68556221016692e-08	4.02834331525039e-08	6.04251497287558e-08	9.06377245931337e-08	1.359565868897e-07	2.03934880334551e-07	2.03934880334551e-07	2.03934880334551e-07	2.03934880334551e-07	3.05902320501826e-07	2.20266797093591e-08	1.29011938485285e-07	6.02996425672684e-07	2.13526783439798e-06	9.39336606501442e-06	3.83196786036089e-05	0.000161177698966506	0.000620920625054212	0.00202839509075456	0.00553093252534707	0.0124864323712643	0.023392887779728	0.0366484755611738	0.0488507683293246	0.057181525839522	0.0618360684049669	0.0655656174422072	0.0700956736225993	0.0728538739841115	0.0688783931950652	0.0572969715491306	0.0442723008209705	0.0372857189449021	0.0375009934604609	0.0396306575831487	0.0382634776363101	0.03224337527542	0.0236444377430596	0.0150464312734069	0.00821667526798825	0.00387294189518742	0.00173601204044942	0.000981222109309555	0.00083647239079742	0.000847080607553288	0.000839591302928375	0.000758639662037839	0.000588541197460339	0.000372030332957858	0.000185246251987905	7.13398737702303e-05	2.09700555938524e-05	4.74013211131739e-06	8.15555078077055e-07	3.05902320501826e-07	2.03934880334551e-07	1.359565868897e-07	9.06377245931335e-08	6.04251497287557e-08
1.19358320451863e-08	1.79037480677795e-08	2.68556221016693e-08	4.02834331525039e-08	6.04251497287558e-08	9.06377245931337e-08	1.359565868897e-07	1.359565868897e-07	1.359565868897e-07	1.359565868897e-07	2.03934880334551e-07	3.05902320501826e-07	3.05902320501826e-07	3.05902320501826e-07	3.05902320501826e-07	6.80158409850899e-07	6.38271715378002e-06	4.02277932666676e-05	0.000201881383404869	0.000775086916646546	0.00241900204243771	0.00612276102571593	0.0126330386181775	0.0214393582615978	0.0304857807011796	0.0375749139922787	0.0423827859613586	0.046669643410926	0.0519352388594377	0.0565208415474863	0.0561335305676508	0.0488608750052096	0.0389041371298277	0.0330230864032536	0.0335035846780192	0.0364111445359639	0.0363830001641657	0.0313477004653291	0.0229157911974991	0.0140862105430619	0.00718191810827569	0.00301186383952802	0.00111062443322916	0.000596275516209773	0.000845202903697446	0.00151588336261459	0.00224695055038365	0.00258320538604886	0.00227463045110405	0.00152860398978557	0.000782824918260322	0.000305304311430518	9.06381863974207e-05	2.04881182088968e-05	3.52504707740411e-06	3.05902320501826e-07	2.03934880334551e-07	1.359565868897e-07	9.06377245931335e-08	6.04251497287557e-08
7.95722136345758e-09	1.19358320451864e-08	1.79037480677795e-08	2.68556221016693e-08	4.02834331525039e-08	6.04251497287556e-08	9.06377245931335e-08	9.06377245931335e-08	9.06377245931335e-08	9.06377245931337e-08	1.359565868897e-07	2.03934880334551e-07	2.03934880334551e-07	2.03934880334551e-07	3.05902320501826e-07	8.54194162325178e-08	1.24496772921944e-06	9.08694582146252e-06	5.77111264244706e-05	0.000248740284790243	0.000869119104242288	0.00243411778462407	0.00552230500229988	0.0102774047434802	0.0160251955653699	0.0216336189134241	0.0264054119177951	0.030544144351009	0.0346124347157279	0.0380858347228412	0.0387624799513765	0.0350286279133969	0.0288338636157607	0.0245867690668368	0.0245279626097069	0.0264812189248139	0.0265629015351441	0.0229464722689583	0.016753399885837	0.0103094779998124	0.00533178229822659	0.00233387720390897	0.00102317908273159	0.000971164933047678	0.00199415579840015	0.00389852787800951	0.00593485401049387	0.00689503571993615	0.00609958334769582	0.00410746105486266	0.00210540334175396	0.000821441143338572	0.00024394437333893	5.51418927939347e-05	9.4873412020526e-06	3.05902320501826e-07	2.03934880334551e-07	1.359565868897e-07	9.06377245931335e-08	6.04251497287557e-08
5.30481424230506e-09	7.95722136345758e-09	1.19358320451864e-08	1.79037480677795e-08	2.68556221016692e-08	4.02834331525038e-08	6.04251497287557e-08	6.04251497287557e-08	6.04251497287557e-08	6.04251497287558e-08	9.06377245931337e-08	1.359565868897e-07	1.359565868897e-07	2.03934880334551e-07	3.05902320501826e-07	4.20691441516324e-09	1.71031246044384e-07	1.43733578306724e-06	1.31951391934858e-05	6.33268570722629e-05	0.000248355915654255	0.000768644486574975	0.00192813184887533	0.00399619299693735	0.00700684815187438	0.010651682806868	0.0143770531522835	0.0177402878239144	0.0208461251264848	0.0239002635365258	0.0259880535176698	0.0253610438069954	0.0217963500622218	0.0175926535999842	0.0152128983188078	0.0147313082099012	0.014418772342329	0.0129891119925394	0.0105075596414255	0.00762179546011124	0.00489209541422254	0.0027357052050033	0.0015422187855324	0.00165250360676469	0.00336019290898529	0.00653286256222933	0.00994219111088564	0.0115521773436764	0.0102210327801776	0.00688331589415657	0.00352835770022373	0.00137663719317042	0.000408825876914141	9.24121854815838e-05	1.58998157384179e-05	3.05902320501826e-07	2.03934880334551e-07	1.359565868897e-07	9.06377245931335e-08	6.04251497287557e-08
3.53654282820338e-09	5.30481424230506e-09	7.95722136345758e-09	1.19358320451863e-08	1.79037480677795e-08	2.68556221016692e-08	4.02834331525038e-08	4.02834331525038e-08	4.02834331525038e-08	4.02834331525039e-08	6.04251497287556e-08	9.06377245931335e-08	9.06377245931337e-08	1.359565868897e-07	2.03934880334551e-07	3.05902320501826e-07	1.77138134301864e-08	1.58336244329672e-07	2.40471281590327e-06	1.25058850267286e-05	5.50271544215615e-05	0.000186890382299533	0.000519305551310643	0.00120818104853787	0.00240549194677961	0.0041348055458827	0.00625285913172519	0.00869719064857933	0.0118967264455272	0.0162864627636654	0.0207990159611501	0.0227119837364976	0.0202845931185993	0.0150007329397328	0.0101206260297186	0.00761385543535972	0.00737374572689513	0.00837814519061881	0.00943198020838914	0.00932973410399256	0.00757916330737043	0.00491828852635562	0.00276493494566291	0.00219353813063635	0.00364852596650242	0.00684950102478054	0.010380842584723	0.0120553380202398	0.0106662148108764	0.0071831220501103	0.00368203702791982	0.00143659729254313	0.000426632485893992	9.64372429565773e-05	1.65923399099374e-05	3.05902320501826e-07	2.03934880334551e-07	1.359565868897e-07	9.06377245931335e-08	6.04251497287557e-08
2.35769521880225e-09	3.53654282820338e-09	5.30481424230504e-09	7.95722136345756e-09	1.19358320451863e-08	1.79037480677795e-08	2.68556221016692e-08	2.68556221016692e-08	2.68556221016692e-08	2.68556221016692e-08	4.02834331525038e-08	6.04251497287557e-08	6.04251497287558e-08	9.06377245931337e-08	1.359565868897e-07	2.03934880334551e-07	3.05902320501826e-07	3.05902320501826e-07	2.65883107917072e-07	1.53789219955695e-06	8.15031076551166e-06	3.13416929240821e-05	9.91840348103969e-05	0.000263239892008761	0.000606843483384479	0.00120856209591159	0.00221672888072088	0.00405401866802264	0.00751661309472833	0.012963649864587	0.0188247321690414	0.02174662958427	0.0195646118755732	0.013751520047685	0.00800067073353764	0.00500263883927977	0.00530813576669541	0.00799644449169429	0.0111379166599815	0.0123983777563119	0.0106852249234576	0.00709032448832742	0.00378061165197265	0.00219108504118398	0.00259535142823866	0.00450084118318649	0.00675401858793915	0.00783362738451931	0.00693096720236007	0.00466763366598402	0.00239260865554337	0.000933509112104372	0.000277228221972182	6.26654703537842e-05	1.07817970822151e-05	3.05902320501826e-07	2.03934880334551e-07	1.359565868897e-07	9.06377245931335e-08	6.04251497287557e-08
1.57179681253484e-09	2.35769521880224e-09	3.53654282820336e-09	5.30481424230504e-09	7.95722136345756e-09	1.19358320451863e-08	1.79037480677795e-08	1.79037480677795e-08	1.79037480677795e-08	1.79037480677795e-08	2.68556221016692e-08	4.02834331525038e-08	4.02834331525039e-08	6.04251497287558e-08	9.06377245931337e-08	1.359565868897e-07	2.03934880334551e-07	3.05902320501826e-07	2.84950706414697e-08	1.64818093216394e-07	1.00166106160928e-06	4.16287260490982e-06	1.44670820314819e-05	4.21740748937191e-05	0.000120849926375222	0.000313254018422872	0.000832399774552081	0.00219864454490765	0.00518064232106811	0.00997976355165811	0.0150587830822316	0.0175009375397207	0.0155889147090355	0.0106904128378695	0.00593106626306077	0.00357035904020652	0.00413965330926161	0.00690220825513336	0.0100876442525223	0.0114641252964764	0.0099653474375014	0.00661562049773788	0.00342113606130747	0.00161289977947775	0.00126240070577192	0.00186834755263127	0.00274082721494245	0.00316967256657532	0.0028044347175063	0.00188863596079772	0.000968106554699476	0.000377720062245069	0.000112173153857457	2.53559446348515e-05	4.36257237578271e-06	3.05902320501826e-07	2.03934880334551e-07	1.359565868897e-07	9.06377245931335e-08	6.04251497287557e-08
1.04786454168989e-09	1.57179681253483e-09	2.35769521880224e-09	3.53654282820336e-09	5.30481424230504e-09	7.95722136345753e-09	1.19358320451863e-08	1.19358320451863e-08	1.19358320451863e-08	1.79037480677795e-08	2.68556221016693e-08	4.02834331525039e-08	6.04251497287558e-08	9.06377245931337e-08	1.359565868897e-07	1.359565868897e-07	1.359565868897e-07	2.03934880334551e-07	3.05902320501826e-07	3.05902320501826e-07	3.43907400986574e-08	2.15695945867248e-07	1.02970881053739e-06	3.75058497309207e-06	2.28227905888378e-05	9.55011998724646e-05	0.000366780753540669	0.0011808463065515	0.00301383686188771	0.00594905512894062	0.00899578342447236	0.0103846713120276	0.00914966183403811	0.00618426741064013	0.00336357855230915	0.00199102702168929	0.00234763502754621	0.00399046124766245	0.00587927449732461	0.0067030041610586	0.00583317904519899	0.00386838513523031	0.00197216092463667	0.000832466271088013	0.000442535687630317	0.000498410223293691	0.000695243088437383	0.000798608384153757	0.000706585627118019	0.000475847419955106	0.000243917311677575	9.51676875879676e-05	2.82623581035452e-05	6.38850529454199e-06	1.09916302160571e-06	3.05902320501826e-07	2.03934880334551e-07	1.359565868897e-07	9.06377245931335e-08	6.04251497287557e-08
6.9857636112659e-10	1.04786454168988e-09	1.57179681253483e-09	2.35769521880224e-09	3.53654282820335e-09	5.30481424230502e-09	7.95722136345756e-09	1.19358320451863e-08	1.79037480677795e-08	2.68556221016692e-08	4.02834331525039e-08	6.04251497287558e-08	9.06377245931337e-08	1.359565868897e-07	2.03934880334551e-07	2.03934880334551e-07	2.03934880334551e-07	2.03934880334551e-07	2.03934880334551e-07	2.03934880334551e-07	3.05902320501826e-07	3.05902320501826e-07	3.05902320501826e-07	3.05902320501826e-07	5.24059427291849e-06	3.08680643702987e-05	0.000138436545317629	0.000472733590994637	0.00122919071239976	0.00243373252613258	0.00366937279266106	0.00421300425925309	0.00368685186304271	0.00247128958307838	0.00132579625539225	0.000758892629145118	0.000863021792048682	0.00145580092836981	0.00214458903053145	0.00244580631862569	0.00212861885623909	0.00141074565226255	0.000714704821077826	0.00028614329991671	0.000114862134300449	8.8295708153644e-05	0.000110784211734026	0.000125291411733291	0.000110854221529215	7.46543565016474e-05	3.8267497477698e-05	1.49305894677328e-05	4.43400146550832e-06	1.0022745354307e-06	1.72444579138671e-07	3.05902320501826e-07	2.03934880334551e-07	1.359565868897e-07	9.06377245931335e-08	6.04251497287557e-08
1.04786454168988e-09	1.57179681253482e-09	2.35769521880224e-09	3.53654282820335e-09	5.30481424230502e-09	7.95722136345753e-09	1.19358320451863e-08	1.79037480677795e-08	2.68556221016692e-08	4.02834331525038e-08	6.04251497287556e-08	9.06377245931337e-08	1.359565868897e-07	2.03934880334551e-07	3.05902320501826e-07	3.05902320501826e-07	3.05902320501826e-07	3.05902320501826e-07	3.05902320501826e-07	3.05902320501826e-07	3.05902320501826e-07	3.05902320501826e-07	3.05902320501826e-07	3.05902320501826e-07	1.41447122655531e-06	8.3147376374553e-06	3.72082607108568e-05	0.000126757106666558	0.00032874081159297	0.000649067761712884	0.000975638388911088	0.00111649829837108	0.00097346679125056	0.000649421023422087	0.000344464900027202	0.000188577469211179	0.000200703457434468	0.00033185045679236	0.000487577977289199	0.000555879017281496	0.000483770788770946	0.00032052230401234	0.00016193763466249	6.33048625289664e-05	2.15471782041074e-05	1.09215745223191e-05	1.12111717259231e-05	1.22398674108273e-05	1.08294810847562e-05	7.29307310516963e-06	3.73839745910324e-06	1.4585870884715e-06	4.33162890308589e-07	9.79133944873627e-08	1.68463165605183e-08	3.05902320501826e-07	2.03934880334551e-07	1.359565868897e-07	9.06377245931335e-08	6.04251497287557e-08
1.57179681253482e-09	2.35769521880223e-09	3.53654282820335e-09	5.30481424230502e-09	7.95722136345754e-09	1.19358320451863e-08	1.79037480677795e-08	2.68556221016692e-08	4.02834331525038e-08	6.04251497287557e-08	9.06377245931335e-08	1.359565868897e-07	2.03934880334551e-07	3.05902320501826e-07	5.08036308784644e-08	2.85314508134903e-07	1.21962114704685e-06	3.96824083748636e-06	9.82750072172092e-06	1.85250817297465e-05	2.65796444436337e-05	2.90275370159363e-05	2.41292150515087e-05	1.52668059927e-05	7.59117421210557e-06	4.09680314976659e-06	7.0134494643608e-06	2.14494022127271e-05	5.51235557400326e-05	0.000108535015540206	0.000162733862089438	0.000185719701196658	0.000161427979023507	0.00010725523683878	5.63103242952235e-05	2.95159282599258e-05	2.92068733522951e-05	4.71372607403613e-05	6.9031593687458e-05	7.86695149880578e-05	6.8462602921231e-05	4.53494816146027e-05	2.28645802699494e-05	8.77457571344234e-06	2.56307316821986e-06	5.69859599770698e-07	9.64376723022923e-08	3.05902320501826e-07	3.05902320501826e-07	3.05902320501826e-07	3.05902320501826e-07	3.05902320501826e-07	3.05902320501826e-07	3.05902320501826e-07	3.05902320501826e-07	2.03934880334551e-07	1.359565868897e-07	9.06377245931337e-08	6.04251497287556e-08	4.02834331525038e-08
1.57179681253482e-09	2.35769521880223e-09	3.53654282820335e-09	5.30481424230502e-09	7.95722136345754e-09	1.19358320451863e-08	1.79037480677795e-08	2.68556221016692e-08	4.02834331525038e-08	6.04251497287557e-08	9.06377245931335e-08	1.359565868897e-07	2.03934880334551e-07	3.05902320501826e-07	4.40631583080757e-07	2.47459839427898e-06	1.05780549045329e-05	3.44174660754124e-05	8.52361755619081e-05	0.000160672297395554	0.000230531373573273	0.00025176250923611	0.000209278235488268	0.000132412522034951	6.37940355687049e-05	2.35251870272171e-05	7.19200614414378e-06	3.66339826982471e-06	6.12022397901193e-06	1.16149723689185e-05	1.74151107110314e-05	1.98749609702122e-05	1.72734734705045e-05	1.14669210805614e-05	5.97644910156577e-06	2.98954605748306e-06	2.6870960013295e-06	4.17906132426478e-06	6.08758593397223e-06	6.93267174766061e-06	6.03319790538145e-06	3.99637737703526e-06	2.01491809989751e-06	7.73250644236525e-07	2.25868240616485e-07	5.02183030880922e-08	8.49847270930479e-09	3.05902320501826e-07	2.03934880334551e-07	2.03934880334551e-07	2.03934880334551e-07	2.03934880334551e-07	2.03934880334551e-07	2.03934880334551e-07	2.03934880334551e-07	1.359565868897e-07	9.06377245931337e-08	6.04251497287558e-08	4.02834331525039e-08	2.68556221016692e-08
1.57179681253482e-09	2.35769521880223e-09	3.53654282820335e-09	5.30481424230502e-09	7.95722136345754e-09	1.19358320451863e-08	1.79037480677795e-08	2.68556221016692e-08	4.02834331525038e-08	6.04251497287557e-08	9.06377245931335e-08	1.359565868897e-07	2.03934880334551e-07	3.05902320501826e-07	2.37971236286161e-06	1.33645263256218e-05	5.71287420101529e-05	0.000185877891333582	0.000460333731253532	0.000867740459747074	0.00124502732165534	0.00135968999667558	0.00113024581848464	0.000715118316034344	0.000344393447820488	0.00012624199383644	3.52228745443149e-05	7.48027790344625e-06	1.20915689265448e-06	3.05902320501826e-07	3.05902320501826e-07	3.05902320501826e-07	3.05902320501826e-07	3.05902320501826e-07	3.05902320501826e-07	3.05902320501826e-07	3.05902320501826e-07	3.05902320501826e-07	3.05902320501826e-07	3.05902320501826e-07	3.05902320501826e-07	3.05902320501826e-07	3.05902320501826e-07	3.05902320501826e-07	3.05902320501826e-07	3.05902320501826e-07	3.05902320501826e-07	2.03934880334551e-07	1.359565868897e-07	1.359565868897e-07	1.359565868897e-07	1.359565868897e-07	1.359565868897e-07	1.359565868897e-07	1.359565868897e-07	9.06377245931337e-08	6.04251497287558e-08	4.02834331525039e-08	2.68556221016693e-08	1.79037480677795e-08
1.57179681253482e-09	2.35769521880223e-09	3.53654282820335e-09	5.30481424230502e-09	7.95722136345754e-09	1.19358320451863e-08	1.79037480677795e-08	2.68556221016692e-08	4.02834331525038e-08	6.04251497287557e-08	9.06377245931335e-08	1.359565868897e-07	2.03934880334551e-07	3.05902320501826e-07	8.00278747973692e-06	4.49438619643462e-05	0.000192119513444979	0.000625092882963182	0.00154806651361276	0.00291814363588651	0.00418692999085502	0.00457253164354455	0.00380092872834309	0.00240488724410725	0.00115816836325841	0.000424542000730046	0.000118451785939636	2.51555924509578e-05	4.06630052967271e-06	3.05902320501826e-07	2.03934880334551e-07	2.03934880334551e-07	2.03934880334551e-07	2.03934880334551e-07	2.03934880334551e-07	2.03934880334551e-07	2.03934880334551e-07	2.03934880334551e-07	2.03934880334551e-07	2.03934880334551e-07	2.03934880334551e-07	2.03934880334551e-07	2.03934880334551e-07	2.03934880334551e-07	2.03934880334551e-07	2.03934880334551e-07	2.03934880334551e-07	1.359565868897e-07	9.06377245931337e-08	9.06377245931335e-08	9.06377245931335e-08	9.06377245931335e-08	9.06377245931335e-08	9.06377245931335e-08	9.06377245931335e-08	6.04251497287556e-08	4.02834331525039e-08	2.68556221016693e-08	1.79037480677795e-08	1.19358320451864e-08
1.57179681253482e-09	2.35769521880223e-09	3.53654282820335e-09	5.30481424230502e-09	7.95722136345754e-09	1.19358320451863e-08	1.79037480677795e-08	2.68556221016692e-08	4.02834331525038e-08	6.04251497287557e-08	9.06377245931335e-08	1.359565868897e-07	2.03934880334551e-07	3.05902320501826e-07	1.67581500377593e-05	9.41142050794053e-05	0.000402305776536516	0.0013089689494762	0.00324171183718681	0.00611070692627291	0.00876759518630241	0.00957506013110331	0.00795929344290137	0.00503592796418575	0.00242524985820423	0.000889007556876733	0.000248042673386376	5.2676794635528e-05	8.51499237577099e-06	3.05902320501826e-07	2.03934880334551e-07	1.359565868897e-07	1.359565868897e-07	1.359565868897e-07	1.359565868897e-07	1.359565868897e-07	1.359565868897e-07	1.359565868897e-07	1.359565868897e-07	1.359565868897e-07	1.359565868897e-07	1.359565868897e-07	1.359565868897e-07	1.359565868897e-07	1.359565868897e-07	1.359565868897e-07	1.359565868897e-07	9.06377245931337e-08	6.04251497287558e-08	6.04251497287557e-08	6.04251497287557e-08	6.04251497287557e-08	6.04251497287557e-08	6.04251497287557e-08	6.04251497287557e-08	4.02834331525038e-08	2.68556221016692e-08	1.79037480677795e-08	1.19358320451864e-08	7.95722136345758e-09
1.57179681253482e-09	2.35769521880223e-09	3.53654282820335e-09	5.30481424230502e-09	7.95722136345754e-09	1.19358320451863e-08	1.79037480677795e-08	2.68556221016692e-08	4.02834331525038e-08	6.04251497287557e-08	9.06377245931335e-08	1.359565868897e-07	2.03934880334551e-07	3.05902320501826e-07	2.18513784088604e-05	0.000122717907657196	0.000524576742621483	0.00170679793270769	0.00422695058149285	0.00796790630772318	0.011432290540419	0.0124851646357683	0.0103783253220744	0.00656647466082112	0.00316234502425672	0.00115919958288233	0.000323429155694311	6.86866134002376e-05	1.1102915305824e-05	3.05902320501826e-07	2.03934880334551e-07	1.359565868897e-07	9.06377245931335e-08	9.06377245931335e-08	9.06377245931335e-08	9.06377245931335e-08	9.06377245931335e-08	9.06377245931335e-08	9.06377245931335e-08	9.06377245931335e-08	9.06377245931335e-08	9.06377245931335e-08	9.06377245931335e-08	9.06377245931335e-08	9.06377245931335e-08	9.06377245931335e-08	9.06377245931335e-08	6.04251497287556e-08	4.02834331525039e-08	4.02834331525038e-08	4.02834331525038e-08	4.02834331525038e-08	4.02834331525038e-08	4.02834331525038e-08	4.02834331525038e-08	2.68556221016692e-08	1.79037480677795e-08	1.19358320451863e-08	7.95722136345758e-09	5.30481424230506e-09
1.57179681253482e-09	2.35769521880223e-09	3.53654282820335e-09	5.30481424230502e-09	7.95722136345754e-09	1.19358320451863e-08	1.79037480677795e-08	2.68556221016692e-08	4.02834331525038e-08	6.04251497287557e-08	9.06377245931335e-08	1.359565868897e-07	2.03934880334551e-07	3.05902320501826e-07	1.77418774329513e-05	9.96388436346591e-05	0.000425921701488331	0.0013858073004967	0.00343200496228556	0.00646941416984215	0.00928226557386225	0.0101371298667456	0.00842651536110311	0.00533154414421881	0.00256761549643551	0.000941193573009891	0.000262603133367761	5.57689978833277e-05	9.01483461677155e-06	3.05902320501826e-07	2.03934880334551e-07	1.359565868897e-07	9.06377245931335e-08	6.04251497287556e-08	6.04251497287557e-08	6.04251497287557e-08	6.04251497287557e-08	6.04251497287557e-08	6.04251497287557e-08	6.04251497287557e-08	6.04251497287557e-08	6.04251497287557e-08	6.04251497287557e-08	6.04251497287557e-08	6.04251497287557e-08	6.04251497287557e-08	6.04251497287557e-08	4.02834331525038e-08	2.68556221016692e-08	2.68556221016692e-08	2.68556221016692e-08	2.68556221016692e-08	2.68556221016692e-08	2.68556221016692e-08	2.68556221016692e-08	1.79037480677795e-08	1.19358320451863e-08	7.95722136345756e-09	5.30481424230504e-09	3.53654282820338e-09
1.57179681253482e-09	2.35769521880223e-09	3.53654282820335e-09	5.30481424230502e-09	7.95722136345754e-09	1.19358320451863e-08	1.79037480677795e-08	2.68556221016692e-08	4.02834331525038e-08	6.04251497287557e-08	9.06377245931335e-08	1.359565868897e-07	2.03934880334551e-07	3.05902320501826e-07	8.96991411024841e-06	5.0375270194767e-05	0.000215336910903552	0.000700634558309129	0.00173514837164145	0.00327079756166791	0.00469291512472193	0.00512511624391354	0.00426026610337203	0.00269551479145154	0.00129813152853791	0.000475847358483986	0.000132766532758032	2.81956136219829e-05	4.55770774745362e-06	3.05902320501826e-07	2.03934880334551e-07	1.359565868897e-07	9.06377245931335e-08	6.04251497287557e-08	4.02834331525038e-08	4.02834331525038e-08	4.02834331525038e-08	4.02834331525038e-08	4.02834331525038e-08	4.02834331525038e-08	4.02834331525038e-08	4.02834331525038e-08	4.02834331525038e-08	4.02834331525038e-08	4.02834331525038e-08	4.02834331525038e-08	4.02834331525038e-08	2.68556221016692e-08	1.79037480677795e-08	1.79037480677795e-08	1.79037480677795e-08	1.79037480677795e-08	1.79037480677795e-08	1.79037480677795e-08	1.79037480677795e-08	1.19358320451863e-08	7.95722136345756e-09	5.30481424230504e-09	3.53654282820336e-09	2.35769521880224e-09
1.57179681253482e-09	2.35769521880223e-09	3.53654282820335e-09	5.30481424230502e-09	7.95722136345754e-09	1.19358320451863e-08	1.79037480677795e-08	2.68556221016692e-08	4.02834331525038e-08	6.04251497287557e-08	9.06377245931335e-08	1.359565868897e-07	2.03934880334551e-07	3.05902320501826e-07	2.82387174269078e-06	1.58589369179006e-05	6.77914872299734e-05	0.000220570911476319	0.000546252327038004	0.00102969913612697	0.00147740438187779	0.00161346817386551	0.00134119958316105	0.000848590962859757	0.000408672468507356	0.000149804322866561	4.17970178557322e-05	8.87642797872228e-06	1.43483894731749e-06	3.05902320501826e-07	2.03934880334551e-07	1.359565868897e-07	9.06377245931335e-08	6.04251497287557e-08	4.02834331525038e-08	2.68556221016692e-08	2.68556221016692e-08	2.68556221016692e-08	2.68556221016692e-08	2.68556221016692e-08	2.68556221016692e-08	2.68556221016692e-08	2.68556221016692e-08	2.68556221016692e-08	2.68556221016692e-08	2.68556221016692e-08	2.68556221016692e-08	1.79037480677795e-08	1.19358320451863e-08	1.19358320451863e-08	1.19358320451863e-08	1.19358320451863e-08	1.19358320451863e-08	1.19358320451863e-08	1.19358320451863e-08	7.95722136345753e-09	5.30481424230504e-09	3.53654282820336e-09	2.35769521880224e-09	1.57179681253483e-09
