0.00658075993141664	0.00659522877196888	0.00599571213807854	0.00496042117517082	0.00377185166319237	0.00268234595112873	0.00182857076472889	0.001228093334542	0.000828792943033756	0.00056331882993561	0.000379143492915526	0.000245618644831679	0.000149744178573531	8.45930421849036e-05	4.30316220338411e-05	1.98517206420624e-05	8.15159556581611e-06	2.86197496511306e-06	9.2747051972772e-07	2.66496933515438e-07	2.3561959761585e-08	5.83665902529797e-09	3.05902320501826e-07	2.03934880334551e-07	1.359565868897e-07	1.359565868897e-07	1.359565868897e-07	1.359565868897e-07	9.06377245931337e-08	9.06377245931335e-08	9.06377245931335e-08	9.06377245931335e-08	6.04251497287556e-08	6.04251497287557e-08	6.04251497287557e-08	4.02834331525038e-08	2.68556221016692e-08	1.79037480677795e-08	1.79037480677795e-08	1.79037480677795e-08	1.79037480677795e-08	1.79037480677795e-08	1.19358320451863e-08	7.95722136345756e-09	5.30481424230504e-09	3.53654282820336e-09	2.35769521880224e-09	2.35769521880223e-09	2.35769521880223e-09	2.35769521880223e-09	2.35769521880223e-09	2.35769521880223e-09	2.35769521880223e-09	2.35769521880223e-09	2.35769521880223e-09	2.35769521880223e-09	2.35769521880223e-09	2.35769521880223e-09	2.35769521880223e-09	2.35769521880223e-09
0.0145836943109909	0.0145434312691136	0.0132427412993897	0.0110717988027415	0.0086125554684691	0.00636596170031204	0.00458910704072206	0.00330079331018995	0.00238978751517759	0.0017260767993191	0.00121724305362446	0.000817010437696954	0.000512917086369908	0.000296956852410717	0.000155613968366644	7.41147917478022e-05	3.17054683465332e-05	1.18450348805069e-05	4.09463337195003e-06	1.28177575397265e-06	2.18492241646447e-07	6.17431791825441e-08	9.34104698568009e-09	3.05902320501826e-07	2.03934880334551e-07	2.03934880334551e-07	2.03934880334551e-07	2.03934880334551e-07	1.359565868897e-07	1.359565868897e-07	1.359565868897e-07	1.359565868897e-07	9.06377245931337e-08	9.06377245931335e-08	9.06377245931335e-08	6.04251497287556e-08	4.02834331525039e-08	2.68556221016693e-08	2.68556221016692e-08	2.68556221016692e-08	2.68556221016692e-08	2.68556221016692e-08	1.79037480677795e-08	1.19358320451863e-08	7.95722136345756e-09	5.30481424230504e-09	3.53654282820338e-09	3.53654282820335e-09	3.53654282820335e-09	3.53654282820335e-09	3.53654282820335e-09	3.53654282820335e-09	3.53654282820335e-09	3.53654282820335e-09	3.53654282820335e-09	3.53654282820335e-09	3.53654282820335e-09	3.53654282820335e-09	3.53654282820335e-09	3.53654282820335e-09
0.0274893489716282	0.027299465054279	0.0249433685947991	0.0211484781894808	0.0169224129622566	0.0130859361158565	0.0100196445520999	0.00770564704019545	0.00593574773903523	0.00450498317357531	0.00329567331403774	0.00227515587962277	0.00146245201367496	0.00086466343386027	0.000464259346302523	0.000226740208750259	9.99078311402055e-05	3.88604785589663e-05	1.39323958699766e-05	4.54929416504781e-06	9.60345695924376e-07	2.76229976749918e-07	4.70008422405087e-08	3.05902320501826e-07	3.05902320501826e-07	3.05902320501826e-07	3.05902320501826e-07	3.05902320501826e-07	2.03934880334551e-07	2.03934880334551e-07	2.03934880334551e-07	2.03934880334551e-07	1.359565868897e-07	1.359565868897e-07	1.359565868897e-07	9.06377245931337e-08	6.04251497287558e-08	4.02834331525039e-08	4.02834331525038e-08	4.02834331525038e-08	4.02834331525038e-08	4.02834331525038e-08	2.68556221016692e-08	1.79037480677795e-08	1.19358320451863e-08	7.95722136345758e-09	5.30481424230506e-09	5.30481424230502e-09	5.30481424230502e-09	5.30481424230502e-09	5.30481424230502e-09	5.30481424230502e-09	5.30481424230502e-09	5.30481424230502e-09	5.30481424230502e-09	5.30481424230502e-09	5.30481424230502e-09	5.30481424230502e-09	5.30481424230502e-09	5.30481424230502e-09
0.0446613833830871	0.0442801395073395	0.0407549931975854	0.0352368682514139	0.0291994197436322	0.0237573239686747	0.0193405432692542	0.0158157639431507	0.0128398848588462	0.0101519936648251	0.00767042702617563	0.00545149728469909	0.00361199186887871	0.00221304217005603	0.00124705336312217	0.000649974762004631	0.000314726178975259	0.000142007851532042	6.25841660205615e-05	2.73270696232793e-05	1.09944434704695e-05	4.84101394245848e-06	1.93077662427566e-06	7.01649008683828e-07	2.44771944471199e-07	7.72837330576734e-08	2.04868695617866e-08	4.1761545314166e-09	3.05902320501826e-07	3.05902320501826e-07	3.05902320501826e-07	3.05902320501826e-07	2.03934880334551e-07	2.03934880334551e-07	2.03934880334551e-07	1.359565868897e-07	9.06377245931337e-08	6.04251497287558e-08	6.04251497287557e-08	6.04251497287557e-08	6.04251497287557e-08	6.04251497287557e-08	4.02834331525038e-08	2.68556221016692e-08	1.79037480677795e-08	1.19358320451864e-08	7.95722136345758e-09	7.95722136345754e-09	7.95722136345754e-09	7.95722136345754e-09	7.95722136345754e-09	7.95722136345754e-09	7.95722136345754e-09	7.95722136345754e-09	7.95722136345754e-09	7.95722136345754e-09	7.95722136345754e-09	7.95722136345754e-09	7.95722136345754e-09	7.95722136345754e-09
0.0637313329996692	0.0634286788977932	0.0592265882858845	0.0526475252292418	0.0455077457138288	0.0390641623360033	0.0336602205086872	0.0289632138487263	0.0244899712357918	0.0199915303452963	0.0155307413532244	0.0113629423608839	0.00778884892168277	0.00498003643601867	0.00296886483422779	0.00166418615426157	0.000887352876456586	0.000457210570107337	0.00023750463298815	0.000127244591006402	6.91654687314039e-05	4.01250461479445e-05	2.31734708549768e-05	1.31679926705814e-05	7.26053977849316e-06	3.74571068293679e-06	1.75814340276489e-06	7.42166894142477e-07	2.77181338774992e-07	9.22852591294107e-08	2.66485897300707e-08	6.98275087398358e-09	3.05902320501826e-07	3.05902320501826e-07	3.05902320501826e-07	2.03934880334551e-07	1.359565868897e-07	9.06377245931337e-08	9.06377245931335e-08	9.06377245931335e-08	9.06377245931335e-08	9.06377245931335e-08	6.04251497287556e-08	4.02834331525039e-08	2.68556221016693e-08	1.79037480677795e-08	1.19358320451864e-08	1.19358320451863e-08	1.19358320451863e-08	1.19358320451863e-08	1.19358320451863e-08	1.19358320451863e-08	1.19358320451863e-08	1.19358320451863e-08	1.19358320451863e-08	1.19358320451863e-08	1.19358320451863e-08	1.19358320451863e-08	1.19358320451863e-08	1.19358320451863e-08
0.0819232260175918	0.082643574275648	0.0791458687293321	0.0730430474479387	0.0661871269548428	0.0597572040474688	0.0539144066937451	0.0481366938370995	0.0418874825956395	0.035052814615752	0.0279578541959281	0.0211396418561035	0.0151257263054394	0.0102305244036031	0.00655952027662243	0.00402480259771717	0.0023942617035599	0.00140373958616039	0.000832928031933285	0.000506371652108222	0.000312105240720656	0.000196901156230096	0.000122778427095973	7.44666647982142e-05	4.33586859308935e-05	2.37260459883364e-05	1.19871999182655e-05	5.56636286266407e-06	2.36392035012323e-06	9.20249681687068e-07	3.23066438166428e-07	1.05662442779215e-07	2.25156526837525e-08	6.53397576608322e-09	1.65571337696388e-09	3.05902320501826e-07	2.03934880334551e-07	1.359565868897e-07	1.359565868897e-07	1.359565868897e-07	1.359565868897e-07	1.359565868897e-07	9.06377245931337e-08	6.04251497287558e-08	4.02834331525039e-08	2.68556221016693e-08	1.79037480677795e-08	1.79037480677795e-08	1.79037480677795e-08	1.79037480677795e-08	1.79037480677795e-08	1.79037480677795e-08	1.79037480677795e-08	1.79037480677795e-08	1.79037480677795e-08	1.79037480677795e-08	1.79037480677795e-08	1.79037480677795e-08	1.79037480677795e-08	1.79037480677795e-08
0.0973843709482553	0.100941440738754	0.100418995903891	0.0970060916194584	0.092150780488076	0.086754519312186	0.0808446165251142	0.073906399177501	0.0655789463853654	0.0560569114682179	0.0460021089119474	0.03620883190267	0.027350995768737	0.0198319270394848	0.0138384596080143	0.00935543976908729	0.00618439461559419	0.00404420525244952	0.00265453177064372	0.00176015807025806	0.00117085192266483	0.000779216290724351	0.000507656343407915	0.000318337212761878	0.000189609958156715	0.000105702083075455	5.43904185336412e-05	2.57502230072504e-05	1.11814805034393e-05	4.44649115701042e-06	1.59648879347855e-06	5.31649377875684e-07	1.22666973989446e-07	3.55975927770538e-08	9.02045135438448e-09	3.05902320501826e-07	2.03934880334551e-07	2.03934880334551e-07	2.03934880334551e-07	2.03934880334551e-07	2.03934880334551e-07	2.03934880334551e-07	1.359565868897e-07	9.06377245931337e-08	6.04251497287558e-08	4.02834331525039e-08	2.68556221016692e-08	2.68556221016692e-08	2.68556221016692e-08	2.68556221016692e-08	2.68556221016692e-08	2.68556221016692e-08	2.68556221016692e-08	2.68556221016692e-08	2.68556221016692e-08	2.68556221016692e-08	2.68556221016692e-08	2.68556221016692e-08	2.68556221016692e-08	2.68556221016692e-08
0.108774032513184	0.117472566115267	0.122617827818563	0.124378218177725	0.12333056859009	0.119944107153092	0.114273731330074	0.106149524866036	0.0957177272232631	0.0836756400323991	0.0710295120415819	0.0586774010204725	0.0472092032867587	0.0369354775453312	0.0280696032785313	0.0207620538511569	0.0150175939439552	0.0107057868192796	0.0075895423762613	0.00537341945936878	0.00378116616940519	0.00262719128769767	0.00177302011367524	0.00114406669424604	0.000697261068160904	0.000397234074309065	0.000209307595595339	0.000101731507357325	4.54757691205455e-05	1.86087689732108e-05	6.87932070269087e-06	2.34182839451966e-06	5.88261662600481e-07	1.70686811760066e-07	4.27926229322986e-08	3.05902320501826e-07	3.05902320501826e-07	3.05902320501826e-07	3.05902320501826e-07	3.05902320501826e-07	3.05902320501826e-07	3.05902320501826e-07	2.03934880334551e-07	1.359565868897e-07	9.06377245931337e-08	6.04251497287556e-08	4.02834331525038e-08	4.02834331525038e-08	4.02834331525038e-08	4.02834331525038e-08	4.02834331525038e-08	4.02834331525038e-08	4.02834331525038e-08	4.02834331525038e-08	4.02834331525038e-08	4.02834331525038e-08	4.02834331525038e-08	4.02834331525038e-08	4.02834331525038e-08	4.02834331525038e-08
0.113847249918791	0.12936309262584	0.142274258176716	0.151346443584862	0.155947420378469	0.155961715160746	0.151553313608818	0.143140700304168	0.131631397215341	0.118360788630679	0.104636997257741	0.0912474391839908	0.0783809860424128	0.0659582147672149	0.0540668485178627	0.0430876258342604	0.0334536392185272	0.0254600452539814	0.0191255632706808	0.0142306571130747	0.0104484281083368	0.00751355442003535	0.00522126196777929	0.00346023159398495	0.00216566616551045	0.00127209881114254	0.00069712746381362	0.000357202146238816	0.000172684105359913	8.0764345510129e-05	3.86559332562021e-05	2.07863153685534e-05	1.23473532953838e-05	8.17730550762519e-06	5.16598718367561e-06	2.93036845140563e-06	1.50958733092423e-06	6.79192751816176e-07	2.67590121668966e-07	9.20580499543994e-08	2.76546473523965e-08	7.25419353744965e-09	3.05902320501826e-07	2.03934880334551e-07	1.359565868897e-07	9.06377245931335e-08	6.04251497287556e-08	6.04251497287557e-08	6.04251497287557e-08	6.04251497287557e-08	6.04251497287557e-08	6.04251497287557e-08	6.04251497287557e-08	6.04251497287557e-08	6.04251497287557e-08	6.04251497287557e-08	6.04251497287557e-08	6.04251497287557e-08	6.04251497287557e-08	6.04251497287557e-08
0.109730793839895	0.131778454460146	0.152711636947594	0.170018273573626	0.18183653031586	0.187321824210465	0.186580173517901	0.180513835816746	0.170746858828489	0.15921997450297	0.147463368711267	0.135971745532789	0.124235073367749	0.111431003108432	0.0972579797301379	0.0822844096625987	0.0675614308199032	0.0541256551208704	0.0425554397137919	0.0329212635244223	0.024970058103576	0.0184328837329493	0.0130983414346411	0.00886759490552367	0.00567810181487985	0.00342571968489772	0.00194058992566311	0.00103565498966572	0.000527428641965459	0.000265113576547181	0.000140437303037432	8.43513062930927e-05	5.53541569926684e-05	3.80315202870673e-05	2.44309604388125e-05	1.40138555349513e-05	7.2192760479718e-06	3.24809294877997e-06	1.27969208303828e-06	4.40247782585652e-07	1.32252390541745e-07	3.4691617092599e-08	3.05902320501826e-07	2.03934880334551e-07	1.359565868897e-07	9.06377245931335e-08	9.06377245931335e-08	9.06377245931335e-08	9.06377245931335e-08	9.06377245931335e-08	9.06377245931335e-08	9.06377245931335e-08	9.06377245931335e-08	9.06377245931335e-08	9.06377245931335e-08	9.06377245931335e-08	9.06377245931335e-08	9.06377245931335e-08	9.06377245931335e-08	9.06377245931335e-08
0.0954763831575501	0.121358281517505	0.148093399275829	0.172570357541202	0.192101872536332	0.205104087392695	0.21128745749867	0.211587637137704	0.207957737562452	0.202701101623799	0.197443011739004	0.192268989138844	0.185752782217124	0.175973428519013	0.161849689420662	0.143875790148236	0.123708224653312	0.103336008090902	0.0842334255339929	0.0671120950608052	0.0521036164231061	0.0391888298803625	0.0283349054380334	0.0195640786322641	0.0128434863776308	0.00800030760628419	0.00471965605676528	0.00264787347864052	0.00143575417414073	0.000783084901987797	0.000458020007289415	0.000300418719933785	0.000209937989020386	0.000147103143819566	9.52019970717564e-05	5.48834781234069e-05	2.82367755971802e-05	1.2696488433029e-05	4.99804470735627e-06	1.71945902365307e-06	5.1653313273066e-07	1.35493729700685e-07	3.05902320501826e-07	2.03934880334551e-07	1.359565868897e-07	1.359565868897e-07	1.359565868897e-07	1.359565868897e-07	1.359565868897e-07	1.359565868897e-07	1.359565868897e-07	1.359565868897e-07	1.359565868897e-07	1.359565868897e-07	1.359565868897e-07	1.359565868897e-07	1.359565868897e-07	1.359565868897e-07	1.359565868897e-07	1.359565868897e-07
0.0740063250890195	0.0996709758443245	0.128212365967162	0.156844210541194	0.182772607233041	0.203940949227065	0.219468493623746	0.229865008265622	0.236922834557323	0.242955222302935	0.249497144668279	0.256134136653638	0.260385807571284	0.258913326095475	0.249337638641164	0.231484378160719	0.207182442030582	0.17926632903721	0.150377535077811	0.122413110063816	0.0965333930326924	0.0735321968478059	0.0539159647329284	0.0379590993244329	0.0256187408602286	0.0165501187482403	0.0102146485440249	0.00604620872826881	0.00349479845278174	0.00205810713180934	0.00130599607354063	0.000911579783793045	0.000661620701457108	0.000468616149385669	0.000304255980022017	0.000175780102442628	9.02925560501274e-05	4.05625490937499e-05	1.59561292912879e-05	5.48460974949873e-06	1.64760114474546e-06	4.32188392215076e-07	3.05902320501826e-07	2.03934880334551e-07	2.03934880334551e-07	2.03934880334551e-07	2.03934880334551e-07	2.03934880334551e-07	2.03934880334551e-07	2.03934880334551e-07	2.03934880334551e-07	2.03934880334551e-07	2.03934880334551e-07	2.03934880334551e-07	2.03934880334551e-07	2.03934880334551e-07	2.03934880334551e-07	2.03934880334551e-07	2.03934880334551e-07	2.03934880334551e-07
0.0509238189849867	0.0728486523038073	0.0991455563472963	0.128057176240279	0.157404209338596	0.185174029723484	0.210090291175749	0.232154366452886	0.25275633499811	0.273967272109199	0.29705668254962	0.321048097727335	0.342363273457478	0.356009889729852	0.357690277814242	0.345571631382486	0.320632889902109	0.285941595097422	0.245408424128457	0.202880120431604	0.161627943558961	0.124213895421763	0.0922207718379493	0.0662572323956737	0.0460805357693713	0.0309493709148944	0.0200034611361572	0.0124723026416249	0.00763974928679946	0.00479043180203748	0.00321993041537543	0.00233275408333984	0.00172529460297782	0.00122636510119584	0.000796149509593087	0.000460002660234937	0.000235858560079454	0.000105843760232916	4.16004068910461e-05	1.42875867172889e-05	4.29205455013581e-06	1.12586481336123e-06	3.05902320501826e-07	3.05902320501826e-07	3.05902320501826e-07	3.05902320501826e-07	3.05902320501826e-07	3.05902320501826e-07	3.05902320501826e-07	3.05902320501826e-07	3.05902320501826e-07	3.05902320501826e-07	3.05902320501826e-07	3.05902320501826e-07	3.05902320501826e-07	3.05902320501826e-07	3.05902320501826e-07	3.05902320501826e-07	3.05902320501826e-07	3.05902320501826e-07
0.0313173669279543	0.0478282330545091	0.0693217941712011	0.0952659125029924	0.124502491684057	0.155589098678504	0.187356099282422	0.219659594763828	0.253660669584491	0.29123034400337	0.333384965939359	0.378691072027906	0.422625127433363	0.458481814346459	0.479432687918324	0.480724167754352	0.460948404887525	0.422266812020721	0.36965954847323	0.309700528890287	0.24906879506496	0.193262000186106	0.145562276974175	0.106956337343112	0.0767436507282636	0.0535378878747243	0.0361009495736332	0.0235486223869975	0.0151109656208761	0.00989877944755364	0.00687074977024249	0.00504814756632306	0.00374237809931136	0.00264969579145029	0.00171487272938282	0.000992204526324664	0.000513202845218598	0.00023768103062788	0.000102136755323571	4.38206332468668e-05	2.07884929141707e-05	1.12394269683026e-05	5.87032301337018e-06	3.44037894998805e-06	1.86799400614487e-06	1.14769117087914e-06	1.1420565614608e-06	1.70468286265257e-06	2.67571154577964e-06	3.81432279062909e-06	4.78087416325436e-06	5.24260930885725e-06	5.01998402852104e-06	4.19731763622551e-06	3.06447439137822e-06	1.95368623419702e-06	1.08759773895034e-06	5.28684326341095e-07	2.24408464500369e-07	8.3175743676247e-08
0.0175438504121537	0.0288465802878827	0.0449123896562449	0.066167663031016	0.0924461792520677	0.123129775749204	0.15761974946085	0.196148372725845	0.240101660369046	0.291520960693481	0.351518386905787	0.418638778795053	0.487887580495553	0.551101945222314	0.598588051487752	0.621575822123697	0.614689599181222	0.577761781279532	0.516163714318853	0.439415560879264	0.358393988304911	0.282362041860443	0.216829349256664	0.163341568886646	0.120755877017151	0.087066535804102	0.0607734703152051	0.0410489199306076	0.0272087745325299	0.0182525698991392	0.012771175510277	0.00931168756903112	0.00680808915785127	0.00475698215492391	0.00305414290097416	0.00176788348094496	0.000927848454663891	0.000451780168900799	0.000219796832559691	0.000118317370308842	7.35352233390162e-05	4.87658767966176e-05	3.03696716291742e-05	1.83853917018873e-05	1.03572206676881e-05	6.48127091763756e-06	6.25277329532492e-06	9.0207980630449e-06	1.39777694781508e-05	1.98547211619491e-05	2.48641967423534e-05	2.72585938080005e-05	2.60990043514801e-05	2.18219441795052e-05	1.59322679158289e-05	1.01572565247298e-05	5.65444391062884e-06	2.74864112223096e-06	1.16670440746992e-06	4.32432470663361e-07
0.00932282259736752	0.0166660403791802	0.0280479242292437	0.0443733254860214	0.0661121580608486	0.0933531079254221	0.126219502310568	0.16565593510824	0.213710510235206	0.273092502671074	0.345579128248127	0.430380438678219	0.522799547927591	0.613912664082452	0.691515867931175	0.742602295104984	0.756990894813566	0.73096487730995	0.669024483372399	0.582607038387568	0.486125296485277	0.392350279604858	0.309180360194308	0.239233584773437	0.181626758604809	0.134396400964951	0.0962305579375982	0.0665987152837342	0.045004883553115	0.0303880016945026	0.0209952937562443	0.0148831294443406	0.0105455372889601	0.00718665855569193	0.0045533494471647	0.00264980103258512	0.0014475757668852	0.000789113316371842	0.000476278838654842	0.000332975548734935	0.000251598608205859	0.000184984583267478	0.000123528395720232	7.59658493519307e-05	4.35865585912612e-05	2.77249865530928e-05	2.68148771396473e-05	3.84722739610542e-05	5.94301118384643e-05	8.43340268297306e-05	0.000105586891500278	0.000115742756357862	0.000110816592389282	9.26561588601274e-05	6.76485438175394e-05	4.3127796790092e-05	2.40088164894566e-05	1.16707533653257e-05	4.95383674488873e-06	1.83611191415715e-06
0.00506856225332841	0.00986583716543684	0.017823852280417	0.0298809291948586	0.0466918276789108	0.0687043095159302	0.0966057213193493	0.132070589528331	0.177975708669104	0.237973820932846	0.314896934692953	0.409179603572077	0.517241493379289	0.630536183828931	0.735697712850334	0.816694756120271	0.859093292571706	0.855110173993604	0.806704720550183	0.72477679515318	0.624763963707707	0.521186261245426	0.423849816178895	0.33720044236545	0.262038369849216	0.197818767124963	0.144269440177724	0.101498608609668	0.0692804017134422	0.0465492807872849	0.0313134351714004	0.0212247755575975	0.0143193064892501	0.009386854093819	0.0058443523620803	0.00347373096523013	0.00208172053866612	0.00138351371539917	0.00107797322798764	0.00091846962446094	0.000771075645070112	0.000595970507285101	0.000412139581823114	0.00025772035901873	0.000150682709620125	9.73265568895762e-05	9.41390183709376e-05	0.000134103718995341	0.000206406329598916	0.000292565931209137	0.000366192115883882	0.000401371082132158	0.000384277441420561	0.000321302711903912	0.000234584088659858	0.00014955377211369	8.32551008218556e-05	4.04705391673055e-05	1.71783635329064e-05	6.36706447402329e-06
0.00313665403164187	0.00648235824444036	0.0121879768854611	0.0209548389165724	0.0332857455631215	0.0496488142830063	0.0710176428442446	0.0995707709674148	0.138822968374555	0.193183517113966	0.266411594593998	0.360246139780396	0.472793262132538	0.59722084894473	0.721127055521919	0.827923959451122	0.900833405153837	0.928439254333119	0.908670126036439	0.848812260265387	0.761701192877206	0.66070771221871	0.556283116414872	0.455178706462717	0.361414797651796	0.277523771697767	0.205388434705729	0.146265830621774	0.100393264243998	0.0668499630110248	0.0436028757037552	0.0280637122572667	0.0178236841773369	0.0111209423271817	0.00682172822541008	0.00428663507996305	0.00302455847895597	0.00255321154064304	0.0024284027542177	0.0023109787085274	0.00204536446282361	0.00162836381499013	0.00115463550865054	0.000736306517041597	0.00043898058278685	0.000286179212559846	0.000273245104737858	0.000383149215443311	0.000585970882797782	0.000829067397167946	0.00103725438227578	0.001136739510682	0.00108828899292923	0.000909942055070188	0.000664351466120693	0.000423542228866488	0.000235781755740583	0.000114614176025721	4.86498085349192e-05	1.8031779744174e-05
0.00232205813642833	0.00486617708839313	0.0091346601364833	0.0155177383545465	0.0242381184847508	0.0356070678553501	0.0506482306500427	0.0717107758850628	0.102494678634881	0.147592469110706	0.211110637983202	0.295706160268906	0.401334884231805	0.523942452110653	0.654174517320787	0.777621152013621	0.877679046598036	0.940607896905686	0.959785960385119	0.936634565515325	0.878193915974997	0.793676428623651	0.692289438153014	0.582664302233354	0.472737595499704	0.369259158812084	0.277261440530712	0.199801387067426	0.138000522708273	0.0914170169568217	0.0582735258449024	0.0359480903174194	0.0216303565690598	0.0129061804483047	0.00792683605423482	0.00547925192274967	0.00466889561277501	0.00473956516022456	0.00503552669867819	0.00506380180378789	0.0046223189287049	0.00376785359119231	0.00273429075864781	0.00178175445530846	0.00108250423510444	0.000707183240805751	0.000657243563615739	0.000898096834484797	0.00136009965878874	0.00191922550416921	0.00239963264873056	0.00262929540669057	0.00251711368159171	0.00210461339878845	0.00153658465317829	0.0009796147401456	0.00054534180452097	0.000265092188245134	0.000112522592312964	4.17058702168278e-05
0.00189837553631162	0.00391545515146718	0.00717354456470518	0.0118139758040926	0.0178264969625144	0.0253518294641632	0.0353144737460089	0.0499047349137961	0.0725013033021927	0.107241899644834	0.157929859375364	0.227589698105476	0.317788271911324	0.42757276177935	0.551750397815893	0.679958918343751	0.797992877396127	0.891679285111847	0.950777042658865	0.970526353098631	0.950767240696143	0.894555775940836	0.807862407749428	0.69970123842992	0.581143772553573	0.463034567228179	0.353869710100162	0.25901651679642	0.181050343912682	0.120543976190463	0.0764151135961265	0.0463068361463512	0.0271513951985714	0.0159054454030893	0.00998800668535295	0.00757787437626931	0.00734223340312018	0.00819028260906186	0.0091628968509337	0.00950442302626483	0.00888635651854998	0.00741107449864601	0.00550491949017325	0.00366742440597941	0.00226577154874052	0.00147230270207282	0.00131348191231937	0.00172912619046758	0.0025819686417168	0.00362966425081543	0.00453414515378995	0.00496686726179916	0.00475467318756269	0.00397548548187811	0.00290251405978102	0.00185043209338329	0.00103011718341353	0.000500742866283425	0.000212548267715578	7.87798279966939e-05
0.00150136558133657	0.00303833506021028	0.00543498991839831	0.00869470277689932	0.0126971183779871	0.0174820007934112	0.0237996490717913	0.0334431639677965	0.0491117353274235	0.0740749030198277	0.111421927818838	0.164076853677754	0.23466152505004	0.324774995526766	0.433177143508836	0.554062405987539	0.677019509164153	0.78946583338103	0.879654900034212	0.938280721513524	0.958738480493765	0.937617300806014	0.876322403917538	0.782245621451274	0.667490273830338	0.5453592187863	0.426960196220584	0.319858050573733	0.228474623008751	0.155015589797835	0.0997307128199991	0.0610608957503639	0.0360708299798486	0.0213320904060592	0.0136910981390646	0.0107966440836953	0.0109012884196435	0.0125456230895536	0.014378384623804	0.0152531720126402	0.0145844944408057	0.0124446375856164	0.00945685974399388	0.00643226756408557	0.00402736005054671	0.00258575324940719	0.00218701547021341	0.00273876226093988	0.00401063536723155	0.00560864825536223	0.00699758403086374	0.00766287941165662	0.0073349601580752	0.00613291943910243	0.00447766316356652	0.00285463272548239	0.00158914571000412	0.000772488208703172	0.000327894897054081	0.00012153241176014
0.0010500977990141	0.0020983652120665	0.00369611764827671	0.00580224434363946	0.00829345838744195	0.0111810333059618	0.015019967201415	0.0211085351573241	0.0313502104528695	0.0480451546268951	0.0734515091928102	0.110073547497003	0.160878449516341	0.228911017380627	0.315732766179102	0.419488696043924	0.533999731299355	0.649831564703587	0.756095851960765	0.841579632142359	0.895570552959689	0.909610185065459	0.880521470275532	0.812513193313147	0.71612687714202	0.604388992568285	0.488957175874816	0.37854692609077	0.279302908703474	0.195550445637592	0.129652679315092	0.0816652321743416	0.0494849266697124	0.0297886574444876	0.0191446965375232	0.0147981229163994	0.0146158562213865	0.0167553778948019	0.019423379352939	0.0209971112376058	0.0205082902255074	0.0178813839075276	0.0138710536874012	0.0096024834815058	0.00606825450423484	0.00383036612143798	0.00304225779333505	0.00357574629827978	0.00510064477175843	0.00708216637293135	0.00882099930900275	0.00965538597771101	0.00924132182453389	0.00772686981786663	0.00564141119032845	0.0035965539196537	0.00200216587626009	0.000973258475633908	0.000413115027620591	0.000153118777059853
0.000623570352867059	0.00123665218428099	0.00216036909183979	0.00335815093780583	0.00475328430376043	0.00636596465495452	0.00857428260183003	0.0122186070341637	0.0184979934503724	0.0288708750970972	0.0448392879776021	0.0683134506023234	0.101983730584858	0.149222742966795	0.212999843626941	0.294232616019788	0.390520888462977	0.496150157194315	0.6027216274268	0.699610865925982	0.774925408805386	0.817759105583231	0.821710051485586	0.787328018108316	0.721460582472687	0.633943988726038	0.53434695853892	0.430837011232383	0.33063976068698	0.240372680164181	0.16516736031326	0.107523332869688	0.0669591528163292	0.0408538462852561	0.0258457135807101	0.0189122009369922	0.0175518927972968	0.0195450237693555	0.0226771093681732	0.0248707721113049	0.0247409193034466	0.0219725617388939	0.0173347995034151	0.0121648025863509	0.00772986689403289	0.00478520942158484	0.00354970607594488	0.00386211103128685	0.00531855330616092	0.00731113666288256	0.00908382494006651	0.00993656030943986	0.00950905034523727	0.00795064312734726	0.00580476456806861	0.00370068980013511	0.00206013479819215	0.00100143733197279	0.000425075991029793	0.000157552041325797
0.000307969326966909	0.000608325911902065	0.00105990772718738	0.00164331797264726	0.00232832520175903	0.00314674095804759	0.00433642405135766	0.00638960770677699	0.00998942244217528	0.0159766660052047	0.0252644162978123	0.0391543080748327	0.0597299187459762	0.0899664835059962	0.133126853604893	0.191613490854724	0.265697776187946	0.352891921111956	0.447778194700409	0.541966271683006	0.624964499510568	0.68623601461762	0.718221032721297	0.718345527752088	0.68866775930148	0.633747228811126	0.558925720069933	0.470302886167954	0.375435583009889	0.283056526387717	0.201209079325096	0.135139209861727	0.0863780457473312	0.0534093670590086	0.0332548163038108	0.0228149183105657	0.0193117969386675	0.0202291395940931	0.0230518415613509	0.025399903320705	0.0255756237545155	0.02301781049106	0.0183831596285746	0.0130245140954707	0.00829948772379824	0.00504161415720717	0.00349238457683998	0.00347156030442828	0.00455957907630788	0.00617669615401252	0.00764474082783926	0.00835313728412453	0.00799152566687006	0.00668147973960035	0.00487804568189384	0.00310985516690297	0.00173121285366621	0.000841547447659189	0.00035720818856196	0.000132397219494532
0.000125282851652261	0.000246889314194914	0.000430835797865384	0.000670140173009014	0.00096049777988328	0.0013336348737188	0.00192688471332748	0.0030041886853884	0.00492179422044594	0.00812494203725672	0.0131289929044937	0.0207443565779142	0.0324220073063898	0.0504677683863407	0.0777709337376396	0.117130553815093	0.170175650006337	0.23655031794729	0.313441183599044	0.395354046121099	0.474801239239132	0.543672090550795	0.595068798314573	0.624309869654374	0.628712990566123	0.606940616383158	0.559318451653533	0.489258643638889	0.404196938950733	0.314510907432018	0.230565038771193	0.159760459286782	0.105271213072591	0.0666597898453174	0.0415598959614303	0.0271185882867009	0.0205687092911646	0.0193228952891159	0.0207858027063875	0.0225050924053135	0.0226623105120387	0.0205177165758364	0.0165123048216255	0.0117870534433675	0.00754427310816628	0.00453337070300188	0.00296180782894029	0.00265715122177693	0.00325493837246776	0.00429397998396491	0.00526954171488176	0.0057411893064441	0.00548746722375655	0.00458649474340496	0.00334810292116998	0.00213437279055271	0.00118813159591547	0.000577554117570503	0.000245152024057248	9.08642281390652e-05
4.18935670369019e-05	8.24775960942653e-05	0.000144966150875696	0.000227994722804862	0.000335522222035525	0.000490238434768411	0.000763284774256516	0.0012839489835158	0.00222240607856024	0.0037976332595778	0.00629012870507969	0.0101817749435583	0.0164253114783314	0.0266697691950103	0.0431488831828257	0.0683493459603257	0.104207479807641	0.151424612441007	0.209074402231313	0.274437289508122	0.343458393413888	0.411261608879523	0.472619067101101	0.521814023588358	0.55243700799152	0.5581050281307	0.534727647946799	0.483285776292822	0.410889572352102	0.328832071739638	0.24864214198153	0.178619612340372	0.122626389147787	0.080913629331121	0.0518644139430143	0.0333051175763826	0.0229529105108182	0.0185073927553275	0.0175622235795308	0.0178055201576128	0.0174696667984419	0.0157147420080192	0.0127010192571467	0.00918244412832305	0.00600117705607699	0.00368477922820076	0.00236376405162357	0.00190540248001697	0.00205902402231541	0.00253059553417914	0.00301345028308437	0.00324347042994574	0.00308548327040585	0.00257408888361012	0.0018776176802724	0.00119657687880448	0.000665944244402099	0.000323717374194108	0.000137406984197451	5.09291310485063e-05
1.14227814144438e-05	2.24667077423676e-05	4.00700445104311e-05	6.44014102665443e-05	9.93709717908205e-05	0.000157485692140269	0.00027104959134751	0.000497462404364232	0.00091097378025921	0.00161363128999253	0.00275997308841776	0.00463400350975265	0.00783814994566431	0.0134751060526049	0.0230882258552443	0.038540596596857	0.0615018190196721	0.09301928535498	0.133363976351207	0.181997432201842	0.237807695180268	0.2989041841792	0.361994702335481	0.421327833123084	0.468385296445667	0.493500285660097	0.489482418046324	0.455381323415168	0.397637622949748	0.327504822321102	0.256428679061928	0.192399713719495	0.139068844379828	0.0969594487947784	0.0652547091971032	0.0428107192750974	0.0282625438626686	0.0199326235909353	0.0158293786287199	0.0139202662568839	0.0125915660643391	0.0109633855254045	0.00890201557972632	0.00670167832617837	0.00474015376490562	0.00324765062999908	0.00225585801449223	0.00169733991570955	0.00147143167553754	0.00146220370437408	0.00153411660018637	0.00155370259497551	0.00143946415409851	0.00118764015319946	0.000862301479444417	0.000548478548188675	0.000304838939166463	0.00014818306752945	6.28986580316812e-05	2.33130362068604e-05
2.5618353022795e-06	5.03994444727719e-06	9.25025800571655e-06	1.54585025080378e-05	2.57022549185739e-05	4.53625341625722e-05	8.68954637705944e-05	0.000173012321729917	0.000333038194075152	0.000612604706060138	0.00109790472200484	0.00195227116046323	0.00353529454410502	0.00652722803811131	0.0118852952752239	0.0208354492353777	0.0346104267018335	0.0542476338915465	0.0806628708849386	0.114722331866721	0.157332285552433	0.208829322528956	0.267742778539058	0.32916778075175	0.384207384468637	0.421828012417012	0.433030334484153	0.415156875513406	0.373295084055403	0.317619597230504	0.258602243868171	0.203383976409851	0.155136001236916	0.114528141561325	0.081492425844803	0.0559340951935752	0.0374936442834803	0.0252264181444421	0.0176670871106841	0.0131598894914078	0.0103398051665144	0.00836939930902234	0.00687223969513395	0.00569983295005819	0.00474276720422335	0.00390137019950185	0.00309357124908407	0.00233080896585262	0.00168386449450656	0.00121367908807506	0.000917725013959305	0.000736045098571523	0.000599367979745533	0.000465118819533787	0.000328731495585093	0.000206720261675075	0.000113962576873927	5.53975298264556e-05	2.35143619473365e-05	8.71546688934697e-06
4.69234345808496e-07	9.21125338651782e-07	1.77474670647275e-06	3.14378601989829e-06	5.77061218818979e-06	1.14645061330582e-05	2.4175276433292e-05	5.1789391234278e-05	0.000104696587861959	0.000202340944434611	0.000390858642024978	0.000757164083456198	0.00149575028699073	0.00298382173792778	0.00575201289684717	0.0105206262724535	0.018122402254001	0.0294361512846831	0.0456142428937673	0.0682112979595906	0.0992318442717754	0.14042741094418	0.191878468048339	0.25012048602085	0.307232580961681	0.352358353382377	0.375677486719562	0.372836058966676	0.346803832690668	0.305793649801486	0.258890271049733	0.212552406051567	0.169865993496771	0.131841874185581	0.0989863995685545	0.0718491044125435	0.050692803780193	0.035111609417315	0.0241698059708837	0.0167230739446243	0.0118345886627253	0.00886899180582564	0.00732283698172913	0.00666719609080512	0.00631414192184853	0.00580970887289294	0.00493408355293452	0.00377447906015593	0.00258252046556899	0.00159436631887672	0.000913668878700493	0.000511098176375607	0.000296109371156074	0.000181033259527521	0.00011212392334786	6.62079342912522e-05	3.47947184939516e-05	1.69138107302031e-05	7.17933576938669e-06	2.66098069451047e-06
3.05902320501826e-07	3.05902320501826e-07	5.33870700649592e-08	2.06560320807581e-07	6.97866532582421e-07	2.0587921475728e-06	5.36246905449826e-06	1.30727172628463e-05	2.85221875299018e-05	5.93169619235226e-05	0.000127425405024144	0.00027305150616577	0.000587703010740854	0.00125489003129248	0.00253803934169938	0.00481840805019782	0.00862970828141722	0.0146462125866731	0.0239867721444065	0.0383663647209238	0.0601760128142453	0.0918842727451004	0.134722150600223	0.186819519892306	0.241978256456889	0.290567440977103	0.322784615645473	0.3327964401058	0.321070234855859	0.293329994190695	0.257126576061856	0.218609853749153	0.181336494884536	0.146909161033689	0.116129814143144	0.0895506411591205	0.0674133846144528	0.0494983440932533	0.0353723570040845	0.0246011274007257	0.0169380763900819	0.0121683019732407	0.00981367489276285	0.00904778260540663	0.0088347754522147	0.00835261968546155	0.0072119291282474	0.0055441019272143	0.00375747070551119	0.00224139565095388	0.00118280190724856	0.000559377990177585	0.00024448437467697	0.000104016084308733	4.56950292420492e-05	2.11748806134243e-05	8.67608185848956e-06	4.21746784529237e-06	1.79017125359438e-06	6.63516974090376e-07
2.03934880334551e-07	3.05902320501826e-07	1.21340869577213e-08	4.69480885848257e-08	1.58614682936057e-07	4.67932833102204e-07	1.20946911286717e-06	3.07566263567461e-06	7.01715205595766e-06	1.56221087452069e-05	3.77815924981395e-05	8.9084277380036e-05	0.000206076109657298	0.000465781153033143	0.000987316158889255	0.00195352631264366	0.00369596982435558	0.00669433618079421	0.0118913346214258	0.0208450644325868	0.0358553145651321	0.0595400765582492	0.0937685489759366	0.138011964388618	0.187988949815062	0.235940478526708	0.272945454794906	0.29238976432553	0.292523285432099	0.276514117490404	0.250244915793671	0.219563206181141	0.188588305849159	0.15946087788062	0.132938105137024	0.109038879668859	0.0874912240343161	0.0680285675909656	0.0507544812869384	0.036151246962161	0.0248980047169516	0.0173900774370762	0.0133233140457767	0.011686064916677	0.0110789723217786	0.0103409486999169	0.00888538010923524	0.00681403316587355	0.00460506718367969	0.00272882634640713	0.0014175809867466	0.000646084446991606	0.000260048870294063	9.37239363022889e-05	3.11595142617264e-05	1.00610848151272e-05	1.76682364187124e-06	8.58857952176075e-07	3.64555907313613e-07	1.35120610400723e-07
2.03934880334551e-07	3.05902320501826e-07	2.25235771879784e-09	8.71461446380591e-09	2.94424299636625e-08	8.68587914516324e-08	2.23752848901862e-07	6.14880753303385e-07	1.50693479115432e-06	3.67635547892304e-06	1.0203032286442e-05	2.61922080356995e-05	6.40025362951459e-05	0.000151276817893105	0.000339259797969304	0.000708372878105812	0.00146053558612252	0.0029177599825759	0.00579630591248266	0.0113441506007858	0.0214855270956045	0.0385629385296727	0.0645707741581428	0.0998590512836962	0.141892839991624	0.185098730581233	0.222250548435867	0.247013143097026	0.256318854227162	0.251185213584354	0.235668983121754	0.214780115888319	0.192566427867897	0.171170949453251	0.150944057200472	0.131179972711226	0.111041724630441	0.0902817687012238	0.0696545504970154	0.0506746707648512	0.0350360228549832	0.0238312211736395	0.0170531171002332	0.0136594309930809	0.012041257689837	0.0107819734203676	0.00908059754867879	0.00689961024903752	0.00464299160000069	0.00274252235642563	0.00141917085973615	0.00064153774290228	0.000253472896506719	8.74501097934244e-05	2.63453425699972e-05	6.93045903414346e-06	3.05902320501826e-07	3.05902320501826e-07	3.05902320501826e-07	3.05902320501826e-07
1.359565868897e-07	2.03934880334551e-07	3.05902320501826e-07	3.05902320501826e-07	3.05902320501826e-07	3.05902320501826e-07	3.05902320501826e-07	3.01343885914362e-08	1.37900253593943e-07	5.18421509074241e-07	2.08157252751633e-06	6.24779696376013e-06	1.65505298814081e-05	4.13941356392956e-05	0.000103224791043161	0.000235554530069614	0.000558691844614756	0.00127880904776611	0.00289121477562241	0.00629386419083129	0.0129146738957516	0.0245779114739297	0.0430273517495297	0.0690289123194078	0.10142504851925	0.136793764219974	0.170105149760423	0.196305356429107	0.212156770303783	0.217286079220603	0.213917106208923	0.205486501267203	0.194929937073598	0.183558844148256	0.170981119755868	0.155893011945881	0.137230275774251	0.115059536001142	0.0909017281215239	0.0672600031266948	0.0467484883194698	0.0311332191528221	0.0207969778694961	0.0148434084268026	0.0116379585853393	0.00961515223180761	0.00775264065059052	0.00576753414235475	0.00384511285467023	0.00226058053060453	0.00116758070830293	0.00052721849567183	0.000208307453287756	7.18676825485363e-05	2.16509587114934e-05	5.69554493365438e-06	3.05902320501826e-07	2.03934880334551e-07	2.03934880334551e-07	2.03934880334551e-07
9.06377245931337e-08	1.359565868897e-07	2.03934880334551e-07	2.03934880334551e-07	2.03934880334551e-07	2.03934880334551e-07	3.05902320501826e-07	6.64729223345593e-09	3.00995665422922e-08	1.12355109545969e-07	4.71919013294307e-07	1.4281587350393e-06	3.8153524716793e-06	9.78557539496961e-06	2.98580477440204e-05	7.79687362306743e-05	0.000222584736151613	0.000588334501345546	0.00148375569933197	0.00348880171138915	0.0075458180881932	0.0149084092717581	0.0269008287735871	0.0443738265628788	0.0671133292083727	0.0934951017556837	0.120687624413237	0.145449929110659	0.165287246116149	0.179277743360917	0.188103554097432	0.193227075694106	0.195677325955723	0.195250908841313	0.190590124488397	0.18002539577776	0.162672345204127	0.13918247864995	0.111842390587412	0.083939932788094	0.0587815753112633	0.0387059995130164	0.0245368903584966	0.0156677416347282	0.0105857747806282	0.00766566040818983	0.00567348153061778	0.00403104779718161	0.00262936405720126	0.00152865780037401	0.000785745592842763	0.00035388057771262	0.000139816915358419	4.82354317043702e-05	1.45314737198751e-05	3.8226788303758e-06	3.05902320501826e-07	2.03934880334551e-07	1.359565868897e-07	1.359565868897e-07
6.04251497287558e-08	9.06377245931337e-08	1.359565868897e-07	1.359565868897e-07	1.359565868897e-07	1.359565868897e-07	2.03934880334551e-07	3.05902320501826e-07	3.05902320501826e-07	3.05902320501826e-07	2.4163111260675e-08	9.22333305713707e-08	2.95680158591903e-07	9.97121293127529e-07	7.17454177663766e-06	2.46998104369653e-05	8.95452546536856e-05	0.000271613777456354	0.000742021072197774	0.0018365701012351	0.00410920491465005	0.00832944413888704	0.0154046717733206	0.0260919513306484	0.0407163472915278	0.0589084454307166	0.0795951163376156	0.101283341014349	0.122603154718773	0.142721204623114	0.161320800795509	0.178108653657111	0.192133328243943	0.201530175970565	0.203958340177758	0.197521877416926	0.181676479935223	0.157669612945296	0.128366642364062	0.0975368406537165	0.0689085017625394	0.0452568053928058	0.0278385198768727	0.0164002060006545	0.00962287165177257	0.00587915094045614	0.00376345012140368	0.00243449020059023	0.00150985714840351	0.000854363277055759	0.000433630952561973	0.000194092833061529	7.66700137898897e-05	2.64397866314819e-05	7.9652871554931e-06	2.09536452903067e-06	3.05902320501826e-07	2.03934880334551e-07	1.359565868897e-07	9.06377245931335e-08
4.02834331525039e-08	6.04251497287556e-08	9.06377245931335e-08	9.06377245931335e-08	9.06377245931335e-08	9.06377245931337e-08	1.359565868897e-07	2.03934880334551e-07	2.03934880334551e-07	3.05902320501826e-07	4.50224154048356e-09	1.63337177221457e-08	5.17435189460153e-08	1.77614999729945e-07	2.69482868935675e-06	1.00379890485144e-05	3.88806670381408e-05	0.00012427818516204	0.000348955901124456	0.000886961051246547	0.00202937539257417	0.00420516836196511	0.00799485580609414	0.0139969470846426	0.0227602802463267	0.0346162090099442	0.049610429227823	0.0675267347304629	0.0880107007645878	0.110624779276598	0.134655330643072	0.15875206229625	0.180604173641233	0.197120925609898	0.205188791020065	0.202678629333556	0.189198614364773	0.166277021896202	0.136999321340586	0.105293442972355	0.0750826674231214	0.0494549344852654	0.0300474939440462	0.0169455473230742	0.00903362505780435	0.00472280908502159	0.00250832216092849	0.00137902242193363	0.00076592533564568	0.000405099274924465	0.000198422721720244	8.73464368713283e-05	3.44430512454549e-05	1.18361093730875e-05	3.56576288888081e-06	9.38016788401932e-07	3.05902320501826e-07	2.03934880334551e-07	1.359565868897e-07	9.06377245931335e-08
2.68556221016692e-08	4.02834331525038e-08	6.04251497287557e-08	6.04251497287557e-08	6.04251497287557e-08	6.04251497287558e-08	9.06377245931337e-08	1.359565868897e-07	1.359565868897e-07	2.03934880334551e-07	3.05902320501826e-07	3.05902320501826e-07	3.05902320501826e-07	3.05902320501826e-07	9.32004057698078e-07	3.70981620908136e-06	1.5001715754033e-05	5.03212411851691e-05	0.00014424061795469	0.000378382287213832	0.000891085585915705	0.00190397722414468	0.00377215886550881	0.00692962274201561	0.0119371357464657	0.0193879113754084	0.0298503862674187	0.0438096206211471	0.06157506594168	0.0831471690212061	0.107897760524759	0.134236313531679	0.159418257325633	0.179881725689519	0.192109955161465	0.193665986583397	0.183905909072551	0.164111639529649	0.137133811433741	0.106763957310374	0.0769708393229343	0.0510784041301282	0.0310520024474557	0.0172767625761546	0.00883683983211169	0.00422643266470843	0.00193144798488178	0.00087655056927897	0.00040249303628325	0.000182011081204158	8.02884564879715e-05	3.34063430665837e-05	1.29800359949037e-05	4.32732227778002e-06	1.30365517079623e-06	3.42942162617455e-07	3.05902320501826e-07	2.03934880334551e-07	1.359565868897e-07	9.06377245931335e-08
1.79037480677795e-08	2.68556221016692e-08	4.02834331525038e-08	4.02834331525038e-08	4.02834331525038e-08	4.02834331525039e-08	6.04251497287556e-08	9.06377245931335e-08	9.06377245931337e-08	1.359565868897e-07	2.03934880334551e-07	2.03934880334551e-07	2.03934880334551e-07	3.05902320501826e-07	3.29826747904473e-07	1.30758422121717e-06	5.22488800177022e-06	1.80930403986983e-05	5.23073181289622e-05	0.000142989185763684	0.00035047285144596	0.00078217006402535	0.00164565033859907	0.00322882267327341	0.00598833883590546	0.0105043825861575	0.0174516379051671	0.027555000634473	0.0414306966803513	0.0594237496319915	0.0812628679228599	0.105729667561679	0.13044406814416	0.152103320278221	0.167204671592784	0.172992233205054	0.16820645171041	0.153379372371852	0.13069843982705	0.10355960359829	0.0758566440602028	0.0510838960456714	0.0314885426475736	0.0177337572265259	0.00913019668631438	0.00432589323031589	0.00189407591028106	0.000781300985191551	0.000306023496650687	0.000112258602215399	3.98945025538371e-05	1.38368314736593e-05	4.8915508875928e-06	1.2920780797444e-06	3.89253252150977e-07	1.02397746803706e-07	3.05902320501826e-07	2.03934880334551e-07	1.359565868897e-07	9.06377245931335e-08
1.19358320451863e-08	1.79037480677795e-08	2.68556221016692e-08	2.68556221016692e-08	2.68556221016692e-08	2.68556221016692e-08	4.02834331525038e-08	6.04251497287557e-08	6.04251497287558e-08	9.06377245931337e-08	1.359565868897e-07	1.359565868897e-07	2.03934880334551e-07	3.05902320501826e-07	9.76511402406498e-08	3.85724584618364e-07	1.52093238118444e-06	5.50579575695736e-06	1.61078728563505e-05	4.74058486676514e-05	0.000124130790212666	0.00029540233270374	0.000675223368885629	0.00143559417517626	0.00288976814744216	0.00547721548203195	0.00975699484312893	0.0164126012974755	0.0261095600061562	0.0393947006095691	0.0564043105408311	0.0765581640293464	0.0982742977236946	0.118991414142218	0.135596374896022	0.145163578407515	0.145726326051267	0.13682826854901	0.119732159198194	0.0972191083765428	0.0729301526103478	0.0503773701304345	0.031985811697862	0.018672007350652	0.0100338533946457	0.00497931957375334	0.00227614758955886	0.000962350015986053	0.000372919988467908	0.000129086881592519	4.09098812225134e-05	1.16566022577676e-05	3.36772962380311e-06	3.15077596677386e-07	9.49207181123667e-08	2.49700358468068e-08	3.05902320501826e-07	2.03934880334551e-07	1.359565868897e-07	9.06377245931335e-08
7.95722136345756e-09	1.19358320451863e-08	1.79037480677795e-08	1.79037480677795e-08	1.79037480677795e-08	1.79037480677795e-08	2.68556221016692e-08	4.02834331525038e-08	4.02834331525039e-08	6.04251497287556e-08	9.06377245931335e-08	1.359565868897e-07	2.03934880334551e-07	3.05902320501826e-07	2.2414567077871e-08	8.88463529019603e-08	3.47941812685635e-07	1.35824179442998e-06	4.06430353576768e-06	1.37105599681176e-05	3.99196259812078e-05	0.000103526386435745	0.000261538885236251	0.000604446678148777	0.00131550999389776	0.00267185440566527	0.00504835162805942	0.00896440557729223	0.0149868631683472	0.023712796400764	0.0355663739447125	0.0505528173239109	0.0679364878308092	0.0860661516689511	0.102485026947763	0.114395624825979	0.119371564369348	0.116105418834779	0.104933432029553	0.0878772548861616	0.0680710051765338	0.0487597055469873	0.0323326897939864	0.0198826617513523	0.0113452923295946	0.00600171758652106	0.00292324386617382	0.00130500244361891	0.000527565086624997	0.000188669266435578	6.07821058939607e-05	1.68538578041273e-05	4.47340489399171e-06	6.27488161865035e-08	1.89037962582355e-08	4.97287082942302e-09	3.05902320501826e-07	2.03934880334551e-07	1.359565868897e-07	9.06377245931335e-08
5.30481424230504e-09	7.95722136345753e-09	1.19358320451863e-08	1.19358320451863e-08	1.19358320451863e-08	1.19358320451863e-08	1.79037480677795e-08	2.68556221016692e-08	4.02834331525038e-08	6.04251497287557e-08	9.06377245931335e-08	1.359565868897e-07	2.03934880334551e-07	3.05902320501826e-07	4.66958731116659e-09	1.85092043363181e-08	7.08958909931759e-08	2.98296275628537e-07	9.02025680195594e-07	3.68914605880246e-06	1.21928866902811e-05	3.43289462588747e-05	9.51479409280676e-05	0.000235500016486582	0.000546571269104393	0.00117712839626089	0.00233905939188494	0.00437045487034986	0.00767998178408255	0.0127900420346984	0.0202213221270873	0.0303293424621051	0.0430108874743211	0.0574305867227556	0.0718982179898626	0.0840696320613924	0.0915095899977341	0.0924779303799697	0.086616554442385	0.075160200231823	0.0604930114980324	0.0452673795748616	0.031568391120366	0.0205313930031568	0.0124203928204522	0.00694844255153237	0.00355896019403354	0.00165474352416646	0.000691120885867083	0.000254475126619581	8.38754198945785e-05	2.35695163378586e-05	6.12806578980547e-06	3.05902320501826e-07	3.05902320501826e-07	3.05902320501826e-07	2.03934880334551e-07	1.359565868897e-07	9.06377245931337e-08	6.04251497287556e-08
3.53654282820335e-09	5.30481424230502e-09	7.95722136345754e-09	7.95722136345754e-09	7.95722136345754e-09	7.95722136345756e-09	1.19358320451863e-08	1.79037480677795e-08	2.68556221016692e-08	4.02834331525038e-08	6.04251497287556e-08	9.06377245931337e-08	1.359565868897e-07	2.03934880334551e-07	3.05902320501826e-07	3.05902320501826e-07	3.05902320501826e-07	1.86379433651567e-08	7.17817119792995e-08	6.85130890231336e-07	3.02252227720629e-06	9.72948009612567e-06	3.0429587504675e-05	8.10215450708942e-05	0.000200414049752354	0.000457513862232602	0.000954347614612525	0.00188222773603278	0.00349318504985093	0.00616708647948592	0.0103625904668489	0.0165321356470563	0.0249053109006555	0.0352202337599253	0.0464967304958596	0.0570475325291244	0.0648460282814481	0.0681887724224484	0.0663558578263184	0.0598877634317123	0.050302924617256	0.0394549716981991	0.0289347708784058	0.0197935522147202	0.0125493608181408	0.00730770918619315	0.0038663086358958	0.00184159213498904	0.000783387587695028	0.000293206836447487	9.78542907852382e-05	2.78763528786953e-05	7.14651155566194e-06	3.05902320501826e-07	2.03934880334551e-07	2.03934880334551e-07	1.359565868897e-07	9.06377245931337e-08	6.04251497287558e-08	4.02834331525039e-08
2.35769521880224e-09	3.53654282820335e-09	5.30481424230502e-09	5.30481424230502e-09	5.30481424230502e-09	5.30481424230504e-09	7.95722136345756e-09	1.19358320451863e-08	1.79037480677795e-08	2.68556221016692e-08	4.02834331525039e-08	6.04251497287558e-08	9.06377245931337e-08	1.359565868897e-07	2.03934880334551e-07	2.03934880334551e-07	3.05902320501826e-07	3.6352993098083e-09	1.40009014354579e-08	1.76681830323574e-07	8.5011010872656e-07	2.80313918176895e-06	9.1747848594692e-06	2.51169155771221e-05	6.46274975161834e-05	0.000155228676950348	0.00033895384618625	0.000711190171754324	0.00140612222779846	0.00265808742365882	0.00479140972774056	0.008188219084192	0.0131626260108156	0.0197601767960545	0.0275379953171874	0.0354820740689597	0.0421899456077948	0.0463132627886734	0.0470524876850459	0.0444149634683973	0.0391032799072428	0.0321693561139148	0.0246863790992286	0.0175701271083348	0.0114982504739968	0.00685204013297267	0.00368265777402988	0.00177099195469833	0.000757630730238207	0.000284897432031273	9.52876496150694e-05	2.73231991815908e-05	6.80650281872422e-06	3.05902320501826e-07	2.03934880334551e-07	1.359565868897e-07	9.06377245931337e-08	6.04251497287558e-08	4.02834331525039e-08	2.68556221016693e-08
1.57179681253482e-09	2.35769521880224e-09	3.53654282820335e-09	3.53654282820335e-09	3.53654282820335e-09	3.53654282820336e-09	5.30481424230504e-09	7.95722136345756e-09	1.19358320451863e-08	1.79037480677795e-08	2.68556221016693e-08	4.02834331525039e-08	6.04251497287558e-08	9.06377245931337e-08	1.359565868897e-07	1.359565868897e-07	2.03934880334551e-07	3.05902320501826e-07	3.05902320501826e-07	3.12311957965732e-08	1.82185918847711e-07	6.31461352307368e-07	2.23141413101296e-06	6.37032477597603e-06	1.73408814256993e-05	4.47706285493642e-05	0.000103586102510096	0.000235990842754198	0.00050361318732282	0.00103006532556598	0.00200842553702434	0.00369275452893791	0.00634777404322316	0.0101294201194627	0.0149300652216622	0.0202779411450522	0.025382645824961	0.0293474173027525	0.0314483523754231	0.0313310052947547	0.0290541928562927	0.0250293760945521	0.0199267429069961	0.0145519220999059	0.00966688570425965	0.00579565011728171	0.00311398383703498	0.00149084918777136	0.000633551742347824	0.000236733123955291	7.85915607756639e-05	2.25055380312493e-05	5.29435677884804e-06	3.05902320501826e-07	2.03934880334551e-07	1.359565868897e-07	9.06377245931335e-08	6.04251497287557e-08	4.02834331525038e-08	2.68556221016692e-08
1.04786454168988e-09	1.57179681253482e-09	2.35769521880223e-09	2.35769521880223e-09	2.35769521880223e-09	2.35769521880224e-09	3.53654282820336e-09	5.30481424230504e-09	7.95722136345758e-09	1.19358320451864e-08	1.79037480677795e-08	2.68556221016693e-08	4.02834331525039e-08	6.04251497287556e-08	9.06377245931335e-08	9.06377245931337e-08	1.359565868897e-07	2.03934880334551e-07	3.05902320501826e-07	6.1467211753008e-09	3.85537508360606e-08	1.34770065256086e-07	4.92391833417723e-07	1.42927305634588e-06	4.05818535968571e-06	1.13118686903727e-05	2.77115696043304e-05	6.98760797894683e-05	0.000162283773683062	0.000361190677811676	0.000767325763625797	0.00152169781947453	0.00280352049153718	0.00477406164385379	0.00749477540045181	0.0108474955850691	0.0144996569878653	0.017938430854965	0.0205632831239308	0.0218166992449807	0.0213421934628226	0.0191383840002295	0.0156252664352906	0.0115369696926925	0.00765821278677483	0.00454801795217514	0.00240690771559565	0.00113144247880401	0.000471483151809376	0.000172966226339848	5.63621359134293e-05	1.59539856106567e-05	3.36326917881222e-06	3.05902320501826e-07	2.03934880334551e-07	1.359565868897e-07	9.06377245931335e-08	6.04251497287557e-08	4.02834331525038e-08	2.68556221016692e-08
6.9857636112659e-10	1.04786454168988e-09	1.57179681253482e-09	1.57179681253482e-09	1.57179681253482e-09	1.57179681253483e-09	2.35769521880224e-09	3.53654282820338e-09	5.30481424230506e-09	7.95722136345758e-09	1.19358320451864e-08	1.79037480677795e-08	2.68556221016692e-08	4.02834331525038e-08	6.04251497287557e-08	6.04251497287558e-08	9.06377245931337e-08	1.359565868897e-07	2.03934880334551e-07	3.05902320501826e-07	3.07624576938665e-09	1.19645637988871e-08	5.77397024366099e-08	1.87628320710944e-07	6.31526634121331e-07	2.16918173371528e-06	6.00261148020188e-06	1.80684276066469e-05	4.69167712650053e-05	0.000114796624096225	0.000269866923082285	0.000579670265886946	0.0011516392859244	0.00211426886087325	0.00358765242376404	0.00563243699521449	0.00818298447661518	0.0109816289574768	0.0135549273981327	0.015293056022658	0.0156599684465012	0.0144559804768129	0.0119610446329086	0.0088312560022527	0.00579975987112362	0.00338043455115319	0.00174604011510054	0.000798297353575287	0.000322929394202979	0.00011508930682207	3.64039376057789e-05	1.00678304149156e-05	1.74489499805741e-06	3.05902320501826e-07	2.03934880334551e-07	1.359565868897e-07	9.06377245931335e-08	6.04251497287557e-08	4.02834331525038e-08	2.68556221016692e-08
4.65717574084392e-10	6.98576361126587e-10	1.04786454168988e-09	1.04786454168988e-09	1.04786454168988e-09	1.04786454168989e-09	1.57179681253484e-09	2.35769521880225e-09	3.53654282820338e-09	5.30481424230506e-09	7.95722136345758e-09	1.19358320451863e-08	1.79037480677795e-08	2.68556221016692e-08	4.02834331525038e-08	4.02834331525039e-08	6.04251497287558e-08	9.06377245931337e-08	1.359565868897e-07	2.03934880334551e-07	3.05902320501826e-07	3.05902320501826e-07	2.66565650406361e-09	1.05354358090343e-08	5.51282092596356e-08	3.03790320583267e-07	1.00308604922827e-06	4.00266998717853e-06	1.18584672932474e-05	3.21559942807407e-05	8.71388981869932e-05	0.000205853682455298	0.000448934458381189	0.000906322676226058	0.0016943264520991	0.00292701659939837	0.00465013925087256	0.00674663830968094	0.00886880469253254	0.0104837255904921	0.0110724903127832	0.0103964474950158	0.00864718534468881	0.00635586413699988	0.0041224338310161	0.00235769078916918	0.00118866856007387	0.000528299770307527	0.000207077132348847	7.14376013987365e-05	2.1813739934735e-05	5.84616838452672e-06	7.39326401576603e-07	3.05902320501826e-07	2.03934880334551e-07	1.359565868897e-07	9.06377245931335e-08	6.04251497287557e-08	4.02834331525038e-08	2.68556221016692e-08
3.10478382722928e-10	4.65717574084392e-10	6.98576361126588e-10	6.98576361126588e-10	6.98576361126588e-10	6.98576361126595e-10	1.04786454168989e-09	1.57179681253484e-09	2.35769521880225e-09	3.53654282820338e-09	5.30481424230504e-09	7.95722136345756e-09	1.19358320451863e-08	1.79037480677795e-08	2.68556221016692e-08	2.68556221016693e-08	4.02834331525039e-08	6.04251497287558e-08	9.06377245931337e-08	1.359565868897e-07	2.03934880334551e-07	2.03934880334551e-07	3.05902320501826e-07	3.05902320501826e-07	3.58141334076221e-09	4.18866943907131e-08	1.56083066130538e-07	8.53098530937346e-07	2.78555937179508e-06	8.16626191062467e-06	2.72278196599324e-05	7.16095686508714e-05	0.000173891398504937	0.000390105836417631	0.000805071167558874	0.00151773249367557	0.00259224504239847	0.00397886296258156	0.00545006850492339	0.00662518179746484	0.00711809641554892	0.00673986155630582	0.005613481090016	0.00410773264983759	0.00263934107277032	0.00148876657004679	0.000737298175450387	0.000320687435938135	0.000122574400570249	4.11390598709126e-05	1.21716021924327e-05	3.16201607553903e-06	2.55836426422995e-07	3.05902320501826e-07	2.03934880334551e-07	1.359565868897e-07	9.06377245931335e-08	6.04251497287557e-08	4.02834331525038e-08	2.68556221016692e-08
2.06985588481952e-10	3.10478382722928e-10	4.65717574084392e-10	4.65717574084392e-10	4.65717574084392e-10	4.65717574084397e-10	6.98576361126595e-10	1.04786454168989e-09	1.57179681253484e-09	2.35769521880224e-09	3.53654282820336e-09	5.30481424230504e-09	7.95722136345756e-09	1.19358320451863e-08	1.79037480677795e-08	1.79037480677795e-08	2.68556221016693e-08	4.02834331525039e-08	6.04251497287558e-08	9.06377245931337e-08	1.359565868897e-07	1.359565868897e-07	2.03934880334551e-07	2.03934880334551e-07	3.05902320501826e-07	4.29256439505572e-09	1.74263737713405e-08	1.5470478501956e-07	5.47318308474371e-07	1.71844620661922e-06	8.23087047114958e-06	2.44914684737495e-05	6.66245435831166e-05	0.000165011459024273	0.000369470421109842	0.000742371670501409	0.00132966969267158	0.00211143925945197	0.00296016986893018	0.00365293908462269	0.00395946642359233	0.00376427559620341	0.00313604393777409	0.00228827850188225	0.00146202315574799	0.000817908265657403	0.000400701303217414	0.000171956596697226	6.46682729565087e-05	2.13069572358286e-05	6.16513341279841e-06	1.5640549812792e-06	7.23015807127889e-08	3.05902320501826e-07	2.03934880334551e-07	1.359565868897e-07	9.06377245931335e-08	6.04251497287557e-08	4.02834331525038e-08	2.68556221016692e-08
1.37990392321302e-10	2.06985588481952e-10	3.10478382722928e-10	3.10478382722928e-10	3.10478382722928e-10	3.10478382722931e-10	4.65717574084397e-10	6.98576361126595e-10	1.04786454168989e-09	1.57179681253483e-09	2.35769521880224e-09	3.53654282820336e-09	5.30481424230504e-09	7.95722136345753e-09	1.19358320451863e-08	1.19358320451864e-08	1.79037480677795e-08	2.68556221016693e-08	4.02834331525039e-08	6.04251497287556e-08	9.06377245931335e-08	9.06377245931337e-08	1.359565868897e-07	1.359565868897e-07	2.03934880334551e-07	3.05902320501826e-07	3.05902320501826e-07	1.98834851186223e-08	7.6446175617328e-08	2.56645514671289e-07	2.43023298267472e-06	8.14541172220269e-06	2.44096671736347e-05	6.51563251633245e-05	0.000154232224177359	0.000322532338388531	0.000594063437165771	0.000961492515120836	0.00136511492648374	0.00169812950864373	0.00184918819032948	0.00176178397458629	0.0014680107435012	0.00106960492614428	0.000681397768981811	0.00037955024539583	0.000184872874372706	7.87569519843529e-05	2.93510502556038e-05	9.56862417632948e-06	2.73224992358348e-06	6.8328703117231e-07	1.66875450722159e-08	3.05902320501826e-07	2.03934880334551e-07	1.359565868897e-07	9.06377245931335e-08	6.04251497287557e-08	4.02834331525038e-08	2.68556221016692e-08
9.19935948808677e-11	1.37990392321301e-10	2.06985588481952e-10	2.06985588481952e-10	2.06985588481952e-10	2.06985588481954e-10	3.10478382722931e-10	4.65717574084395e-10	6.98576361126592e-10	1.04786454168989e-09	1.57179681253483e-09	2.35769521880224e-09	3.53654282820335e-09	5.30481424230502e-09	7.95722136345754e-09	7.95722136345758e-09	1.19358320451864e-08	1.79037480677795e-08	2.68556221016692e-08	4.02834331525038e-08	6.04251497287557e-08	6.04251497287556e-08	9.06377245931335e-08	9.06377245931337e-08	1.359565868897e-07	2.03934880334551e-07	3.05902320501826e-07	3.90223049895974e-09	1.50029331499527e-08	5.0367928398707e-08	8.06390660186808e-07	2.81761487079288e-06	8.72953428116412e-06	2.39012830718446e-05	5.76510349539322e-05	0.000122206985198495	0.000227249831350198	0.000370220161842341	0.000527910407762597	0.000658447376995507	0.000718040992382971	0.000684410400191083	0.000570089117281199	0.000414937551591536	0.000263887476876417	0.000146640822911998	7.1205527463866e-05	3.02158599481864e-05	1.12066326717278e-05	3.63264033666024e-06	1.02983559986932e-06	2.5533141428758e-07	3.14554830193374e-09	3.05902320501826e-07	2.03934880334551e-07	1.359565868897e-07	9.06377245931335e-08	6.04251497287557e-08	4.02834331525038e-08	2.68556221016692e-08
6.13290632539117e-11	9.19935948808674e-11	1.37990392321301e-10	1.37990392321301e-10	1.37990392321301e-10	1.37990392321303e-10	2.06985588481954e-10	3.1047838272293e-10	4.65717574084395e-10	6.98576361126592e-10	1.04786454168989e-09	1.57179681253482e-09	2.35769521880224e-09	3.53654282820335e-09	5.30481424230502e-09	5.30481424230506e-09	7.95722136345758e-09	1.19358320451863e-08	1.79037480677795e-08	2.68556221016692e-08	4.02834331525038e-08	4.02834331525038e-08	6.04251497287557e-08	6.04251497287558e-08	9.06377245931337e-08	1.359565868897e-07	2.03934880334551e-07	3.05902320501826e-07	3.05902320501826e-07	3.05902320501826e-07	2.11214356226645e-07	7.8160274455781e-07	2.52559307001896e-06	7.12615621360569e-06	1.75574709741575e-05	3.77731531513755e-05	7.09609105357248e-05	0.000116404502526587	0.000166738172969681	0.000208552287282565	0.000227776825433187	0.000217229485682881	0.00018090170983794	0.000131547085083691	8.35284545503979e-05	4.63129369480476e-05	2.24225426646285e-05	9.47942631183675e-06	3.49940260241978e-06	1.12802941747761e-06	3.17513065052051e-07	7.80400312764271e-08	3.05902320501826e-07	2.03934880334551e-07	1.359565868897e-07	9.06377245931337e-08	6.04251497287556e-08	4.02834331525038e-08	2.68556221016692e-08	1.79037480677795e-08
4.08860421692745e-11	6.13290632539117e-11	9.19935948808675e-11	9.19935948808675e-11	9.19935948808675e-11	9.19935948808684e-11	1.37990392321302e-10	2.06985588481954e-10	3.1047838272293e-10	4.65717574084395e-10	6.9857636112659e-10	1.04786454168988e-09	1.57179681253482e-09	2.35769521880224e-09	3.53654282820335e-09	3.53654282820338e-09	5.30481424230504e-09	7.95722136345756e-09	1.19358320451863e-08	1.79037480677795e-08	2.68556221016692e-08	2.68556221016692e-08	4.02834331525038e-08	4.02834331525039e-08	6.04251497287558e-08	9.06377245931337e-08	1.359565868897e-07	2.03934880334551e-07	2.03934880334551e-07	3.05902320501826e-07	5.53088470824782e-08	2.04671441138241e-07	6.6135485957381e-07	1.86606389520812e-06	4.59762060975958e-06	9.89132362399951e-06	1.85819099599571e-05	3.04818239866535e-05	4.36622598782824e-05	5.46117544852633e-05	5.96459153245152e-05	5.68839761656513e-05	4.73711407933325e-05	3.4447078991318e-05	2.1872862253768e-05	1.21275617498811e-05	5.8715941737763e-06	2.48229405272244e-06	9.16357802921191e-07	2.95387149199547e-07	8.31443556933631e-08	2.04356570892752e-08	3.05902320501826e-07	2.03934880334551e-07	1.359565868897e-07	9.06377245931335e-08	6.04251497287557e-08	4.02834331525038e-08	2.68556221016692e-08	1.79037480677795e-08
2.7257361446183e-11	4.08860421692745e-11	6.13290632539117e-11	6.13290632539117e-11	6.13290632539117e-11	6.13290632539123e-11	9.19935948808684e-11	1.37990392321302e-10	2.06985588481954e-10	3.10478382722929e-10	4.65717574084393e-10	6.9857636112659e-10	1.04786454168988e-09	1.57179681253482e-09	2.35769521880223e-09	2.35769521880224e-09	3.53654282820336e-09	5.30481424230504e-09	7.95722136345756e-09	1.19358320451863e-08	1.79037480677795e-08	1.79037480677795e-08	2.68556221016692e-08	2.68556221016693e-08	4.02834331525039e-08	6.04251497287558e-08	9.06377245931337e-08	1.359565868897e-07	2.03934880334551e-07	3.05902320501826e-07	1.18283733679642e-08	4.37711207382837e-08	1.4143762924747e-07	3.99077211790081e-07	9.83249083015363e-07	2.11536264268101e-06	3.97393510243492e-06	6.51885573591946e-06	9.33762931560038e-06	1.16792928510696e-05	1.27559006117097e-05	1.21652311381276e-05	1.01308121526085e-05	7.3668668438787e-06	4.67773954821021e-06	2.59360547159335e-06	1.25570160681566e-06	5.30864453220175e-07	1.95972666279515e-07	6.31716203308398e-08	1.77812869813278e-08	4.37037824547618e-09	3.05902320501826e-07	2.03934880334551e-07	1.359565868897e-07	9.06377245931335e-08	6.04251497287557e-08	4.02834331525038e-08	2.68556221016692e-08	1.79037480677795e-08
1.81715742974553e-11	2.7257361446183e-11	4.08860421692744e-11	4.08860421692744e-11	4.08860421692744e-11	4.08860421692749e-11	6.13290632539123e-11	9.19935948808684e-11	1.37990392321302e-10	2.06985588481953e-10	3.10478382722929e-10	4.65717574084393e-10	6.9857636112659e-10	1.04786454168988e-09	1.57179681253482e-09	1.57179681253483e-09	2.35769521880224e-09	3.53654282820336e-09	5.30481424230504e-09	7.95722136345753e-09	1.19358320451863e-08	1.19358320451863e-08	1.79037480677795e-08	1.79037480677795e-08	2.68556221016693e-08	4.02834331525039e-08	6.04251497287558e-08	9.06377245931337e-08	1.359565868897e-07	2.03934880334551e-07	3.05902320501826e-07	3.05902320501826e-07	3.05902320501826e-07	3.05902320501826e-07	3.05902320501826e-07	3.05902320501826e-07	3.05902320501826e-07	3.05902320501826e-07	3.05902320501826e-07	3.05902320501826e-07	3.05902320501826e-07	3.05902320501826e-07	3.05902320501826e-07	3.05902320501826e-07	3.05902320501826e-07	3.05902320501826e-07	3.05902320501826e-07	3.05902320501826e-07	3.05902320501826e-07	3.05902320501826e-07	3.05902320501826e-07	3.05902320501826e-07	2.03934880334551e-07	1.359565868897e-07	9.06377245931337e-08	6.04251497287556e-08	4.02834331525038e-08	2.68556221016692e-08	1.79037480677795e-08	1.19358320451863e-08
1.21143828649702e-11	1.81715742974553e-11	2.7257361446183e-11	2.7257361446183e-11	2.7257361446183e-11	2.72573614461833e-11	4.08860421692749e-11	6.13290632539121e-11	9.19935948808681e-11	1.37990392321302e-10	2.06985588481953e-10	3.10478382722929e-10	4.65717574084392e-10	6.98576361126587e-10	1.04786454168988e-09	1.04786454168989e-09	1.57179681253483e-09	2.35769521880224e-09	3.53654282820335e-09	5.30481424230502e-09	7.95722136345754e-09	7.95722136345753e-09	1.19358320451863e-08	1.19358320451864e-08	1.79037480677795e-08	2.68556221016693e-08	4.02834331525039e-08	6.04251497287558e-08	9.06377245931337e-08	1.359565868897e-07	2.03934880334551e-07	2.03934880334551e-07	2.03934880334551e-07	2.03934880334551e-07	2.03934880334551e-07	2.03934880334551e-07	2.03934880334551e-07	2.03934880334551e-07	2.03934880334551e-07	2.03934880334551e-07	2.03934880334551e-07	2.03934880334551e-07	2.03934880334551e-07	2.03934880334551e-07	2.03934880334551e-07	2.03934880334551e-07	2.03934880334551e-07	2.03934880334551e-07	2.03934880334551e-07	2.03934880334551e-07	2.03934880334551e-07	2.03934880334551e-07	1.359565868897e-07	9.06377245931337e-08	6.04251497287558e-08	4.02834331525039e-08	2.68556221016692e-08	1.79037480677795e-08	1.19358320451863e-08	7.95722136345756e-09
8.07625524331347e-12	1.21143828649702e-11	1.81715742974553e-11	1.81715742974553e-11	1.81715742974553e-11	1.81715742974555e-11	2.72573614461832e-11	4.08860421692747e-11	6.13290632539121e-11	9.19935948808681e-11	1.37990392321302e-10	2.06985588481952e-10	3.10478382722928e-10	4.65717574084392e-10	6.98576361126588e-10	6.98576361126592e-10	1.04786454168989e-09	1.57179681253482e-09	2.35769521880224e-09	3.53654282820335e-09	5.30481424230502e-09	5.30481424230502e-09	7.95722136345754e-09	7.95722136345758e-09	1.19358320451864e-08	1.79037480677795e-08	2.68556221016693e-08	4.02834331525039e-08	6.04251497287558e-08	9.06377245931337e-08	1.359565868897e-07	1.359565868897e-07	1.359565868897e-07	1.359565868897e-07	1.359565868897e-07	1.359565868897e-07	1.359565868897e-07	1.359565868897e-07	1.359565868897e-07	1.359565868897e-07	1.359565868897e-07	1.359565868897e-07	1.359565868897e-07	1.359565868897e-07	1.359565868897e-07	1.359565868897e-07	1.359565868897e-07	1.359565868897e-07	1.359565868897e-07	1.359565868897e-07	1.359565868897e-07	1.359565868897e-07	9.06377245931337e-08	6.04251497287558e-08	4.02834331525039e-08	2.68556221016693e-08	1.79037480677795e-08	1.19358320451863e-08	7.95722136345756e-09	5.30481424230504e-09
5.38417016220898e-12	8.07625524331347e-12	1.21143828649702e-11	1.21143828649702e-11	1.21143828649702e-11	1.21143828649703e-11	1.81715742974555e-11	2.72573614461832e-11	4.08860421692747e-11	6.13290632539121e-11	9.19935948808677e-11	1.37990392321302e-10	2.06985588481952e-10	3.10478382722928e-10	4.65717574084392e-10	4.65717574084395e-10	6.9857636112659e-10	1.04786454168988e-09	1.57179681253482e-09	2.35769521880224e-09	3.53654282820335e-09	3.53654282820335e-09	5.30481424230502e-09	5.30481424230506e-09	7.95722136345758e-09	1.19358320451864e-08	1.79037480677795e-08	2.68556221016693e-08	4.02834331525039e-08	6.04251497287556e-08	9.06377245931335e-08	9.06377245931335e-08	9.06377245931335e-08	9.06377245931335e-08	9.06377245931335e-08	9.06377245931335e-08	9.06377245931335e-08	9.06377245931335e-08	9.06377245931335e-08	9.06377245931335e-08	9.06377245931335e-08	9.06377245931335e-08	9.06377245931335e-08	9.06377245931335e-08	9.06377245931335e-08	9.06377245931335e-08	9.06377245931335e-08	9.06377245931335e-08	9.06377245931335e-08	9.06377245931335e-08	9.06377245931335e-08	9.06377245931335e-08	6.04251497287556e-08	4.02834331525039e-08	2.68556221016693e-08	1.79037480677795e-08	1.19358320451864e-08	7.95722136345758e-09	5.30481424230504e-09	3.53654282820336e-09
3.58944677480599e-12	5.38417016220898e-12	8.07625524331347e-12	8.07625524331347e-12	8.07625524331347e-12	8.07625524331355e-12	1.21143828649703e-11	1.81715742974555e-11	2.72573614461832e-11	4.08860421692746e-11	6.13290632539119e-11	9.19935948808677e-11	1.37990392321302e-10	2.06985588481952e-10	3.10478382722928e-10	3.10478382722929e-10	4.65717574084393e-10	6.9857636112659e-10	1.04786454168988e-09	1.57179681253482e-09	2.35769521880223e-09	2.35769521880224e-09	3.53654282820335e-09	3.53654282820338e-09	5.30481424230506e-09	7.95722136345758e-09	1.19358320451864e-08	1.79037480677795e-08	2.68556221016692e-08	4.02834331525038e-08	6.04251497287557e-08	6.04251497287557e-08	6.04251497287557e-08	6.04251497287557e-08	6.04251497287557e-08	6.04251497287557e-08	6.04251497287557e-08	6.04251497287557e-08	6.04251497287557e-08	6.04251497287557e-08	6.04251497287557e-08	6.04251497287557e-08	6.04251497287557e-08	6.04251497287557e-08	6.04251497287557e-08	6.04251497287557e-08	6.04251497287557e-08	6.04251497287557e-08	6.04251497287557e-08	6.04251497287557e-08	6.04251497287557e-08	6.04251497287557e-08	4.02834331525038e-08	2.68556221016692e-08	1.79037480677795e-08	1.19358320451864e-08	7.95722136345758e-09	5.30481424230506e-09	3.53654282820338e-09	2.35769521880224e-09
2.39296451653733e-12	3.58944677480599e-12	5.38417016220898e-12	5.38417016220898e-12	5.38417016220898e-12	5.38417016220904e-12	8.07625524331355e-12	1.21143828649703e-11	1.81715742974554e-11	2.72573614461831e-11	4.08860421692746e-11	6.13290632539119e-11	9.19935948808677e-11	1.37990392321301e-10	2.06985588481952e-10	2.06985588481953e-10	3.10478382722929e-10	4.65717574084393e-10	6.9857636112659e-10	1.04786454168988e-09	1.57179681253482e-09	1.57179681253482e-09	2.35769521880223e-09	2.35769521880225e-09	3.53654282820338e-09	5.30481424230506e-09	7.95722136345758e-09	1.19358320451863e-08	1.79037480677795e-08	2.68556221016692e-08	4.02834331525038e-08	4.02834331525038e-08	4.02834331525038e-08	4.02834331525038e-08	4.02834331525038e-08	4.02834331525038e-08	4.02834331525038e-08	4.02834331525038e-08	4.02834331525038e-08	4.02834331525038e-08	4.02834331525038e-08	4.02834331525038e-08	4.02834331525038e-08	4.02834331525038e-08	4.02834331525038e-08	4.02834331525038e-08	4.02834331525038e-08	4.02834331525038e-08	4.02834331525038e-08	4.02834331525038e-08	4.02834331525038e-08	4.02834331525038e-08	2.68556221016692e-08	1.79037480677795e-08	1.19358320451863e-08	7.95722136345758e-09	5.30481424230506e-09	3.53654282820338e-09	2.35769521880225e-09	1.57179681253484e-09
