5.2167968406846e-05	8.67285002924788e-05	0.000178694343498353	0.00034128974366604	0.000573118111489032	0.0008343608470742	0.00104989334935441	0.00114091891299879	0.00107228091529669	0.000875527834107018	0.000626962800833582	0.000400664505043736	0.000235172633777561	0.000131950912660864	7.38384594732715e-05	4.27181928740177e-05	2.66165520292498e-05	1.89669875568434e-05	1.57098070232935e-05	1.42892867382029e-05	1.25856027896627e-05	1.0016812098519e-05	6.99452990917338e-06	4.2226376989804e-06	2.18931259520128e-06	9.76149212994772e-07	3.73186395074276e-07	1.22331009091842e-07	3.43833727141081e-08	8.28631718237222e-09	3.05902320501826e-07	3.05902320501826e-07	3.05902320501826e-07	3.05902320501826e-07	3.05902320501826e-07	3.05902320501826e-07	3.05902320501826e-07	3.05902320501826e-07	3.05902320501826e-07	2.03934880334551e-07	1.359565868897e-07	9.06377245931337e-08	6.04251497287556e-08	4.02834331525038e-08	2.68556221016692e-08	1.79037480677795e-08	1.79037480677795e-08	1.79037480677795e-08	1.79037480677795e-08	1.79037480677795e-08	1.79037480677795e-08	1.79037480677795e-08	1.79037480677795e-08	1.79037480677795e-08	1.79037480677795e-08	1.79037480677795e-08	1.79037480677795e-08	1.79037480677795e-08	1.19358320451863e-08	1.19358320451863e-08
0.000142689675907406	0.000236670676278994	0.000467328153462706	0.000862730023834287	0.00141757649073504	0.00203906623581563	0.00255428693919783	0.00278230756859748	0.00264210631825146	0.00220457845003341	0.00164153882017753	0.00111867591868553	0.000721837046701775	0.000456032386667341	0.000288000183950213	0.000184239714616492	0.000123476690127563	9.24805104517497e-05	7.92399324348461e-05	7.29641923099274e-05	6.46388592797824e-05	5.16108771346769e-05	3.61545375448481e-05	2.20530665734231e-05	1.19039557599257e-05	6.16252709510893e-06	3.69709719484777e-06	3.01587094882781e-06	2.92823159980831e-06	2.76318757356456e-06	2.30675544682795e-06	1.6771047969599e-06	1.04549030243773e-06	5.58831628090141e-07	2.56119772937363e-07	1.00648289782149e-07	3.39133625460613e-08	9.79797815653573e-09	2.42718702844641e-09	3.05902320501826e-07	2.03934880334551e-07	1.359565868897e-07	9.06377245931335e-08	6.04251497287557e-08	4.02834331525038e-08	2.68556221016692e-08	2.68556221016692e-08	2.68556221016692e-08	2.68556221016692e-08	2.68556221016692e-08	2.68556221016692e-08	2.68556221016692e-08	2.68556221016692e-08	2.68556221016692e-08	2.68556221016692e-08	2.68556221016692e-08	2.68556221016692e-08	2.68556221016692e-08	1.79037480677795e-08	1.79037480677795e-08
0.000340857550673227	0.000562428360774099	0.00104399090635558	0.00182591526670901	0.00289037761372208	0.0040677573933943	0.00505067771976022	0.00551958122573492	0.00533117858968643	0.00460689594702923	0.00363975126806481	0.00270688199128524	0.00194895538908732	0.00137865418225791	0.000958336930728519	0.000658766935233486	0.00046627839030314	0.000364809428825761	0.000322532364689391	0.000300943759413048	0.000268085321598126	0.000214882513929664	0.00015154352109439	9.40248978479468e-05	5.29546908546507e-05	3.01135463740355e-05	2.07882883047745e-05	1.86727131282202e-05	1.85758440841162e-05	1.74877392445149e-05	1.4542029050941e-05	1.05236862711098e-05	6.54559555861662e-06	3.49490970249582e-06	1.60012259715496e-06	6.28805816116368e-07	2.1187562808254e-07	6.12134161876591e-08	1.51639866270237e-08	3.05902320501826e-07	2.03934880334551e-07	1.359565868897e-07	9.06377245931335e-08	6.04251497287557e-08	4.02834331525038e-08	4.02834331525038e-08	4.02834331525038e-08	4.02834331525038e-08	4.02834331525038e-08	4.02834331525038e-08	4.02834331525038e-08	4.02834331525038e-08	4.02834331525038e-08	4.02834331525038e-08	4.02834331525038e-08	4.02834331525038e-08	4.02834331525038e-08	4.02834331525038e-08	2.68556221016692e-08	2.68556221016692e-08
0.000731333073819509	0.00120111319242391	0.00207721868233526	0.00338533777968141	0.00507478017910415	0.00689993595892121	0.00844236228113405	0.00927373189030223	0.00920156936908138	0.00837762735539789	0.00716395820250541	0.00588573730850224	0.00469789160567279	0.00362779016523208	0.00268853613244134	0.00193318091797617	0.00141819238781513	0.00114490627207262	0.00103636132151011	0.000978312154148538	0.000876655013230823	0.000706284433745161	0.0005023221286643	0.000317782040231977	0.000187464861400683	0.000117295151763417	9.17537556833e-05	8.9240339525927e-05	9.11122831336686e-05	8.61940552343912e-05	7.17354700459884e-05	5.18455504175772e-05	3.22275632621914e-05	1.72022569899717e-05	7.87375161810826e-06	3.09417592184823e-06	1.04258015755717e-06	3.01213941740764e-07	7.46176977025322e-08	3.05902320501826e-07	2.03934880334551e-07	1.359565868897e-07	9.06377245931335e-08	6.04251497287556e-08	6.04251497287557e-08	6.04251497287557e-08	6.04251497287557e-08	6.04251497287557e-08	6.04251497287557e-08	6.04251497287557e-08	6.04251497287557e-08	6.04251497287557e-08	6.04251497287557e-08	6.04251497287557e-08	6.04251497287557e-08	6.04251497287557e-08	6.04251497287557e-08	6.04251497287557e-08	4.02834331525038e-08	4.02834331525038e-08
0.00141414127730752	0.0023128690857943	0.00376587877869728	0.00572954612351993	0.00808544775097535	0.0105405598486173	0.0126580884431347	0.0140075567147741	0.0143928320514739	0.0139359956796706	0.0129228095305128	0.0115666964323435	0.00994382376828025	0.00811122622508635	0.00624246709974368	0.00462111838363752	0.00348852201386685	0.00289781395530123	0.00267855108842216	0.00255355144687232	0.00229940279332793	0.00186383936330457	0.0013430941439796	0.00087612275617913	0.00055242266301872	0.000387111410230821	0.000339225751727461	0.000348937416701005	0.000361370742091115	0.000342230756332949	0.00028465363586991	0.000205428860599531	0.000127606526930508	6.80899184438894e-05	3.11558744660913e-05	1.22434337877002e-05	4.12541544172981e-06	1.19188211814161e-06	2.95256916311947e-07	3.05902320501826e-07	2.03934880334551e-07	1.359565868897e-07	9.06377245931337e-08	9.06377245931335e-08	9.06377245931335e-08	9.06377245931335e-08	9.06377245931335e-08	9.06377245931335e-08	9.06377245931335e-08	9.06377245931335e-08	9.06377245931335e-08	9.06377245931335e-08	9.06377245931335e-08	9.06377245931335e-08	9.06377245931335e-08	9.06377245931335e-08	9.06377245931335e-08	9.06377245931335e-08	6.04251497287556e-08	6.04251497287557e-08
0.00243640519335269	0.00396010284411613	0.00622022791250504	0.00905498343953181	0.0122385402029608	0.0154442689467257	0.0182880445405446	0.0204213819374766	0.0216712091272286	0.0220596148222512	0.0216525435175165	0.0204063305532159	0.0182469307006354	0.0152979448038262	0.0120212646819853	0.00909049997106015	0.00704692275885751	0.00601624959283558	0.005663254227988	0.00544071512694684	0.00492268894548464	0.00402910989394441	0.00297005583947673	0.00203342599517395	0.0013997867867705	0.00109842562108409	0.00104281795987977	0.00109971704562066	0.00113811945346622	0.00107224826535012	0.000888621232766408	0.000639578142060651	0.000396735785298328	0.000211541062897875	9.67384441201614e-05	3.80112039192712e-05	1.28060873653472e-05	3.6998325986089e-06	9.16534569407719e-07	3.05902320501826e-07	2.03934880334551e-07	2.03934880334551e-07	1.359565868897e-07	1.359565868897e-07	1.359565868897e-07	1.359565868897e-07	1.359565868897e-07	1.359565868897e-07	1.359565868897e-07	1.359565868897e-07	1.359565868897e-07	1.359565868897e-07	1.359565868897e-07	1.359565868897e-07	1.359565868897e-07	1.359565868897e-07	1.359565868897e-07	1.359565868897e-07	9.06377245931337e-08	9.06377245931335e-08
0.00369677134865081	0.00594063054662925	0.00923486507137378	0.0133152711313937	0.0178308623625992	0.0223699305918318	0.0265251992625168	0.0299479096014986	0.0324121520632314	0.0337848329851469	0.0338920985764272	0.0324610879477084	0.029338409614265	0.0248097304818967	0.0197201274344737	0.0152003099873797	0.0121081728448396	0.0106016738066696	0.010105271566254	0.00973500094152124	0.00883891829250021	0.00733540336662369	0.00559289572923111	0.00408415384292304	0.00309388304418851	0.00266390722096886	0.00264731309874032	0.00280348099757605	0.00287586473600494	0.00268720249462057	0.00221590810693826	0.00158986545866426	0.000984599364950953	0.000524542395555701	0.000239711230339451	9.41758517941294e-05	3.1723101797571e-05	9.16518549430183e-06	2.27042957125146e-06	3.05902320501826e-07	3.05902320501826e-07	3.05902320501826e-07	2.03934880334551e-07	2.03934880334551e-07	2.03934880334551e-07	2.03934880334551e-07	2.03934880334551e-07	2.03934880334551e-07	2.03934880334551e-07	2.03934880334551e-07	2.03934880334551e-07	2.03934880334551e-07	2.03934880334551e-07	2.03934880334551e-07	2.03934880334551e-07	2.03934880334551e-07	2.03934880334551e-07	2.03934880334551e-07	1.359565868897e-07	1.359565868897e-07
0.00505669264363635	0.0079232515459685	0.0123771631789073	0.0181635854656549	0.0248423559739469	0.0318225611142964	0.0384542234894601	0.044114879527022	0.0482953613598075	0.050607300946586	0.0507049528500696	0.0482998625120086	0.0434203312699691	0.0367121571981509	0.0294680448695013	0.0232097216873112	0.0189844308989377	0.0168755863717896	0.0160376259636121	0.0152992912833141	0.0138625205238853	0.0116953000126812	0.009314617483165	0.00732604695029494	0.00606498065215633	0.00556283970355907	0.0056154363230636	0.00587112435166562	0.00592067714893193	0.00546433016996585	0.00447423531235539	0.0031980702005739	0.00197787718318955	0.0010539841664687	0.000482331747577368	0.000190105156321033	6.43557158686725e-05	1.87426932581823e-05	4.69944942911782e-06	5.4262984666971e-08	1.4317677850912e-08	3.44160453982075e-09	3.05902320501826e-07	3.05902320501826e-07	3.05902320501826e-07	3.05902320501826e-07	3.05902320501826e-07	3.05902320501826e-07	3.05902320501826e-07	3.05902320501826e-07	3.05902320501826e-07	3.05902320501826e-07	3.05902320501826e-07	3.05902320501826e-07	3.05902320501826e-07	3.05902320501826e-07	3.05902320501826e-07	3.05902320501826e-07	2.03934880334551e-07	2.03934880334551e-07
0.00667913850449287	0.00994452725345335	0.0155420690655307	0.0234072446263755	0.0331298130209461	0.0439294582318177	0.0547419597442973	0.0643616749167864	0.0716228536722571	0.0755767285571326	0.0756084734835343	0.0715888335685302	0.0640705593778009	0.0543727451281031	0.0443521898363138	0.0358216696747543	0.0298381448335786	0.0263233566665831	0.0242537002534771	0.0223826348796571	0.019954262250178	0.0170306949754985	0.0141730645213291	0.0119441422081796	0.0105826819293369	0.0100444735390831	0.0100833153306318	0.0102833116965514	0.0101187865663693	0.00918098691734686	0.00744492879836839	0.00529729854831935	0.0032743041691971	0.00174971234977943	0.000805811352807199	0.000321376777332734	0.000110977760247183	3.34975341878942e-05	9.0997784560368e-06	1.15364619431255e-06	1.54304688472834e-06	2.67394972910977e-06	4.34113905945121e-06	6.21498823809672e-06	7.7810120361947e-06	8.55775960910306e-06	8.31112331509409e-06	7.16048583000682e-06	5.48807928835741e-06	3.74279990256098e-06	2.26588228138054e-06	1.21239356984858e-06	5.70275259604298e-07	2.34535277746742e-07	8.39299576536112e-08	2.46368818596615e-08	6.71785364597966e-09	1.5706394324261e-09	3.05902320501826e-07	3.05902320501826e-07
0.00930843149926043	0.0127997495361114	0.0194243050713265	0.0295109613041521	0.042907985637394	0.0588545476911474	0.0759543667084432	0.0922503999983897	0.105460672158756	0.113467921945845	0.114914029268901	0.109711264959985	0.0991559610142554	0.0855683524006996	0.0715608452115856	0.0592263450076639	0.0495663658620461	0.0424271055469322	0.0369138299113221	0.032098646542445	0.0275369343909633	0.0233946534286109	0.0200747137364493	0.0178103854321422	0.0165008350157766	0.0158918935830054	0.0156883826560775	0.0154947960065274	0.0147870951810798	0.0131319589334338	0.0105270600473281	0.00746659619656828	0.0046350386140776	0.00250697683710192	0.00118028678520379	0.000488444807821504	0.000179559733218737	6.1319154483941e-05	2.28679783772529e-05	1.2351773784787e-05	1.73941035399186e-05	2.69292433800591e-05	3.94414938630574e-05	5.22553240151737e-05	6.16940463972023e-05	6.48485420608357e-05	6.10225566455328e-05	5.19447880057546e-05	4.05809143541477e-05	2.9615387714571e-05	2.05713868037215e-05	1.38020802459854e-05	8.97047716049154e-06	5.58108698094976e-06	3.25095685661437e-06	1.72189862978748e-06	8.24029137389468e-07	3.47643013883964e-07	1.2629540579935e-07	4.07916043788413e-08
0.0141211660579447	0.017785159215725	0.0251821266539698	0.0372335009050375	0.0543917404378787	0.0763629314495215	0.101780687490309	0.127967503643249	0.151105775402345	0.167173190996212	0.173343836004273	0.169132642210414	0.156483126029561	0.138799506180932	0.11952631616099	0.101068325541482	0.0844916524647713	0.0699315672477093	0.0572151334411822	0.0463340043705247	0.0375130631207002	0.0310257259458463	0.0268585902155395	0.0245594812318675	0.0233661613915576	0.0226001603637396	0.0218578977696903	0.0208521653205794	0.0192345226838486	0.0166875472638117	0.0132538980760831	0.0094492282873235	0.00598604298390284	0.00336366636405131	0.00168485370383149	0.000766637265590776	0.000326222507339482	0.000141313479026033	7.65927756897955e-05	6.5151475307078e-05	8.83752749836055e-05	0.000131234361498316	0.000187571812815745	0.000245526273816679	0.000288673302617977	0.000303946976901808	0.000288200851865144	0.000249057242027524	0.000199473058375278	0.000150947119002928	0.000109799382150868	7.74294133586025e-05	5.26223106073885e-05	3.38442783018245e-05	2.01246810320882e-05	1.07890011296891e-05	5.18037744054686e-06	2.18618882352285e-06	7.96089405717411e-07	2.56267730336885e-07
0.0221541439249255	0.0259712373715145	0.0336374219431514	0.046834094633825	0.0670142243470575	0.0948918097212374	0.129617948457164	0.168012935276943	0.204585370768672	0.232977741154103	0.248329421009036	0.249164139483514	0.237527191593883	0.217437727409553	0.192846103318079	0.166381849604485	0.13942418719862	0.112998503022427	0.0884655971257111	0.0674910732923996	0.0514294840173395	0.0407437675534035	0.0347913402552223	0.0320927237729853	0.0308808958682992	0.0297993115107406	0.028236466322217	0.026074930360707	0.0233058716845912	0.0198579762338033	0.0158115304075459	0.0115728755907343	0.00772342562329709	0.0047046743927356	0.00263803413504542	0.00139047258163723	0.000715165220859913	0.000395921749374101	0.000280546404570556	0.000282733442772089	0.000371341966106337	0.000524711338127872	0.00072311222238145	0.000926265716191368	0.00107777084108994	0.00113252361934273	0.00108003006310738	0.000947111084416371	0.00077822577328224	0.000611392060770567	0.000465920532234841	0.00034491226855045	0.000244597099976706	0.000162416827780298	9.86374981685244e-05	5.36081946481878e-05	2.58990819087275e-05	1.09617199555744e-05	4.00665710161302e-06	1.28777609297559e-06
0.0335269289668997	0.0374924936733763	0.0447698036383948	0.0578787041444318	0.0795638038691121	0.111939278469515	0.155080355642389	0.20569442230951	0.256988904396473	0.300528236862132	0.329361687951676	0.340483353847725	0.335092974630918	0.316758260408977	0.289128701294914	0.254744696845847	0.215499598166628	0.173883806963128	0.133541437551007	0.0985355582898438	0.0718931090155441	0.0545367773764226	0.0451803352734461	0.0411226644770577	0.0393328436341235	0.0375666012777422	0.0349034693338636	0.031407512199464	0.0274851302492806	0.0233504083749748	0.0190503438697889	0.0147260377388998	0.0106778873238807	0.00723867754433323	0.0046021721670041	0.0027891665874128	0.00168012110631046	0.00111081123357762	0.000916579713049094	0.000979210685279862	0.00124295917183184	0.00167387446753243	0.00222215042081841	0.00278049374109319	0.00319738840862249	0.00335211713441847	0.00321931707892792	0.00287422125069526	0.00243511832390469	0.00199596769334752	0.00159668344751552	0.00123750159148892	0.000910115748175584	0.000619562305360581	0.000381977615147234	0.000209450482650921	0.000101522217674304	4.30180979557174e-05	1.57711020798649e-05	5.12441309124593e-06
0.046737187864719	0.0509721917421191	0.0574272229196107	0.0694061784904416	0.0909673823813445	0.125656066857934	0.17462285038905	0.234931301948367	0.299345937135288	0.358321464425337	0.403375559500039	0.429722329079885	0.436704681318718	0.426120055202135	0.400234165050251	0.360929988454967	0.310514561686979	0.25311049920438	0.19496839861039	0.143017832940399	0.102542321638289	0.0754782892374436	0.0602426238931472	0.05301699592785	0.0494410332773037	0.0462729748337811	0.0421809138954375	0.0373329830121152	0.032478897470168	0.0280273367422623	0.02386483402928	0.0197301593473502	0.0155526992037121	0.0115572709436525	0.00809006380572908	0.00543672586771082	0.00369406433453875	0.00279107838060636	0.00254579587310317	0.00278254655060705	0.00339934024579468	0.00434102236875505	0.00551226568468274	0.00669550993426018	0.00757878690307131	0.00791577930900894	0.00766507469473706	0.00699390819365333	0.00614270938661478	0.00527617012501733	0.00443351703680593	0.00358555832755579	0.00272049254412163	0.00188932432382822	0.00117815883530676	0.000650069213402371	0.000315688524023453	0.000133795068372286	4.91325208534323e-05	1.60896979653518e-05
0.0584528274710873	0.0632407093694014	0.0690063039060394	0.0796368006610219	0.100177693281639	0.135206572309417	0.18676192981859	0.252625748582658	0.326143370137425	0.398017872388698	0.459316837128188	0.503782311459278	0.528356341549557	0.532029255658833	0.514613927659262	0.476489414378767	0.419728628987666	0.349543623384261	0.274444093455862	0.204294482895469	0.147203351645166	0.106979144890633	0.0825335313842134	0.0694254573601501	0.0621481434691001	0.056448743753737	0.0504494570175724	0.0442343355879245	0.0386810299822422	0.0342011472601709	0.03038654825361	0.0265114990188681	0.0221471617266927	0.0174679557224874	0.0130448381151288	0.00948692373242787	0.00713955373669016	0.006026055699762	0.00591838747014977	0.00653799845542337	0.00769829222660554	0.00930740940953437	0.0112278832759505	0.013130607967188	0.014535615710977	0.0150763720061414	0.0147295088664588	0.0137961063624654	0.0126398911852071	0.0114271931361029	0.0100868460554873	0.0084823529584888	0.00660952520016816	0.00466550742092327	0.00293675869566347	0.00163038941335161	0.000795404224912922	0.00033939366764402	0.000126466566454517	4.29172700594858e-05
0.0644295749017387	0.0700401021205494	0.0757662476653691	0.0857283816292381	0.105332750444205	0.139485073903143	0.190656680962061	0.257465167138855	0.334653016774691	0.41449170338489	0.488976662107456	0.55133837516354	0.596373361727082	0.619878684722848	0.618416693007094	0.589867650202989	0.534933473787096	0.458693390536327	0.370868000266493	0.283785199351305	0.208698725893824	0.152229158890996	0.114902135321131	0.0925361563511397	0.0789661119597058	0.0690588985561476	0.0602696277887996	0.0523488085628152	0.0460061733087355	0.0414175500472721	0.0377696355847432	0.0338998845604631	0.0291429556970152	0.0237375625496642	0.0185274062493852	0.0144117039427576	0.0119114467852901	0.0110647197082199	0.011523460258634	0.0128305394303542	0.0146480346427282	0.01681546687522	0.0191874539121972	0.0214165842117701	0.0229892062262108	0.0235563207102028	0.0232126854387781	0.0224066957981835	0.0215187576288046	0.0205046186085523	0.018950215973488	0.0164749243673129	0.0131102834753493	0.00936697779527914	0.00593690640389105	0.00331330944312927	0.00162587546069423	0.000701182335798628	0.000267255514628318	9.57684799639425e-05
0.061740805941168	0.0681926843260872	0.0746250972636758	0.0849248924113735	0.104107632881187	0.136661098100504	0.184990599650989	0.248477777462147	0.323700904713764	0.405431241252352	0.487847040818055	0.564923297456027	0.630196861488189	0.676606600442577	0.697244439522021	0.686811646563437	0.643522722910703	0.570842798275032	0.47813938444842	0.379047450555555	0.287609586627864	0.213763023406341	0.160709568468942	0.125665282137991	0.102676450434586	0.0861632537070971	0.0729595448812291	0.0622845050759823	0.0543961304784178	0.0490104906456658	0.0448347812481307	0.0403515506285926	0.0348261929908477	0.0286889793977086	0.0230672760647031	0.0190413672288421	0.0171524868213396	0.0173116353853681	0.0189425734165883	0.0213090684532515	0.0238237251718645	0.0261980804213782	0.0283260715695457	0.0300186396441797	0.0309986001440124	0.0311950985466555	0.0309661437543517	0.0308730944095516	0.0311097748658474	0.0311259812363207	0.0298975254877649	0.0266692970298053	0.0215545637522545	0.0155453401266947	0.00992467504956874	0.00559085817055275	0.00278597179845996	0.00123565573967955	0.00049547736344163	0.000194887357629815
0.0510407367207141	0.0580409574602057	0.0655465574488012	0.076744502328514	0.0956299977245594	0.125763977824416	0.169208632878044	0.226056726770444	0.294837179164419	0.373144333620414	0.457940501904222	0.54481923618136	0.627056071909731	0.695647507964364	0.740844052142491	0.754337653523306	0.731399300872424	0.672739579893602	0.585701669878398	0.48345036516374	0.381472315392926	0.292547550602512	0.223046585271582	0.172704514535638	0.137015086989244	0.110818696863859	0.0906814077222687	0.0752495907886579	0.0641554515013792	0.0565421077227247	0.0506547999790962	0.0447226843103155	0.0380306899922457	0.0312080163865801	0.0255742593097869	0.0222480479373929	0.0216572619358262	0.0234879681480463	0.0268581792241598	0.0306585227752226	0.0339428624465223	0.0362223469208812	0.0374684911586593	0.0378301622550861	0.0375323380666804	0.0370093901666003	0.0369590505745108	0.0379568043405651	0.0398134609890867	0.0412948322685803	0.0406831167230393	0.0368626888953946	0.030090723063968	0.0218892460416746	0.0141419137748843	0.00813385952710287	0.00420194753303477	0.00197830156521035	0.000868365524688971	0.000385123300210871
0.0365916609120969	0.0437004594285495	0.0520770501976032	0.0639029862123182	0.081844604780478	0.108412911496607	0.145393675766806	0.193685142977985	0.253659178408402	0.325410855678192	0.40838455569877	0.499902055123384	0.593733757083019	0.680194370131567	0.748044537638207	0.786949895434945	0.789569691926171	0.753429303478182	0.682628723288659	0.588003322014354	0.484445961174025	0.386081638723945	0.302066823167311	0.235386651392926	0.184294276675963	0.145220058613886	0.115107129249946	0.0921947678640762	0.0755028509963086	0.0636860782364332	0.0547010747460139	0.0466334522538659	0.0387025676570669	0.0314973069578777	0.026258655124107	0.023989840407402	0.0249871952014928	0.0287586634890785	0.0341326403853845	0.0395775395208689	0.0437173511669264	0.045841745510287	0.0460605320583619	0.0449837822976783	0.0434393029876154	0.0423612480351525	0.0426500750979688	0.0447068443147012	0.0478649346940407	0.0503094728149573	0.0498866828141849	0.0453675641955765	0.0372301647342659	0.0273967685879159	0.0181160323477418	0.0108638368508852	0.00599824378509977	0.00310251610277817	0.00152631608501763	0.000751640056458897
0.0234696400631021	0.030302199103505	0.0389414991305533	0.0505168088172097	0.0664264125465907	0.0883347844594241	0.118022808972668	0.15730813485729	0.208088185346905	0.272197694501774	0.350699505481749	0.442291410814545	0.541799016959014	0.64013710529668	0.726008700716725	0.788130485742079	0.817171567038228	0.8076944452236	0.760233713201099	0.682177224655613	0.586014734317829	0.485359356856887	0.39104695738146	0.309308147936763	0.241970937023543	0.188063614512417	0.145629362025517	0.112854628547277	0.0883591339883352	0.0705645700723424	0.0574272585577663	0.0470029947146667	0.0382418596167105	0.0312795574752903	0.0268853894259002	0.0257917447932911	0.0282356161940947	0.0337039362806166	0.0408363442712093	0.0477079517556048	0.0525496601588947	0.0545370764291278	0.0540510573680343	0.0522230636340411	0.0503697929350674	0.0496376694245307	0.0507694673448364	0.0537351631862621	0.0573968591686806	0.0596719535274282	0.0584476732500991	0.052764647015131	0.0434087071081966	0.0324910684700882	0.0222850963454238	0.0141963126771682	0.00851998915310406	0.00485644143570695	0.0026222551051294	0.0013692671755105
0.0143984821413511	0.0206404367535458	0.0287934582239462	0.0391393087298127	0.05214391020789	0.068953900968082	0.0915294103655499	0.122479433775168	0.164690298171406	0.220905741913043	0.293023376019987	0.380850470652685	0.480730556190584	0.585095262464832	0.683470766670531	0.764216582544658	0.816501429046711	0.832543132246893	0.809888042866773	0.752531594807418	0.669819607127569	0.573542278717041	0.474888709344662	0.382483449841111	0.301520119633157	0.233916433219689	0.179293825123066	0.136216566783957	0.103233489773525	0.0788242267289089	0.0612168357465099	0.0485638675383707	0.0394287231319432	0.0331990646825816	0.0298827853709675	0.0298170009409658	0.0332190023820552	0.0396666830673367	0.0477282570064292	0.0552220864320766	0.0601862368583533	0.0619243352400436	0.0612494238183525	0.0597759946229774	0.0590282985720377	0.0599440666306993	0.0627233999210228	0.066718751446688	0.0703939682344882	0.0716814406680316	0.0688626892965319	0.0615035706794378	0.050751943816724	0.0387838841823108	0.0277061420268457	0.0187232597261603	0.0120449621061239	0.00734554895047784	0.0041862980904544	0.00223805218609417
0.00908786306744845	0.0144106053496982	0.0213868029536994	0.0298025431899178	0.0396256605000764	0.0517465512231796	0.0682385980234138	0.0920808810563615	0.126530834233835	0.174645689766369	0.238769420783755	0.319731725073117	0.415570546839125	0.52053966498992	0.625294843739692	0.718168606056026	0.787344274011706	0.823502025448055	0.822183182733033	0.784842291353841	0.71806052283756	0.631476781933413	0.535598728579578	0.440036817368838	0.352110037767577	0.2759927311857	0.212868957449405	0.161978475242787	0.122081874513887	0.0919072296849154	0.0701202428025259	0.0551461533224125	0.0453259209241358	0.0393991891933899	0.0366470649376093	0.0369704967916127	0.0404827005426819	0.0467970353953682	0.0544888346361698	0.0613665417100421	0.0656199070234459	0.0669601283347588	0.0666907401637133	0.0667104722563361	0.0683837827842693	0.0720856409779142	0.0772873372800168	0.0827477302535987	0.0866671613120338	0.0870972140658656	0.0827224103181687	0.0735781471964414	0.0611356277517205	0.0476579021680451	0.0351572148048273	0.0247278456989006	0.0165678132031572	0.01046380645297	0.00612482716129751	0.00331312140162532
0.0059758545669965	0.0101108762573543	0.0154818271813891	0.0217102897576173	0.0286097905212794	0.0369281427441699	0.0486330456817426	0.066609652948723	0.0940341088814255	0.133988574017754	0.189103048906476	0.261019952219153	0.349164878218601	0.449418693973625	0.55373201352558	0.650993504626618	0.729199185808862	0.778288606133869	0.792595292499374	0.771948393100249	0.721076720583971	0.647908901670785	0.561780643563001	0.471916080608136	0.386102127716605	0.309534559970697	0.244417099468014	0.190608876215767	0.147143160084489	0.113033033594745	0.087460439912508	0.0693827928475086	0.0573881160574307	0.0500882977370153	0.0464165914682807	0.0459036479949607	0.048374813337137	0.053275833230752	0.0592141634660911	0.0642667204072044	0.067125162941961	0.0680802356918953	0.0688150986926845	0.0712125821246159	0.0761698063512142	0.0833398072729599	0.0915079178150801	0.0990204272948039	0.103967480667053	0.104488195870886	0.0994403034132905	0.0890462138224062	0.0749568623360448	0.0595797478867838	0.0450241534853224	0.0324806882104561	0.0222790233548778	0.014375355524731	0.00861375556007188	0.00479342277312221
0.00400455119313081	0.0069839206186208	0.0108067040696446	0.0150974416941763	0.019651944856234	0.0250679153508191	0.0330371926946572	0.0461176442323127	0.0672461323379181	0.0994256914076796	0.14537634185565	0.207090018139559	0.284767006174272	0.375577147638514	0.473042727492496	0.567414608332737	0.647363810481107	0.702656297173862	0.726826191071725	0.718710222365599	0.682092882291192	0.623931583140567	0.552411293528261	0.47554720561166	0.400276488837565	0.331543732271029	0.271685334049603	0.220698769170853	0.177648446065319	0.141726099860011	0.112674493164386	0.0903072145211831	0.0740790519803506	0.0631815610307072	0.0567218798125108	0.0539902572973968	0.0543475128973354	0.0568550941078849	0.0601350593049261	0.0627011363512572	0.0639060965919997	0.0645795311139359	0.0665715422339536	0.0715418358758123	0.0798662353989156	0.0905789090959829	0.101953513680926	0.112081561149193	0.119012017762226	0.120895653143793	0.116541145413414	0.106081115276764	0.0911466208898154	0.0742268584718711	0.0575915446923055	0.0426579604116403	0.0300375200349785	0.0199764268308784	0.0125109061397036	0.00746654455859243
0.00288657922993666	0.00509857464479337	0.00789245146985507	0.0108917573295951	0.013839108158321	0.0171385052607286	0.0221830413669327	0.031230475358234	0.0470137215881459	0.0723700613155712	0.10980826921933	0.161133610180989	0.226760514243984	0.304896069792895	0.390869062396349	0.476866333367951	0.552795046315353	0.60860469391331	0.637328505710151	0.637289653581191	0.611984758301481	0.567991900377299	0.512600555185435	0.452436094422091	0.392988269106129	0.338093019846034	0.289346292168767	0.246193893358895	0.207286612484329	0.171771814392756	0.139939456314392	0.112730833446907	0.0909930099084756	0.0750757874929025	0.0646687573342334	0.0589541882539652	0.0567725184491542	0.0567145132637682	0.0573762260890299	0.0576607487992484	0.0574316908570181	0.0577916637646791	0.0605454182664974	0.0671459281350982	0.0777314383217037	0.0911026948309062	0.105301511061906	0.118247560223829	0.127891098024811	0.132291306689279	0.130088864283032	0.121177370163857	0.10697450807791	0.0898429620326967	0.0720684061923167	0.0552702585138239	0.0404381499421671	0.0282442906882537	0.0190072268025638	0.0125904940468596
0.00245281354184116	0.00435323025093828	0.00670956541894961	0.0090918532088005	0.0111342879665971	0.0130556611033443	0.0160380366919337	0.0221659973713683	0.0340133023615572	0.0541027973612231	0.0843970324566868	0.126076939135018	0.179379038294983	0.243313914328941	0.31498332285741	0.388667488554827	0.455845709199304	0.507139597223226	0.535635660306644	0.539587223222891	0.522411840836016	0.490364277913676	0.449913317170689	0.406449019353892	0.364061736211486	0.325261314968095	0.290484757596696	0.258188710120457	0.226253644411703	0.193509680686034	0.160615058575636	0.129633504176154	0.102962123495799	0.082320483702026	0.0681532235442883	0.0596832639722643	0.0553840159812247	0.053498404956173	0.0525576041458057	0.05159875370001	0.0505799988898662	0.0504718841012577	0.0528710826171066	0.0592044587220924	0.0698501130438886	0.0839274120963122	0.0996331624920298	0.114819591345045	0.127245644395951	0.13476413510973	0.13579504277998	0.129947077462524	0.118281358508736	0.102794744495413	0.0855691268821348	0.0683229473021644	0.0524307749127722	0.0390093796583928	0.0286271096460223	0.0211128902294199
0.00228191087868941	0.004056265823883	0.00622989611579757	0.00833363990401491	0.00993370329105092	0.0111472281826053	0.0130449604210422	0.0175994334996072	0.0271809835414323	0.0438335160421106	0.0687359585902827	0.102189087171159	0.143972647618121	0.193559570880178	0.249491527802834	0.308041574763723	0.362639353402451	0.405391504406369	0.430263933762121	0.435755809327548	0.424873640112963	0.402955356344173	0.375306160295055	0.346198237100135	0.318692015270345	0.29432684670991	0.272641037339906	0.251296155078755	0.227479611020585	0.199568937041224	0.168232137099807	0.136198287186847	0.10700244641587	0.0834782124421435	0.0667897783179843	0.056431869786334	0.0508961656658759	0.0483937319224405	0.0473805464929964	0.0466770043487274	0.0458217066453284	0.0452498179180431	0.0462463050123424	0.0504061026105395	0.058754963730616	0.0711952311000202	0.0864458153483862	0.10245371078761	0.116783111975421	0.127050479080153	0.131485642908348	0.129451318333364	0.121589452195108	0.109364559079228	0.0944859361564085	0.0786626039290579	0.0635606723292788	0.050584235355005	0.040344836799737	0.0324690235781854
0.00196210614312887	0.00348921429464281	0.00535356661956523	0.00713317304511575	0.00844421298101763	0.00940533868562816	0.0110099354657198	0.0150588939987058	0.0236067040469018	0.0381386279832342	0.0590408700898993	0.0857528828090607	0.117485676121366	0.153808611681248	0.194210755843506	0.236696625576792	0.276945196219302	0.309322896745238	0.32939998104443	0.336039093254606	0.331275148740597	0.318725706301122	0.302003147075471	0.28421429947628	0.267711945723031	0.253595493156316	0.241172893416524	0.228059005776977	0.211371487350728	0.189253602446735	0.162041161340037	0.132329165565015	0.103869658110957	0.079960247920287	0.0623152733503073	0.0510057795635451	0.045054610527102	0.0430316820865383	0.0433382981625934	0.0442696318185401	0.0445255138029523	0.0437426801135185	0.0428687562684162	0.0437906099393477	0.0483534959954199	0.0574108486613234	0.0703662167136155	0.0853970917313399	0.0999896121052215	0.111662677894636	0.118630120664722	0.120154024297562	0.116481378015529	0.108442888574504	0.0972189216820226	0.0843473290129499	0.0716047697158447	0.060472712699019	0.0514244416281228	0.0438104014122297
0.0014046293446341	0.00249891162115105	0.00383894277027956	0.00512973676305473	0.00613069819790897	0.00701324686148894	0.0086571558616218	0.0125765821226347	0.0204146758179076	0.0331517531434409	0.0506111454666952	0.0716742988694534	0.0951290666423741	0.120449203111227	0.14761016286637	0.175900704980295	0.203085987811002	0.225929515959684	0.241795574628536	0.249895199751763	0.251065502249828	0.246931948304019	0.239254431357241	0.229937851679281	0.220706724510551	0.212469922119736	0.20481644277925	0.196095334164218	0.184196717538719	0.167553981708083	0.146065331452214	0.121440816108868	0.0966257633835879	0.0746084802967019	0.0574145657143364	0.0459328158217137	0.0401348249117033	0.0392381121802649	0.0416135521508425	0.0448690210405533	0.0466888177250494	0.0458815515031464	0.0431344331130615	0.0406810668218778	0.041122956593082	0.0461235292666148	0.0556786173330478	0.0682336290683535	0.081364382082976	0.0927384905652121	0.100814074666007	0.104964233394757	0.105135954685763	0.101471935103626	0.0944320900974241	0.085121284287414	0.0751928647966981	0.0660986426473959	0.0582379299865864	0.0508841608094653
0.000805811215564673	0.0014345821142436	0.00221143366775187	0.00298194980169512	0.003654695696925	0.00443796950796478	0.0060475979368543	0.0096449890063523	0.0164525641905604	0.0270918654199867	0.0411479859383908	0.0573638955715181	0.0744318046948828	0.0917805240519182	0.109575174226068	0.127813391494322	0.145624088238765	0.161481320111233	0.174089257134335	0.182950470809678	0.188084010323798	0.189732478735557	0.188329172511856	0.184775419315613	0.180087786427794	0.174851466402827	0.168979894965501	0.161875280652021	0.152718430042005	0.140692075529156	0.125374437452922	0.107242385454329	0.0878090243683108	0.0692106605538858	0.0535474424741153	0.0425506637437803	0.0372525353804316	0.0375762774076076	0.0418810859494394	0.0471440557289481	0.0501804068621962	0.0491913070268433	0.0447578062406361	0.0394346168348732	0.0363391864611298	0.0376119292134743	0.0435968441369836	0.0529693040937003	0.0635360907724416	0.0733173105700191	0.0811988244105956	0.086825654584486	0.0899842399028977	0.0901882759001509	0.0870687228263735	0.0810474804725468	0.0734319407774961	0.0656391294367191	0.0582450135381033	0.050816105960669
0.000365627584858083	0.000651660783974725	0.0010115016440251	0.00139021943918867	0.0017897867220243	0.00241118928287681	0.00378856893153871	0.00675022025759635	0.012166033951482	0.0204534960213475	0.0312202338486786	0.0434113881196416	0.0559568997389862	0.0684328890810922	0.0810824318284673	0.0940817557083828	0.106966241004291	0.118782157755332	0.128726803499476	0.136488185082774	0.14198934217597	0.145232503254355	0.146311640176983	0.145586550682854	0.143364723031179	0.139684553226095	0.134527724913666	0.128138586156012	0.120895837294558	0.112785345279076	0.103217512884608	0.091553177471076	0.0778662688728471	0.0633182555634073	0.0499018851180554	0.0399565563271575	0.0353325137811765	0.0364917339696495	0.0418248062378391	0.047967216104096	0.051301821112469	0.049806834801783	0.0440989123629332	0.0369037834988726	0.0314883282209174	0.0300747468136239	0.0330971094561896	0.0394177241240056	0.0471716879866743	0.0548200898806962	0.0616968498048641	0.0677472841867615	0.0727358202050429	0.0757591297410312	0.0757397301715566	0.072358454013983	0.0664479550662164	0.059384008170667	0.0520968350243338	0.0446845404486352
0.000131040034543104	0.000233942072331679	0.000368319779322318	0.000527064709168731	0.000744840506288997	0.00118146826344281	0.00220518680778541	0.00437636396721922	0.00829831312065717	0.0142880416117897	0.0221174588069419	0.031132479432352	0.0407438497174406	0.0508867508513415	0.0619007993391361	0.0737948259960416	0.085722164375769	0.0962503691432118	0.104209541799071	0.109272486349549	0.111839848061287	0.112669847724004	0.112434432465872	0.111499422595153	0.109691370344789	0.10652058026963	0.101839791710981	0.0962845806027237	0.0908847479933989	0.0860839440698431	0.0811917155996035	0.0748599427401646	0.06618072306206	0.0555590275069537	0.0447601515786194	0.0363347738889401	0.0324908504252253	0.0339472440996521	0.0392005303574321	0.0449547016080892	0.0477028776406941	0.0455825274865938	0.039296851553988	0.0314906658095923	0.0251887642727197	0.0223606291545211	0.0233560631313659	0.027219926005285	0.0324834922878866	0.0380558164027429	0.0436340107845593	0.04938768327078	0.0551476694537035	0.0598659546774404	0.0620592523398697	0.0608312985552402	0.0565428534203621	0.0504711927051527	0.0438526781578067	0.0372451664280352
3.69920288928233e-05	6.62120300681719e-05	0.00010762644264672	0.000168206920600447	0.000280675067957835	0.000552371311132145	0.00121487127548206	0.00262419329789276	0.00518062872870533	0.00914445583297295	0.0144935680847711	0.0210427596614039	0.028797574831987	0.0381863617829903	0.0497132661632998	0.0631053043655033	0.0767646903717475	0.0882138690846202	0.0953751180141911	0.0976562311440628	0.0960612267219441	0.0924704959843602	0.0885519803601351	0.0850717230582847	0.0817697301683266	0.0779498175775753	0.0733804178935034	0.0687174111859241	0.0650186912841123	0.0627104026228772	0.0609978544215895	0.0582832205013013	0.0532691848969184	0.0459491426843735	0.0377970638330121	0.0311904478656736	0.0282406511066592	0.0296569116926122	0.0341052753537231	0.0386936870849783	0.0404330488423275	0.037854863258748	0.0317154954283314	0.0243481287503977	0.018267548823035	0.0150136526710194	0.0147914447740032	0.0168449712238411	0.0201249451357179	0.0239520700125103	0.0282881989813684	0.0334339595012263	0.039319354111885	0.0449636630240334	0.0487936177239938	0.0496001314514503	0.0473708297760945	0.0431990347159761	0.0383978189639986	0.0336680824037084
8.2248996174834e-06	1.47791741183782e-05	2.58837315085847e-05	4.84566571038505e-05	0.000102855475788418	0.000249817848766429	0.000617560981214454	0.00141122675936272	0.00287606755523357	0.00522454345007972	0.00860693021981141	0.013241591823634	0.0196623597893167	0.028754048327388	0.0412055020558206	0.05653710372517	0.0725113312480552	0.0857006851568716	0.0931302616481017	0.0938250033838648	0.0891363985189127	0.0817576032748388	0.0741502695940463	0.0675365787176687	0.0618893372857115	0.0567012459421703	0.0518572754158534	0.0478891648933238	0.0454988261163922	0.0447739815050746	0.0448122542194905	0.0441015770589117	0.0414028910220384	0.0365751220149269	0.0307774277965206	0.0259691721839091	0.0238823088838079	0.0250642760649298	0.0283946452417178	0.0315574269370954	0.0322561287780581	0.0294738939981103	0.0239505756690381	0.0175839225936584	0.0122929765045926	0.00917176286706668	0.00829842543475534	0.00911244853269738	0.0109363649820685	0.0134214994809355	0.0167069373089288	0.0211587008859875	0.0268109233074716	0.0328761380258501	0.0379343372883724	0.0407300175694782	0.0410243085819835	0.0396512378894575	0.0377121686248147	0.0356673032465826
1.44036103000057e-06	2.60333035828238e-06	5.4071364629658e-06	1.36922744841905e-05	3.71765736461589e-05	0.00010433894965273	0.000275237512096605	0.000653863672311054	0.00137682491178385	0.00260647278302405	0.00458058368936295	0.007741719442021	0.0129087178368772	0.0211953930858819	0.0333884181137712	0.0489674127130573	0.0655203761247101	0.0793195855263686	0.0870400291956648	0.0874659840994069	0.0819234199061422	0.0732357793419033	0.0640363872962615	0.0557197856283696	0.0485436752338527	0.0423882172611344	0.0374085893625889	0.0340467205831461	0.03259881148108	0.032780354172216	0.0336423708690612	0.0339264436680356	0.0326509451147654	0.0296588488525648	0.0257745828799345	0.0224338753103524	0.0208938867056752	0.0215243331934727	0.0234825895748992	0.0251073101699014	0.0248235668141968	0.0220206357854701	0.0173427244021296	0.0122035637297434	0.00794575070141029	0.00527730585499602	0.00419023610160192	0.00428805969923334	0.00516709284478563	0.0066938944077733	0.00909397617004296	0.0127452547321313	0.0177717698130346	0.023644945639674	0.0292749109560053	0.0336047339881612	0.0363436478441613	0.0380392442093663	0.0393521684366463	0.0402154850687541
3.05902320501826e-07	9.36398406301042e-09	5.28419607616787e-07	3.17361125224195e-06	1.16862517499626e-05	3.6966650960522e-05	0.00010208833582882	0.000253042972527331	0.000560039237952592	0.00113433202869404	0.00220773424332637	0.00424042824043758	0.00803821280013291	0.0146421504944473	0.0247799881215485	0.0380343009642204	0.0523436461835396	0.0644753997776836	0.0714913472817748	0.0722441800407751	0.0677729129759905	0.0604012813698117	0.0522984223529248	0.0446392360184978	0.0377980017768224	0.0319741565787557	0.0275715263260714	0.025003710756045	0.0243128371220728	0.0250218146605481	0.0262681654731117	0.0271138756471953	0.026862063925468	0.025342511758508	0.023019285496414	0.020775153324906	0.0193967374155029	0.0191280582108155	0.0194784758796628	0.019484916356946	0.0182732079248843	0.0155684533441579	0.0118512991443871	0.00803543937693456	0.00493406902345241	0.00293684986963976	0.00198481133681306	0.0018109750533582	0.00219143345755548	0.00310018870637596	0.00475938022908628	0.00749351728571473	0.0114648362571133	0.0164027757554601	0.0216441611030855	0.0265202231750622	0.0308641239593873	0.0349873393608104	0.0390351390798471	0.0423332898208396
3.05902320501826e-07	1.53465975348981e-09	1.49398589608026e-07	9.42435706597067e-07	3.48898120471997e-06	1.1098973293957e-05	3.08890099257169e-05	8.0883994069667e-05	0.000195317140101027	0.000440452021257237	0.000984708027728973	0.00217216815215382	0.00459730051044835	0.00901968940483298	0.015979719817459	0.0252166646816778	0.0353154537776304	0.0440231743676	0.0492691287850206	0.0502214835128751	0.0475569117899562	0.0428164420604868	0.0374069823203348	0.0320755621885641	0.0271382708762353	0.0229164975460414	0.0198905838597273	0.018411909093753	0.0183988388066846	0.0193726675928376	0.0206904352289059	0.0217756077483336	0.0222180181528912	0.021848261187326	0.0207982723302128	0.0194319327199061	0.0181032260605846	0.0169593714573794	0.015857180276978	0.014477991555225	0.0125585751723204	0.0100824951463855	0.00734652575248438	0.00481077673798201	0.00284420110627865	0.00159048522523513	0.000966862248733581	0.000810575891358651	0.0010174325236723	0.00160468536545255	0.00273108633586142	0.0046034047027816	0.00733783265329126	0.0108430671389822	0.0148626207855511	0.019187520642907	0.0238937763612769	0.0291652830886034	0.0347267412626749	0.0394277970737632
2.03934880334551e-07	3.05902320501826e-07	3.40104374146755e-08	2.24749405509642e-07	8.35441126039516e-07	2.67057528738414e-06	7.48672573505212e-06	2.16634769320061e-05	6.09611719553968e-05	0.000158680951273482	0.000410462903510655	0.00101505800801462	0.00231593894877274	0.00475371345265037	0.00865012381494446	0.0138760366363734	0.0196475342846014	0.0246990483304211	0.0278622118171595	0.0286701062998684	0.0274958477317857	0.0251749837116173	0.022441056423175	0.0196722686779959	0.0170851024323334	0.0149744804713832	0.0137154743807732	0.013487847401173	0.0140865815715938	0.0150808678141068	0.0160834505281978	0.0168952139414025	0.0174321074591141	0.0176208929283616	0.0173937968794078	0.0167222618273081	0.0156044836647577	0.0140760210453309	0.0122129648713745	0.0101336607225426	0.00798575568203249	0.00591381152520165	0.00407218258151822	0.00260252948766149	0.00157409450561359	0.00097227059736101	0.000709768392181768	0.000706243197619884	0.000948101436248936	0.00148043454366911	0.00238358407217084	0.00370441519062661	0.00542442435261039	0.00750324041740988	0.0099732344430033	0.0130325775420759	0.0170307441953233	0.0221360349209999	0.0278375963571558	0.0327492736752194
2.03934880334551e-07	3.05902320501826e-07	6.38089658080338e-09	4.33991019015929e-08	1.61646387025986e-07	5.17774959471341e-07	1.45859781266886e-06	5.01419776998931e-06	1.77479579602643e-05	5.35079566863836e-05	0.000155508726068965	0.000414673219417782	0.000988940825741266	0.00208287307815257	0.003849962307648	0.00623905479888279	0.00889926709455374	0.0112573521870505	0.0127849510226982	0.0132803333330815	0.0129201384697054	0.012084891132364	0.0111027223090668	0.0101626938027141	0.00943324553623067	0.00914003964357028	0.00947425367170637	0.0103740064487368	0.0114591323013676	0.0122879546359939	0.0126605249664975	0.0127054167317779	0.0126777461267234	0.012703844916716	0.0126930457700584	0.0124183579353028	0.0116536881535295	0.0103171917026481	0.00853050237406605	0.00656962716073292	0.0047403536122533	0.00324379109002371	0.00216422023885917	0.00149727192828544	0.0011705029896809	0.00108613603791788	0.00114916528875785	0.00133187849626481	0.00170171081581056	0.00235665152970943	0.00332976151513202	0.00450321417727923	0.00566032287926487	0.00668393121328695	0.00774329138650048	0.00932258495156407	0.0120075213756687	0.0160286718008202	0.0208242546139329	0.0250106101183101
1.359565868897e-07	2.03934880334551e-07	3.05902320501826e-07	3.05902320501826e-07	3.05902320501826e-07	3.05902320501826e-07	5.16296258228186e-09	5.01348656053621e-07	3.75731240468796e-06	1.44533625357831e-05	4.83386457416067e-05	0.000138920808572694	0.000344665083218757	0.000741943326517635	0.00138935817120489	0.00227041143841249	0.00325802705351197	0.0041428697124769	0.00473339641090375	0.00496476831286068	0.00490999927958004	0.00472507770599515	0.00456097179467099	0.00455224996750146	0.00486567166237694	0.00567400934573237	0.00701511591955781	0.00862637074235511	0.00997280582953167	0.0105657754494333	0.0102961709501167	0.00949696191772894	0.00867234962242655	0.0081493099329703	0.00792420759722809	0.00774789015351898	0.00732176176743077	0.00648601230781271	0.00529501015091279	0.00397197261076668	0.00278834986805371	0.00193129196068264	0.0014842115264575	0.00143563410988734	0.00167995422117608	0.00206106757368965	0.00243234705597201	0.00276669887438056	0.00320406728259921	0.00394175144438194	0.00503577406220701	0.00625344970902883	0.00717831866360783	0.00754384678427803	0.00752846372639564	0.00776207491001342	0.00898291147740443	0.0115091556878291	0.0148631604258701	0.0178465204983222
9.06377245931337e-08	1.359565868897e-07	2.03934880334551e-07	2.03934880334551e-07	2.03934880334551e-07	2.03934880334551e-07	3.05902320501826e-07	1.21067692964602e-07	1.04796530952627e-06	4.06720696284938e-06	1.37256237257938e-05	3.97965441278398e-05	9.9493552059435e-05	0.000215611072581745	0.000406096401716068	0.000666786698964152	0.00096071674289523	0.00122648341980437	0.00140850171966932	0.00149382740053922	0.00151027648388312	0.00152409457484448	0.00162234701617222	0.00192492166828618	0.00259269259614092	0.00375985030997565	0.00538703393215872	0.00713678873111638	0.00844248049260853	0.00882274393876614	0.00820156349500178	0.00696097141111499	0.00567501146994513	0.00475865702462587	0.0042994105112036	0.00412468644473465	0.00398007543918756	0.00368943582295316	0.00321126860765402	0.00262795706344919	0.00209441580688021	0.00176969605888845	0.00179538862879547	0.00223871968071185	0.00300905152866142	0.003868560626664	0.00454242428160943	0.00492858224842617	0.00521314553647251	0.00573206147142822	0.0066551588879287	0.0077458635060324	0.00847342089800336	0.00843383210219787	0.00773098635857474	0.00699250424663356	0.00698229485760238	0.00807353513752086	0.009943254770392	0.011688994879883
6.04251497287558e-08	9.06377245931337e-08	1.359565868897e-07	1.359565868897e-07	1.359565868897e-07	2.03934880334551e-07	3.05902320501826e-07	2.41081593960673e-08	2.39732857397411e-07	9.34666853492636e-07	3.1709014293873e-06	9.24691532155714e-06	2.32338661253667e-05	5.05678342102943e-05	9.5594326319539e-05	0.000157403621437711	0.000227292218195152	0.000290796779978955	0.000335058639221272	0.000360933042028253	0.000379179767686643	0.00042211365486337	0.000546741757131772	0.000848411408077524	0.00145485409513239	0.00246169111020305	0.00381520611877664	0.00522563197662171	0.00623345114971599	0.00645539258719828	0.00583580192576467	0.00468665354554679	0.00348614836977399	0.00260540821695429	0.00217454734726589	0.00212439277632438	0.00229965529981692	0.00254721473459619	0.00273284749990598	0.0027770756500751	0.00270101449068074	0.00265267346081577	0.00288229377048642	0.00359303188418217	0.00474021777145635	0.00598859972358431	0.00688175398049669	0.00717690017253861	0.0070565669881243	0.00698765323304732	0.00731167385028194	0.00791341191349328	0.00829181718779826	0.00799125682169028	0.007009084600289	0.00583849920108816	0.00512543304222525	0.00522150498346876	0.00595820679338806	0.00675242077375946
4.02834331525039e-08	6.04251497287556e-08	9.06377245931335e-08	9.06377245931335e-08	1.359565868897e-07	2.03934880334551e-07	3.05902320501826e-07	2.13462205922646e-09	3.60871492215171e-08	1.42411881427585e-07	4.90810152990839e-07	1.45339420977676e-06	3.70277432061521e-06	8.166585963646e-06	1.56388674349652e-05	2.60732326885869e-05	3.8138924246963e-05	4.95191080488498e-05	5.81384233909106e-05	6.633347153076e-05	7.82068903811961e-05	0.000109797523848485	0.000194543873647538	0.000392426587872124	0.000783376181533669	0.00142480731107513	0.00227840706174988	0.00315861956194184	0.00377664620481188	0.00389253189150413	0.00347378808278396	0.00271825620524654	0.0019398001600289	0.00140362230876452	0.00124793269304576	0.00149946469093042	0.0021059683209304	0.00293726956364475	0.00375687754279249	0.00430624817827215	0.00446089413624848	0.00436589322047401	0.0044098481807206	0.00497433524853987	0.00611005519503303	0.00743233080643827	0.00833688624195444	0.00843500138365587	0.00784960579801335	0.00710030660588782	0.00666453939965033	0.0066013565566099	0.00655571086974334	0.00612387119881857	0.00521597691365052	0.00412447645776091	0.00328371457366332	0.00295310633835729	0.00306968244543808	0.0033145150362413
2.68556221016692e-08	4.02834331525038e-08	6.04251497287557e-08	6.04251497287556e-08	9.06377245931337e-08	1.359565868897e-07	2.03934880334551e-07	3.05902320501826e-07	4.4085449544611e-09	1.79736372981054e-08	6.29091068647831e-08	1.89035034600015e-07	4.87680809665962e-07	1.08141043640509e-06	2.06440797676428e-06	3.39347413871664e-06	4.83254350065967e-06	6.03059425634682e-06	6.75458443157215e-06	8.52400209199109e-06	1.32487287218385e-05	2.84937443280105e-05	7.05209052061724e-05	0.000168791307425266	0.000362327661732065	0.000678695638338748	0.0010982989752787	0.00152946106452465	0.00183086678720746	0.0018860372968877	0.00168547074736636	0.00133395442881075	0.00100830603073642	0.000880992102050956	0.0010880586312412	0.00172395387265589	0.00280799613769126	0.00421111261608566	0.00559072801478956	0.00651204125452407	0.00670477619102278	0.00629927462192152	0.00580578315491652	0.00578322791667173	0.00642210714718659	0.00738827072218636	0.00805057831285418	0.00794491888272076	0.00710202597066338	0.00597589552191146	0.00505612079019236	0.0045200423704495	0.00418240799931311	0.00375438048882459	0.00311171476083625	0.00237016912584365	0.00175365358600339	0.00140873169223944	0.00132134283101763	0.00134474300956192
1.79037480677795e-08	2.68556221016692e-08	4.02834331525038e-08	4.02834331525039e-08	6.04251497287558e-08	9.06377245931337e-08	1.359565868897e-07	2.03934880334551e-07	3.05902320501826e-07	3.05902320501826e-07	3.05902320501826e-07	3.05902320501826e-07	3.05902320501826e-07	3.05902320501826e-07	3.05902320501826e-07	3.05902320501826e-07	3.05902320501826e-07	3.05902320501826e-07	3.05902320501826e-07	5.50894745925996e-07	2.25506821038915e-06	7.91501781105455e-06	2.38201927549118e-05	6.14666873076713e-05	0.000136005532857224	0.000258033194151301	0.000420200272375271	0.000587430321155615	0.000707254579010347	0.000739686829406868	0.000695642864093852	0.00063437517233223	0.000659860744251096	0.000888444198237855	0.0014373703959808	0.00240955415745759	0.00383492128728903	0.00556827165990118	0.00721085581206703	0.00823767546425794	0.0082974111955512	0.0074976918825733	0.00639546519570878	0.00564368656121607	0.00555250880452492	0.00591329097708457	0.00619865655048351	0.00597193718480822	0.00518108546025874	0.00412901436266936	0.00319250088527494	0.00256168710804933	0.00216919323484706	0.0018454321651093	0.00148239212178107	0.00109521342562777	0.000766876037306436	0.000558868188618986	0.000470906817950783	0.000446138009473546
1.19358320451863e-08	1.79037480677795e-08	2.68556221016692e-08	2.68556221016693e-08	4.02834331525039e-08	6.04251497287558e-08	9.06377245931337e-08	1.359565868897e-07	2.03934880334551e-07	2.03934880334551e-07	2.03934880334551e-07	2.03934880334551e-07	2.03934880334551e-07	2.03934880334551e-07	2.03934880334551e-07	2.03934880334551e-07	2.03934880334551e-07	2.03934880334551e-07	3.05902320501826e-07	1.66964056270744e-07	6.83461474915498e-07	2.398867458733e-06	7.2193754486185e-06	1.86291982530414e-05	4.12182797186892e-05	7.81963930869465e-05	0.0001282819786196	0.000182001340566201	0.000228833529508747	0.000269445218977795	0.000336896924930388	0.000489798829385328	0.00081383686372968	0.00138943518476977	0.00227165464278097	0.00347817037422803	0.00496388118286695	0.0065629854111723	0.00793208875119977	0.00863603191776305	0.00838664697250098	0.00728749479032162	0.00583562652365648	0.00462794754666779	0.00399424637282261	0.00384476279139608	0.00381711972701539	0.00357579320940254	0.00302788564482089	0.00231937005256027	0.00166853097947781	0.00120795362399952	0.000922910148067902	0.000731045911539566	0.000563691491299073	0.000404236258783103	0.000271097865636564	0.000182221810019562	0.000138440661459132	0.000120995921535018
7.95722136345756e-09	1.19358320451863e-08	1.79037480677795e-08	1.79037480677795e-08	2.68556221016693e-08	4.02834331525039e-08	6.04251497287558e-08	9.06377245931337e-08	1.359565868897e-07	1.359565868897e-07	1.359565868897e-07	1.359565868897e-07	1.359565868897e-07	1.359565868897e-07	1.359565868897e-07	1.359565868897e-07	1.359565868897e-07	2.03934880334551e-07	3.05902320501826e-07	3.98561776185624e-08	1.63149857209416e-07	5.72636348530093e-07	1.72334523131519e-06	4.44699686296932e-06	9.83926190039217e-06	1.86663489233303e-05	3.25469216528178e-05	5.15947343302692e-05	8.42134705354605e-05	0.000156436395187614	0.000330127303279086	0.000695047639992797	0.00135156002958564	0.00234612704486355	0.00361859837609063	0.0050049020249581	0.00629999685849221	0.00731659307332211	0.00788216549088027	0.0078388768206301	0.00711783660910667	0.00585755630274562	0.00441319809832995	0.00318905917908196	0.00241574964569609	0.00205537030672417	0.00189122895539353	0.00170628823106861	0.00141171805427318	0.00105014451369743	0.000715377327362299	0.000473962200647292	0.00032499063816746	0.000235359800018621	0.000171704341752503	0.000118911459480933	7.66876919120812e-05	4.78750911088754e-05	3.26240843495933e-05	2.56853860853018e-05
5.30481424230504e-09	7.95722136345753e-09	1.19358320451863e-08	1.19358320451864e-08	1.79037480677795e-08	2.68556221016693e-08	4.02834331525039e-08	6.04251497287556e-08	9.06377245931335e-08	9.06377245931335e-08	9.06377245931335e-08	9.06377245931335e-08	9.06377245931335e-08	9.06377245931335e-08	9.06377245931335e-08	9.06377245931335e-08	1.359565868897e-07	2.03934880334551e-07	3.05902320501826e-07	7.49353268753566e-09	3.06745117323077e-08	1.07663841647043e-07	3.24013605779261e-07	8.3609915313377e-07	1.84992227246282e-06	3.50954115953097e-06	9.17574731892799e-06	2.26436527393418e-05	6.28291708311325e-05	0.000175724781348794	0.000454966612785234	0.00103399532650402	0.00204077776550743	0.00348855863665556	0.00518102202264148	0.00673408140163803	0.00774876918162107	0.00801569573288826	0.00757773030983335	0.00662936779658947	0.00538771027836443	0.0040530976815901	0.00282161718604271	0.00185987694280573	0.00124126241293914	0.000917145490346491	0.000761299311585595	0.000650685837035122	0.000524132349003497	0.000380786714195558	0.000249125851122171	0.000153895887694282	9.5234900106914e-05	6.21940572755796e-05	4.21924623498745e-05	2.79870827207585e-05	1.74379408559751e-05	1.02941800034169e-05	6.45788222618315e-06	4.63435805505746e-06
3.53654282820335e-09	5.30481424230502e-09	7.95722136345754e-09	7.95722136345758e-09	1.19358320451864e-08	1.79037480677795e-08	2.68556221016692e-08	4.02834331525038e-08	6.04251497287557e-08	6.04251497287557e-08	6.04251497287557e-08	6.04251497287557e-08	6.04251497287557e-08	6.04251497287557e-08	6.04251497287557e-08	6.04251497287556e-08	9.06377245931337e-08	1.359565868897e-07	2.03934880334551e-07	3.05902320501826e-07	3.05902320501826e-07	3.05902320501826e-07	3.05902320501826e-07	3.05902320501826e-07	3.05902320501826e-07	3.05902320501826e-07	4.33651636883911e-06	1.83637238321392e-05	6.66778637120714e-05	0.000207588725487936	0.000555763025868831	0.0012748694511121	0.00251163778954383	0.00425493337775381	0.00621128065853515	0.00784069149981844	0.00860840455637506	0.00829485406568805	0.0071060990163572	0.00550119286891907	0.00391264004526573	0.00258836970354472	0.00160466260974645	0.000944959793023212	0.00055216147448485	0.000348653801763502	0.000252838217766917	0.000199379065257169	0.000155012022683228	0.000110123545266223	6.98415759735054e-05	4.09786193736071e-05	2.32157282364453e-05	1.35941403200644e-05	8.39723374844903e-06	5.20621042070331e-06	3.02280703694656e-06	1.53782929157672e-06	7.03937710633004e-07	2.7628766453041e-07
2.35769521880224e-09	3.53654282820335e-09	5.30481424230502e-09	5.30481424230506e-09	7.95722136345758e-09	1.19358320451863e-08	1.79037480677795e-08	2.68556221016692e-08	4.02834331525038e-08	4.02834331525038e-08	4.02834331525038e-08	4.02834331525038e-08	4.02834331525038e-08	4.02834331525038e-08	4.02834331525038e-08	4.02834331525039e-08	6.04251497287558e-08	9.06377245931337e-08	1.359565868897e-07	2.03934880334551e-07	2.03934880334551e-07	2.03934880334551e-07	2.03934880334551e-07	2.03934880334551e-07	2.03934880334551e-07	3.05902320501826e-07	4.27227161306881e-06	1.80916683728063e-05	6.56900424506901e-05	0.000204513333667563	0.000546550681707199	0.00125204919938001	0.00246087602659881	0.00415185938372867	0.0060178398496501	0.0075042442829703	0.00807061686640143	0.00751669193095207	0.00610321983133308	0.0043645541424094	0.00278864222185389	0.00162029220806662	0.000872492603552927	0.000444585191826292	0.000222071752753136	0.000116952147013985	7.10902886608153e-05	4.9375619364166e-05	3.63688062045002e-05	2.49020881491969e-05	1.49466228061208e-05	7.91219835166794e-06	3.59130606306122e-06	1.39768348204319e-06	4.66408447751288e-07	1.33452017723341e-07	3.2740480010464e-08	3.05902320501826e-07	3.05902320501826e-07	3.05902320501826e-07
1.57179681253482e-09	2.35769521880224e-09	3.53654282820335e-09	3.53654282820338e-09	5.30481424230504e-09	7.95722136345756e-09	1.19358320451863e-08	1.79037480677795e-08	2.68556221016692e-08	2.68556221016692e-08	2.68556221016692e-08	2.68556221016692e-08	2.68556221016692e-08	2.68556221016692e-08	2.68556221016692e-08	2.68556221016693e-08	4.02834331525039e-08	6.04251497287558e-08	9.06377245931337e-08	1.359565868897e-07	1.359565868897e-07	1.359565868897e-07	1.359565868897e-07	1.359565868897e-07	2.03934880334551e-07	3.05902320501826e-07	3.31508770620611e-06	1.40383086187648e-05	5.09724736325965e-05	0.000158693009152938	0.000423806555414944	0.000970360357866071	0.00190548700625709	0.00320971655339132	0.00463933141477343	0.00575727478319271	0.00614011793178855	0.00563726675473408	0.00446828420416438	0.00307236310598396	0.00184673742315886	0.000981815579119787	0.000469470687019046	0.000206597494199257	8.66446664711794e-05	3.69518268388988e-05	1.78469308984538e-05	1.00441007202185e-05	6.91570945178092e-06	4.59654107737137e-06	2.71037893978147e-06	1.43477600645361e-06	6.51237436435777e-07	2.53452028819445e-07	8.45772085453028e-08	2.41998171092244e-08	5.93706743321028e-09	3.05902320501826e-07	2.03934880334551e-07	2.03934880334551e-07
1.04786454168988e-09	1.57179681253482e-09	2.35769521880223e-09	2.35769521880224e-09	3.53654282820336e-09	5.30481424230504e-09	7.95722136345756e-09	1.19358320451863e-08	1.79037480677795e-08	1.79037480677795e-08	1.79037480677795e-08	1.79037480677795e-08	1.79037480677795e-08	1.79037480677795e-08	1.79037480677795e-08	1.79037480677795e-08	2.68556221016693e-08	4.02834331525039e-08	6.04251497287556e-08	9.06377245931335e-08	9.06377245931335e-08	9.06377245931335e-08	9.06377245931335e-08	1.359565868897e-07	2.03934880334551e-07	3.05902320501826e-07	2.02604688936584e-06	8.57964374690899e-06	3.11523044935643e-05	9.69867183171369e-05	0.000258944819552562	0.000592769455963752	0.00116360745314031	0.00195884534121684	0.00282827047207038	0.00350319036078976	0.00372386928331224	0.00339939945874447	0.00266801665805832	0.00180391071310999	0.0010542373782321	0.000535493207713063	0.000238461031321443	9.4267723770143e-05	3.36099121069758e-05	1.09815954584091e-05	3.32231412663791e-06	6.53611014056566e-07	1.92218698290675e-07	4.84700048451722e-08	3.05902320501826e-07	3.05902320501826e-07	3.05902320501826e-07	3.05902320501826e-07	3.05902320501826e-07	3.05902320501826e-07	3.05902320501826e-07	2.03934880334551e-07	1.359565868897e-07	1.359565868897e-07
6.9857636112659e-10	1.04786454168988e-09	1.57179681253482e-09	1.57179681253483e-09	2.35769521880224e-09	3.53654282820336e-09	5.30481424230504e-09	7.95722136345753e-09	1.19358320451863e-08	1.19358320451863e-08	1.19358320451863e-08	1.19358320451863e-08	1.19358320451863e-08	1.19358320451863e-08	1.19358320451863e-08	1.19358320451864e-08	1.79037480677795e-08	2.68556221016692e-08	4.02834331525038e-08	6.04251497287557e-08	6.04251497287557e-08	6.04251497287556e-08	9.06377245931335e-08	1.359565868897e-07	2.03934880334551e-07	3.05902320501826e-07	9.7526415701773e-07	4.1299236805722e-06	1.4995569026828e-05	4.66858247841859e-05	0.000124633800539293	0.000285286399095386	0.000559942185316789	0.000942397404561599	0.00136011176180731	0.00168345418921101	0.00178722118976662	0.00162786295934675	0.00127267064035183	0.000854701172717161	0.000493745804771904	0.000245920296662294	0.000106019270228386	3.98138012324409e-05	1.31516829640766e-05	3.87402273655552e-06	1.034376465894e-06	1.2088472245068e-07	3.555066162133e-08	8.96448033598268e-09	3.05902320501826e-07	2.03934880334551e-07	2.03934880334551e-07	2.03934880334551e-07	2.03934880334551e-07	2.03934880334551e-07	2.03934880334551e-07	1.359565868897e-07	9.06377245931337e-08	9.06377245931335e-08
4.65717574084392e-10	6.98576361126587e-10	1.04786454168988e-09	1.04786454168989e-09	1.57179681253483e-09	2.35769521880224e-09	3.53654282820335e-09	5.30481424230502e-09	7.95722136345754e-09	7.95722136345754e-09	7.95722136345754e-09	7.95722136345754e-09	7.95722136345754e-09	7.95722136345754e-09	7.95722136345754e-09	7.95722136345758e-09	1.19358320451863e-08	1.79037480677795e-08	2.68556221016692e-08	4.02834331525038e-08	4.02834331525038e-08	6.04251497287557e-08	9.06377245931335e-08	1.359565868897e-07	2.03934880334551e-07	3.05902320501826e-07	3.69754387748112e-07	1.5657885004469e-06	5.68530833882429e-06	1.77001158459251e-05	4.72497326566563e-05	0.000108149312666311	0.000212250798647015	0.000357170896421302	0.000515351988104889	0.000637577539106774	0.000676337119870449	0.0006151692232612	0.00047976342580494	0.000320819557551392	0.000183948264788314	9.04339950026711e-05	3.81214050459714e-05	1.37786682246849e-05	4.27018556431437e-06	1.13471661616889e-06	2.58540891627921e-07	3.05902320501826e-07	3.05902320501826e-07	3.05902320501826e-07	2.03934880334551e-07	1.359565868897e-07	1.359565868897e-07	1.359565868897e-07	1.359565868897e-07	1.359565868897e-07	1.359565868897e-07	9.06377245931337e-08	6.04251497287558e-08	6.04251497287557e-08
3.10478382722928e-10	4.65717574084392e-10	6.98576361126588e-10	6.98576361126592e-10	1.04786454168989e-09	1.57179681253482e-09	2.35769521880224e-09	3.53654282820335e-09	5.30481424230502e-09	5.30481424230502e-09	5.30481424230502e-09	5.30481424230502e-09	5.30481424230502e-09	5.30481424230502e-09	5.30481424230502e-09	5.30481424230504e-09	7.95722136345756e-09	1.19358320451863e-08	1.79037480677795e-08	2.68556221016692e-08	4.02834331525038e-08	6.04251497287557e-08	9.06377245931335e-08	1.359565868897e-07	2.03934880334551e-07	3.05902320501826e-07	1.10413635874699e-07	4.67565516661048e-07	1.69770957575754e-06	5.28549277766331e-06	1.41094059992141e-05	3.22948401006446e-05	6.33809446823672e-05	0.000106656036031591	0.000153891038612039	0.000190389232900135	0.000201963365294236	0.000183697808245496	0.000143263815002816	9.58010370740822e-05	5.49294272119786e-05	2.70048078556446e-05	1.13835645370223e-05	4.11449574801271e-06	1.27513487233259e-06	3.38841651188175e-07	7.72037893607689e-08	3.05902320501826e-07	2.03934880334551e-07	2.03934880334551e-07	1.359565868897e-07	9.06377245931337e-08	9.06377245931335e-08	9.06377245931335e-08	9.06377245931335e-08	9.06377245931335e-08	9.06377245931335e-08	6.04251497287556e-08	4.02834331525039e-08	4.02834331525038e-08
2.06985588481952e-10	3.10478382722928e-10	4.65717574084392e-10	4.65717574084395e-10	6.9857636112659e-10	1.04786454168988e-09	1.57179681253482e-09	2.35769521880224e-09	3.53654282820335e-09	3.53654282820335e-09	3.53654282820335e-09	3.53654282820335e-09	3.53654282820335e-09	3.53654282820335e-09	3.53654282820335e-09	5.30481424230502e-09	7.95722136345754e-09	1.19358320451863e-08	1.79037480677795e-08	2.68556221016692e-08	4.02834331525038e-08	6.04251497287557e-08	9.06377245931335e-08	1.359565868897e-07	2.03934880334551e-07	3.05902320501826e-07	2.59687106908928e-08	1.09968968370789e-07	3.99292428518862e-07	1.24312030588057e-06	3.31845862615867e-06	7.59557778111769e-06	1.49068672789629e-05	2.50849428261288e-05	3.61943688202809e-05	4.47785535606799e-05	4.75007290715162e-05	4.320476541767e-05	3.36949013118607e-05	2.25319037450013e-05	1.29191144950892e-05	6.35138981621999e-06	2.6773549458014e-06	9.67707918253008e-07	2.99905064525291e-07	7.96937872756572e-08	1.8157928178596e-08	3.05902320501826e-07	2.03934880334551e-07	1.359565868897e-07	9.06377245931337e-08	6.04251497287558e-08	6.04251497287557e-08	6.04251497287557e-08	6.04251497287557e-08	6.04251497287557e-08	6.04251497287557e-08	4.02834331525038e-08	2.68556221016692e-08	2.68556221016692e-08
1.37990392321302e-10	2.06985588481952e-10	3.10478382722928e-10	3.10478382722929e-10	4.65717574084393e-10	6.9857636112659e-10	1.04786454168988e-09	1.57179681253482e-09	2.35769521880223e-09	2.35769521880223e-09	2.35769521880223e-09	2.35769521880223e-09	2.35769521880223e-09	2.35769521880224e-09	3.53654282820335e-09	5.30481424230502e-09	7.95722136345754e-09	1.19358320451863e-08	1.79037480677795e-08	2.68556221016692e-08	4.02834331525038e-08	6.04251497287557e-08	9.06377245931335e-08	1.359565868897e-07	2.03934880334551e-07	3.05902320501826e-07	4.81056809703823e-09	2.03711773451366e-08	7.39668380492753e-08	2.30281547491177e-07	6.14727137914422e-07	1.40704113451544e-06	2.76141934855898e-06	4.64685471341951e-06	6.70481788687108e-06	8.29499329999729e-06	8.79926210343697e-06	8.00345726178668e-06	6.24180457832794e-06	4.17391755067963e-06	2.39319852155215e-06	1.1765618087646e-06	4.95966027733389e-07	1.79262840354711e-07	5.55558476783181e-08	1.47628580857838e-08	3.36366140945529e-09	3.05902320501826e-07	2.03934880334551e-07	1.359565868897e-07	9.06377245931335e-08	6.04251497287557e-08	4.02834331525038e-08	4.02834331525038e-08	4.02834331525038e-08	4.02834331525038e-08	4.02834331525038e-08	2.68556221016692e-08	1.79037480677795e-08	1.79037480677795e-08
9.19935948808677e-11	1.37990392321301e-10	2.06985588481952e-10	2.06985588481953e-10	3.10478382722929e-10	4.65717574084393e-10	6.9857636112659e-10	1.04786454168988e-09	1.57179681253482e-09	1.57179681253482e-09	1.57179681253482e-09	1.57179681253482e-09	1.57179681253482e-09	1.57179681253482e-09	2.35769521880224e-09	3.53654282820335e-09	5.30481424230502e-09	7.95722136345753e-09	1.19358320451863e-08	1.79037480677795e-08	2.68556221016692e-08	4.02834331525038e-08	6.04251497287556e-08	9.06377245931337e-08	1.359565868897e-07	2.03934880334551e-07	3.05902320501826e-07	3.05902320501826e-07	3.05902320501826e-07	3.05902320501826e-07	3.05902320501826e-07	3.05902320501826e-07	3.05902320501826e-07	3.05902320501826e-07	3.05902320501826e-07	3.05902320501826e-07	3.05902320501826e-07	3.05902320501826e-07	3.05902320501826e-07	3.05902320501826e-07	3.05902320501826e-07	3.05902320501826e-07	3.05902320501826e-07	3.05902320501826e-07	3.05902320501826e-07	3.05902320501826e-07	3.05902320501826e-07	2.03934880334551e-07	1.359565868897e-07	9.06377245931337e-08	6.04251497287556e-08	4.02834331525038e-08	2.68556221016692e-08	2.68556221016692e-08	2.68556221016692e-08	2.68556221016692e-08	2.68556221016692e-08	1.79037480677795e-08	1.19358320451863e-08	1.19358320451863e-08
6.13290632539117e-11	9.19935948808674e-11	1.37990392321301e-10	1.37990392321302e-10	2.06985588481953e-10	3.10478382722929e-10	4.65717574084392e-10	6.98576361126587e-10	1.04786454168988e-09	1.04786454168988e-09	1.04786454168988e-09	1.04786454168988e-09	1.04786454168988e-09	1.04786454168988e-09	1.57179681253482e-09	2.35769521880224e-09	3.53654282820335e-09	5.30481424230504e-09	7.95722136345756e-09	1.19358320451863e-08	1.79037480677795e-08	2.68556221016692e-08	4.02834331525039e-08	6.04251497287558e-08	9.06377245931337e-08	1.359565868897e-07	2.03934880334551e-07	2.03934880334551e-07	2.03934880334551e-07	2.03934880334551e-07	2.03934880334551e-07	2.03934880334551e-07	2.03934880334551e-07	2.03934880334551e-07	2.03934880334551e-07	2.03934880334551e-07	2.03934880334551e-07	2.03934880334551e-07	2.03934880334551e-07	2.03934880334551e-07	2.03934880334551e-07	2.03934880334551e-07	2.03934880334551e-07	2.03934880334551e-07	2.03934880334551e-07	2.03934880334551e-07	2.03934880334551e-07	1.359565868897e-07	9.06377245931337e-08	6.04251497287558e-08	4.02834331525039e-08	2.68556221016692e-08	1.79037480677795e-08	1.79037480677795e-08	1.79037480677795e-08	1.79037480677795e-08	1.79037480677795e-08	1.19358320451863e-08	7.95722136345756e-09	7.95722136345754e-09
4.08860421692745e-11	6.13290632539117e-11	9.19935948808675e-11	9.19935948808681e-11	1.37990392321302e-10	2.06985588481952e-10	3.10478382722928e-10	4.65717574084392e-10	6.98576361126588e-10	6.98576361126588e-10	6.98576361126588e-10	6.98576361126588e-10	6.98576361126588e-10	6.9857636112659e-10	1.04786454168988e-09	1.57179681253482e-09	2.35769521880224e-09	3.53654282820336e-09	5.30481424230504e-09	7.95722136345756e-09	1.19358320451863e-08	1.79037480677795e-08	2.68556221016693e-08	4.02834331525039e-08	6.04251497287558e-08	9.06377245931337e-08	1.359565868897e-07	1.359565868897e-07	1.359565868897e-07	1.359565868897e-07	1.359565868897e-07	1.359565868897e-07	1.359565868897e-07	1.359565868897e-07	1.359565868897e-07	1.359565868897e-07	1.359565868897e-07	1.359565868897e-07	1.359565868897e-07	1.359565868897e-07	1.359565868897e-07	1.359565868897e-07	1.359565868897e-07	1.359565868897e-07	1.359565868897e-07	1.359565868897e-07	1.359565868897e-07	9.06377245931337e-08	6.04251497287558e-08	4.02834331525039e-08	2.68556221016693e-08	1.79037480677795e-08	1.19358320451863e-08	1.19358320451863e-08	1.19358320451863e-08	1.19358320451863e-08	1.19358320451863e-08	7.95722136345753e-09	5.30481424230504e-09	5.30481424230502e-09
