9.06377245931337e-08	1.359565868897e-07	2.03934880334551e-07	2.03934880334551e-07	2.03934880334551e-07	2.03934880334551e-07	2.03934880334551e-07	2.03934880334551e-07	2.03934880334551e-07	2.03934880334551e-07	2.03934880334551e-07	2.03934880334551e-07	2.03934880334551e-07	2.03934880334551e-07	2.03934880334551e-07	2.03934880334551e-07	2.03934880334551e-07	2.03934880334551e-07	2.03934880334551e-07	2.03934880334551e-07	1.359565868897e-07	9.06377245931337e-08	9.06377245931335e-08	9.06377245931335e-08	9.06377245931335e-08	9.06377245931335e-08	9.06377245931335e-08	9.06377245931335e-08	6.04251497287556e-08	4.02834331525039e-08	2.68556221016693e-08	2.68556221016692e-08	1.79037480677795e-08	1.19358320451863e-08	1.19358320451863e-08	1.19358320451863e-08	1.19358320451863e-08	1.19358320451863e-08	1.19358320451863e-08	1.19358320451863e-08	1.19358320451863e-08	1.19358320451863e-08	7.95722136345753e-09	5.30481424230504e-09	3.53654282820336e-09	2.35769521880224e-09	1.57179681253483e-09	1.04786454168989e-09	6.98576361126595e-10	4.65717574084397e-10	4.65717574084392e-10	3.10478382722928e-10	2.06985588481952e-10	1.37990392321302e-10	9.19935948808677e-11	6.13290632539121e-11	4.08860421692747e-11	4.08860421692744e-11	4.08860421692744e-11	4.08860421692744e-11
1.359565868897e-07	2.03934880334551e-07	3.05902320501826e-07	3.05902320501826e-07	3.05902320501826e-07	3.05902320501826e-07	3.05902320501826e-07	3.05902320501826e-07	3.05902320501826e-07	3.05902320501826e-07	3.05902320501826e-07	3.05902320501826e-07	3.05902320501826e-07	3.05902320501826e-07	3.05902320501826e-07	3.05902320501826e-07	3.05902320501826e-07	3.05902320501826e-07	3.05902320501826e-07	3.05902320501826e-07	2.03934880334551e-07	1.359565868897e-07	1.359565868897e-07	1.359565868897e-07	1.359565868897e-07	1.359565868897e-07	1.359565868897e-07	1.359565868897e-07	9.06377245931337e-08	6.04251497287558e-08	4.02834331525039e-08	4.02834331525038e-08	2.68556221016692e-08	1.79037480677795e-08	1.79037480677795e-08	1.79037480677795e-08	1.79037480677795e-08	1.79037480677795e-08	1.79037480677795e-08	1.79037480677795e-08	1.79037480677795e-08	1.79037480677795e-08	1.19358320451863e-08	7.95722136345756e-09	5.30481424230504e-09	3.53654282820336e-09	2.35769521880224e-09	1.57179681253484e-09	1.04786454168989e-09	6.98576361126595e-10	6.98576361126588e-10	4.65717574084392e-10	3.10478382722928e-10	2.06985588481952e-10	1.37990392321302e-10	9.19935948808681e-11	6.13290632539121e-11	6.13290632539117e-11	6.13290632539117e-11	6.13290632539117e-11
2.03934880334551e-07	3.05902320501826e-07	7.28598805324598e-09	3.51936919561824e-08	1.38581563926747e-07	4.44846670072166e-07	1.1640710427288e-06	2.48320677207852e-06	4.31827740762357e-06	6.12170571770562e-06	7.07454665091e-06	6.66482939993761e-06	5.11851188231346e-06	3.20451752122433e-06	1.63548227350447e-06	6.80445408984752e-07	2.3078362528228e-07	6.38088548118249e-08	1.43820622957422e-08	2.6425647463163e-09	3.05902320501826e-07	2.03934880334551e-07	2.03934880334551e-07	2.03934880334551e-07	2.03934880334551e-07	2.03934880334551e-07	2.03934880334551e-07	2.03934880334551e-07	1.359565868897e-07	9.06377245931337e-08	6.04251497287558e-08	6.04251497287557e-08	4.02834331525038e-08	2.68556221016692e-08	2.68556221016692e-08	2.68556221016692e-08	2.68556221016692e-08	2.68556221016692e-08	2.68556221016692e-08	2.68556221016692e-08	2.68556221016692e-08	2.68556221016692e-08	1.79037480677795e-08	1.19358320451863e-08	7.95722136345756e-09	5.30481424230504e-09	3.53654282820338e-09	2.35769521880225e-09	1.57179681253484e-09	1.04786454168989e-09	1.04786454168988e-09	6.98576361126587e-10	4.65717574084392e-10	3.10478382722929e-10	2.06985588481953e-10	1.37990392321302e-10	9.19935948808681e-11	9.19935948808675e-11	9.19935948808675e-11	9.19935948808675e-11
3.05902320501826e-07	4.29834214830617e-09	5.92181219727797e-08	2.76854270525001e-07	1.05692407986799e-06	3.29469943169403e-06	8.38588307540353e-06	1.74270007952383e-05	2.95675771569934e-05	4.09548406254378e-05	4.63092078416258e-05	4.27442331423833e-05	3.220406658339e-05	1.98034817848608e-05	9.93904339916018e-06	4.07093761062325e-06	1.36071136179625e-06	3.71137257573152e-07	8.25992057819426e-08	1.29914743966751e-08	3.05902320501826e-07	3.05902320501826e-07	3.05902320501826e-07	3.05902320501826e-07	3.05902320501826e-07	3.05902320501826e-07	3.05902320501826e-07	3.05902320501826e-07	2.03934880334551e-07	1.359565868897e-07	9.06377245931337e-08	9.06377245931335e-08	6.04251497287556e-08	4.02834331525039e-08	4.02834331525038e-08	4.02834331525038e-08	4.02834331525038e-08	4.02834331525038e-08	4.02834331525038e-08	4.02834331525038e-08	4.02834331525038e-08	4.02834331525038e-08	2.68556221016692e-08	1.79037480677795e-08	1.19358320451863e-08	7.95722136345758e-09	5.30481424230506e-09	3.53654282820338e-09	2.35769521880225e-09	1.57179681253484e-09	1.57179681253482e-09	1.04786454168988e-09	6.9857636112659e-10	4.65717574084393e-10	3.10478382722929e-10	2.06985588481953e-10	1.37990392321302e-10	1.37990392321301e-10	1.37990392321301e-10	1.37990392321301e-10
3.05902320501826e-07	1.99740392937661e-08	2.54133083165115e-07	1.1848471620585e-06	4.51108784103631e-06	1.40250696973783e-05	3.56055980089353e-05	7.38080480081795e-05	0.00012494271515207	0.000172718482475133	0.000195094542950636	0.000180402287074405	0.000137430612707771	8.8052931439359e-05	5.04745505828884e-05	2.97994614289726e-05	2.11419868195893e-05	1.75308775420396e-05	1.46515016624429e-05	1.12118533019654e-05	7.56372036177827e-06	4.41247264358332e-06	2.18696262484582e-06	9.09580132314725e-07	3.14347473640722e-07	8.71311293948423e-08	2.06427498779513e-08	3.98681435635228e-09	3.05902320501826e-07	2.03934880334551e-07	1.359565868897e-07	1.359565868897e-07	9.06377245931337e-08	6.04251497287558e-08	6.04251497287557e-08	6.04251497287557e-08	6.04251497287557e-08	6.04251497287557e-08	6.04251497287557e-08	6.04251497287557e-08	6.04251497287557e-08	6.04251497287557e-08	4.02834331525038e-08	2.68556221016692e-08	1.79037480677795e-08	1.19358320451864e-08	7.95722136345758e-09	5.30481424230506e-09	3.53654282820338e-09	2.35769521880224e-09	2.35769521880223e-09	1.57179681253482e-09	1.04786454168988e-09	6.9857636112659e-10	4.65717574084393e-10	3.10478382722929e-10	2.06985588481954e-10	2.06985588481952e-10	2.06985588481952e-10	2.06985588481952e-10
3.05902320501826e-07	7.6638679941994e-08	9.04537917794755e-07	4.20538267292982e-06	1.5966796445763e-05	4.95056180566588e-05	0.000125349971890274	0.000259182537265863	0.000437725517456178	0.000603937601401867	0.000681537871093971	0.000631279298652475	0.00048526813462134	0.000320111210036378	0.000197992681369732	0.000134287402735504	0.000109573970491687	9.82435801841277e-05	8.53148758389699e-05	6.73149210661154e-05	4.70252343401162e-05	2.85911904215154e-05	1.488251974262e-05	6.54776409149553e-06	2.41322123708962e-06	7.27669858271011e-07	1.84588997274843e-07	3.89947944406886e-08	3.68277142169517e-09	3.05902320501826e-07	2.03934880334551e-07	2.03934880334551e-07	1.359565868897e-07	9.06377245931337e-08	9.06377245931335e-08	9.06377245931335e-08	9.06377245931335e-08	9.06377245931335e-08	9.06377245931335e-08	9.06377245931335e-08	9.06377245931335e-08	9.06377245931335e-08	6.04251497287556e-08	4.02834331525039e-08	2.68556221016693e-08	1.79037480677795e-08	1.19358320451864e-08	7.95722136345758e-09	5.30481424230504e-09	3.53654282820336e-09	3.53654282820335e-09	2.35769521880224e-09	1.57179681253482e-09	1.04786454168988e-09	6.9857636112659e-10	4.65717574084395e-10	3.1047838272293e-10	3.10478382722928e-10	3.10478382722928e-10	3.10478382722928e-10
3.05902320501826e-07	2.42799243727301e-07	2.67042657953537e-06	1.23833588998692e-05	4.6889047731948e-05	0.000144998400369402	0.000366261506413484	0.000755639682211249	0.00127399034925654	0.00175630030706676	0.00198429022700215	0.00184883377523561	0.00144635013916667	0.000997759772899673	0.000677065486349487	0.000519967363972832	0.000462708320830112	0.000428078447741738	0.000374480369783633	0.000296653885475493	0.000208617648572023	0.000128092566630383	6.75497036778052e-05	3.01752626905161e-05	1.13189370260014e-05	3.48981669650703e-06	9.00484705051886e-07	1.94319600429303e-07	2.19230680205108e-08	3.05902320501826e-07	3.05902320501826e-07	3.05902320501826e-07	2.03934880334551e-07	1.359565868897e-07	1.359565868897e-07	1.359565868897e-07	1.359565868897e-07	1.359565868897e-07	1.359565868897e-07	1.359565868897e-07	1.359565868897e-07	1.359565868897e-07	9.06377245931337e-08	6.04251497287558e-08	4.02834331525039e-08	2.68556221016693e-08	1.79037480677795e-08	1.19358320451863e-08	7.95722136345756e-09	5.30481424230504e-09	5.30481424230502e-09	3.53654282820335e-09	2.35769521880224e-09	1.57179681253482e-09	1.04786454168989e-09	6.98576361126592e-10	4.65717574084395e-10	4.65717574084392e-10	4.65717574084392e-10	4.65717574084392e-10
3.05902320501826e-07	6.35131776931306e-07	6.53934875802237e-06	3.02456408946281e-05	0.000114209874156148	0.000352237366475923	0.000887594146690417	0.00182719343175076	0.0030756970092586	0.00423831253277166	0.00479948578501235	0.00451129656297255	0.00361590355529143	0.00264035347501338	0.00198181047095464	0.00169615331754118	0.00160577514546107	0.00151683599585274	0.00133708994113882	0.00107016950970185	0.000768066471221394	0.000489646834551688	0.000275967888221771	0.000138058920169072	6.21911635666275e-05	2.54011412951226e-05	9.54526836084098e-06	3.25048034193373e-06	9.2930629249423e-07	2.28928913636686e-07	5.11868190380503e-08	8.80825207840199e-09	3.05902320501826e-07	2.03934880334551e-07	2.03934880334551e-07	2.03934880334551e-07	2.03934880334551e-07	2.03934880334551e-07	2.03934880334551e-07	2.03934880334551e-07	2.03934880334551e-07	2.03934880334551e-07	1.359565868897e-07	9.06377245931337e-08	6.04251497287558e-08	4.02834331525039e-08	2.68556221016692e-08	1.79037480677795e-08	1.19358320451863e-08	7.95722136345756e-09	7.95722136345754e-09	5.30481424230502e-09	3.53654282820335e-09	2.35769521880224e-09	1.57179681253483e-09	1.04786454168989e-09	6.98576361126592e-10	6.98576361126588e-10	6.98576361126588e-10	6.98576361126588e-10
3.05902320501826e-07	1.37182133361397e-06	1.32825674744621e-05	6.12908911175424e-05	0.000230835298484263	0.000710141284005432	0.00178578944283262	0.00367007615205817	0.00617395041069657	0.0085200105746451	0.00970687141200357	0.00927701974589949	0.00773682716869158	0.00612156375414906	0.00516131050283349	0.00488082074211701	0.00485284737234928	0.00466115903423689	0.00413916151086934	0.00334223180783879	0.00243474215998651	0.0015912934305776	0.000933037920548317	0.000494318718943302	0.000239540664940062	0.000106017077480054	4.26592577987478e-05	1.52577512615442e-05	4.58633126605996e-06	1.15918735690906e-06	2.56792291674169e-07	4.2607893809422e-08	3.05902320501826e-07	3.05902320501826e-07	3.05902320501826e-07	3.05902320501826e-07	3.05902320501826e-07	3.05902320501826e-07	3.05902320501826e-07	3.05902320501826e-07	3.05902320501826e-07	3.05902320501826e-07	2.03934880334551e-07	1.359565868897e-07	9.06377245931337e-08	6.04251497287556e-08	4.02834331525038e-08	2.68556221016692e-08	1.79037480677795e-08	1.19358320451863e-08	1.19358320451863e-08	7.95722136345753e-09	5.30481424230504e-09	3.53654282820336e-09	2.35769521880224e-09	1.57179681253483e-09	1.04786454168989e-09	1.04786454168988e-09	1.04786454168988e-09	1.04786454168988e-09
3.05902320501826e-07	2.44651825796562e-06	2.23768589273423e-05	0.0001030686663072	0.000387266428345913	0.00118881749969208	0.00298554006928019	0.00613198060135846	0.010328504703329	0.0143246670076226	0.0165340451673887	0.0162850356080983	0.0144584524802491	0.0127074329821076	0.0120652735284842	0.0123466794723158	0.0126703268314079	0.0122933889804835	0.0109992647520287	0.00900009101157081	0.00670736613173958	0.00454139281973381	0.002799610366295	0.00158034473280639	0.000820637237009582	0.000387532801685267	0.000163843304949391	6.10443865226214e-05	2.05034653544158e-05	9.04185617413657e-06	9.25426739557031e-06	1.30752784118966e-05	1.65717132643899e-05	1.7350570743892e-05	1.48089537470749e-05	1.03038432699899e-05	5.84437894630946e-06	2.70235093582373e-06	1.01861339492722e-06	3.12997792618032e-07	7.84038560575934e-08	1.60102394284755e-08	3.05902320501826e-07	2.03934880334551e-07	1.359565868897e-07	9.06377245931335e-08	6.04251497287557e-08	4.02834331525038e-08	2.68556221016692e-08	1.79037480677795e-08	1.79037480677795e-08	1.19358320451863e-08	7.95722136345756e-09	5.30481424230504e-09	3.53654282820336e-09	2.35769521880224e-09	1.57179681253484e-09	1.57179681253482e-09	1.57179681253482e-09	1.57179681253482e-09
3.05902320501826e-07	3.60260434258545e-06	3.12640141151389e-05	0.00014388613248448	0.000539648160261206	0.00165422856522184	0.00415497587062596	0.00854708693512629	0.0144692134612722	0.020307299186146	0.0240493641760767	0.0249514455511868	0.0242864761263004	0.0241485637446447	0.0255288285150727	0.0276511814049736	0.0289265381327319	0.0282394435576778	0.0254493557294862	0.0211329436771766	0.0161669596022857	0.0114033413562381	0.00744198501994021	0.0045043487767521	0.00252005720469696	0.00128136462614425	0.000583639868172017	0.000239743120507486	9.66601415462434e-05	5.32167946277183e-05	5.2345981701247e-05	6.55234043091271e-05	7.75764668953573e-05	7.86908011838196e-05	6.62400290001216e-05	4.58074450868949e-05	2.59123159960851e-05	1.19671703094097e-05	4.50658531497894e-06	1.38477587557547e-06	3.46877105785673e-07	7.08330660650889e-08	3.05902320501826e-07	2.03934880334551e-07	1.359565868897e-07	9.06377245931337e-08	6.04251497287558e-08	4.02834331525039e-08	2.68556221016692e-08	2.68556221016692e-08	2.68556221016692e-08	1.79037480677795e-08	1.19358320451863e-08	7.95722136345756e-09	5.30481424230504e-09	3.53654282820338e-09	2.35769521880225e-09	2.35769521880223e-09	2.35769521880223e-09	2.35769521880223e-09
3.05902320501826e-07	4.38028000709602e-06	3.62211579883341e-05	0.000166876413983653	0.000625387878464838	0.00191707673055975	0.00482989025351287	0.00999301520729914	0.0171259787973621	0.0246314142394479	0.0305670472826086	0.0344305659368492	0.0377616794195608	0.0425484048820435	0.0490297526128267	0.0552651435784068	0.0586808632217954	0.0577931283964173	0.0527203812847868	0.0446667691503777	0.0352462730895398	0.0259711930150867	0.0179060602918293	0.0115140296848278	0.00683638312106793	0.00368547131841001	0.00179666273020031	0.000821539309550686	0.000399215000126874	0.000260307833004304	0.00024689234193175	0.000277523325902501	0.000305669882828721	0.000298594244220522	0.000246786857800734	0.000169120740899007	9.52275131441e-05	4.38635741310484e-05	1.64924579963837e-05	5.06459886099569e-06	1.26715881605334e-06	2.58756610440369e-07	3.05902320501826e-07	3.05902320501826e-07	2.03934880334551e-07	1.359565868897e-07	9.06377245931337e-08	6.04251497287556e-08	4.02834331525038e-08	4.02834331525038e-08	4.02834331525038e-08	2.68556221016692e-08	1.79037480677795e-08	1.19358320451863e-08	7.95722136345758e-09	5.30481424230506e-09	3.53654282820338e-09	3.53654282820335e-09	3.53654282820335e-09	3.53654282820335e-09
3.05902320501826e-07	4.39748510336081e-06	3.47921887357831e-05	0.000161022519648488	0.000604218464603943	0.00185740041764044	0.00472010835220398	0.00990170577017129	0.0174070858500603	0.0262026954596806	0.0351089928178217	0.0442786954947126	0.055322690910237	0.0694153832038187	0.0852182527801012	0.0990228669017507	0.106961472872844	0.107059620422244	0.0996876560799974	0.0867966575962451	0.0709688916367116	0.0546419381504378	0.0395908859816623	0.0267843782913393	0.016701992148364	0.00947675498708457	0.00492843201870397	0.0024829878356466	0.00137609841755093	0.000976891047000642	0.000901937800083835	0.000948413523593746	0.000993407092468356	0.000944292722195139	0.000771604381473561	0.000527817021328569	0.00029862897712592	0.000138997515894031	5.31304228379501e-05	1.6715262105723e-05	4.32196174918174e-06	9.24233377780919e-07	3.37006280712757e-08	6.44072263827153e-09	3.05902320501826e-07	2.03934880334551e-07	1.359565868897e-07	9.06377245931335e-08	6.04251497287556e-08	6.04251497287557e-08	6.04251497287557e-08	4.02834331525038e-08	2.68556221016692e-08	1.79037480677795e-08	1.19358320451864e-08	7.95722136345758e-09	5.30481424230506e-09	5.30481424230502e-09	5.30481424230502e-09	5.30481424230502e-09
3.05902320501826e-07	3.64522280572041e-06	2.77026597823183e-05	0.000129629383171347	0.000489002855927591	0.00151555642924488	0.00392555755467022	0.00847076005150372	0.0156126577140616	0.0253424468302694	0.0378313030723902	0.0542695387653782	0.0762809206285312	0.103850471023985	0.13365598018416	0.159898181862205	0.17701770679418	0.181928949686938	0.174555950353329	0.157158209908763	0.133300586925588	0.106731257155041	0.0804971198317676	0.0566948901228125	0.0368759466511584	0.0220188071399996	0.0122907488525733	0.00683685463291088	0.00421504815521141	0.00313368183659954	0.00278173898313969	0.00272677342877694	0.00269880507646553	0.00248101229295194	0.00199539529746526	0.0013580645940256	0.000769843241645787	0.000360889921127635	0.000139610234138533	4.47056165600851e-05	1.18253705809024e-05	2.60707719376911e-06	1.55496523487393e-07	2.97178431475999e-08	3.05902320501826e-07	2.03934880334551e-07	1.359565868897e-07	9.06377245931335e-08	9.06377245931335e-08	9.06377245931335e-08	9.06377245931335e-08	6.04251497287556e-08	4.02834331525039e-08	2.68556221016693e-08	1.79037480677795e-08	1.19358320451864e-08	7.95722136345758e-09	7.95722136345754e-09	7.95722136345754e-09	7.95722136345754e-09
3.05902320501826e-07	2.49494501423798e-06	1.82806232586354e-05	8.75142544068147e-05	0.00033449120932493	0.00105559733827878	0.00283859511517881	0.00644836750139952	0.0128404511786007	0.0231745165398953	0.0391929801014756	0.063366065745333	0.0975941021626176	0.141063184162506	0.188964524393882	0.23368842871499	0.267557436099249	0.285065269644614	0.283917398267265	0.265227925591689	0.233021309126426	0.192848673899533	0.150136000839787	0.109305281835241	0.0739474744457141	0.046551464955399	0.0279717290494593	0.0170681135965178	0.0114279454299806	0.00872031953483668	0.00743599166464217	0.0067877554066698	0.00629557576129918	0.00554823924349525	0.00436992396614662	0.00295641484938392	0.00168331664041901	0.000798996761074966	0.000315271603238232	0.000103777980766304	2.83980359220143e-05	6.53112741193455e-06	5.92407531074835e-07	1.13218441757421e-07	3.05902320501826e-07	2.03934880334551e-07	1.359565868897e-07	1.359565868897e-07	1.359565868897e-07	1.359565868897e-07	1.359565868897e-07	9.06377245931337e-08	6.04251497287558e-08	4.02834331525039e-08	2.68556221016693e-08	1.79037480677795e-08	1.19358320451863e-08	1.19358320451863e-08	1.19358320451863e-08	1.19358320451863e-08
3.05902320501826e-07	1.40998689760091e-06	9.99524343852275e-06	4.99951043625727e-05	0.000196473205152999	0.000642237514346602	0.00184551851960369	0.00454880026880619	0.0100758274360208	0.0205343513070841	0.0390348860956586	0.0693684709632714	0.114246664354322	0.173177754634311	0.241278496635159	0.310145625840525	0.36984366799636	0.410871460446401	0.426160596940868	0.413171542192147	0.375034376108174	0.319409061940056	0.255588699034611	0.191952123374702	0.135214033994509	0.0899655538897437	0.0581087616975675	0.0383822215095905	0.0272669295638659	0.0210636428442235	0.0173001558702996	0.014758765115683	0.0127671504114102	0.010699263086777	0.00820995477556599	0.00551955828594583	0.0031697389520734	0.00153501727438334	0.000624031763937341	0.000213511187369309	6.10771359697248e-05	1.47724678271176e-05	1.86353543976451e-06	3.56151074357655e-07	3.05902320501826e-07	2.03934880334551e-07	2.03934880334551e-07	2.03934880334551e-07	2.03934880334551e-07	2.03934880334551e-07	2.03934880334551e-07	1.359565868897e-07	9.06377245931337e-08	6.04251497287558e-08	4.02834331525039e-08	2.68556221016692e-08	1.79037480677795e-08	1.79037480677795e-08	1.79037480677795e-08	1.79037480677795e-08
3.05902320501826e-07	6.57940125715144e-07	4.52717794629499e-06	2.45227615973967e-05	0.000101634151444501	0.000353237146223876	0.00112569068850435	0.00309304008646059	0.00772441680756252	0.0176402947041546	0.0368377159520657	0.0702397220352595	0.121845552256568	0.192734443556379	0.279661256340109	0.374955484783896	0.467026730621708	0.541609257151189	0.5847463779851	0.587491152615883	0.549955179187672	0.481417086444495	0.396008578623225	0.307340038550577	0.22596072233764	0.158888296343073	0.109495514249938	0.076929846272389	0.056842310688925	0.0440923265481565	0.0351037771478445	0.0282656496398184	0.0228684916678976	0.0181561895089924	0.0135288788792879	0.00904968244680648	0.00527264958070573	0.00262876444921397	0.00111217424327728	0.000398972232806244	0.000119982681480293	3.05392778433315e-05	4.89534588695553e-06	9.36273815311175e-07	3.05902320501826e-07	3.05902320501826e-07	3.05902320501826e-07	3.05902320501826e-07	3.05902320501826e-07	3.05902320501826e-07	3.05902320501826e-07	2.03934880334551e-07	1.359565868897e-07	9.06377245931337e-08	6.04251497287556e-08	4.02834331525038e-08	2.68556221016692e-08	2.68556221016692e-08	2.68556221016692e-08	2.68556221016692e-08
3.05902320501826e-07	2.53498193180448e-07	1.69820726805834e-06	1.05412040430706e-05	4.78503850872326e-05	0.000182926595514482	0.000670265306387602	0.0020765974270484	0.00580760022137684	0.0145653657793305	0.0326930726620829	0.0658434061034213	0.119351642353534	0.196486171415816	0.296777015222241	0.414761948642561	0.538672023118713	0.650436040024538	0.729032813063105	0.75761442207304	0.731140639713618	0.658813233754371	0.558827908786536	0.449743780303984	0.345670228136419	0.256003523838438	0.186170423924378	0.13678019925894	0.103559969718666	0.0803256011959009	0.0624863094335972	0.0481643081769488	0.0368409603993597	0.027800206746156	0.0201144313648222	0.0134091469702405	0.00795998318447246	0.00410718818189664	0.00181719339898308	0.00068933267854883	0.000227750814285777	7.52874192363358e-05	3.13127280088385e-05	2.09662562692492e-05	1.4127894723772e-05	8.59513684974517e-06	4.26277487833616e-06	1.72344034626603e-06	5.68020970860917e-07	1.52614830968414e-07	3.34266894303795e-08	3.05902320501826e-07	2.03934880334551e-07	1.359565868897e-07	9.06377245931335e-08	6.04251497287557e-08	4.02834331525038e-08	4.02834331525038e-08	4.02834331525038e-08	4.02834331525038e-08
3.05902320501826e-07	8.06455784301347e-08	5.27448485669714e-07	4.06182901092637e-06	2.11129739696725e-05	9.2384173227097e-05	0.000400701490270644	0.00139326371452488	0.00429313921715082	0.0116021939320231	0.0275731533267118	0.0580586582012291	0.10924444211801	0.186241807541608	0.291406031488807	0.422327296327742	0.568937399295929	0.711967206096317	0.825703116851643	0.886378290259519	0.882795856447497	0.821492910477389	0.72166171203322	0.604246857494621	0.485324913002332	0.376250201967906	0.285272254704317	0.216004823777132	0.165804500322025	0.128380454130368	0.0984323045854119	0.0738578632374127	0.0544003852185021	0.039507874588155	0.0279120484851622	0.0185863567622718	0.0112562015388049	0.00601861974233467	0.00279446080548927	0.00113637882466222	0.000430658118519868	0.000190252600136463	0.000117237067677893	8.93850895418671e-05	6.25688414226926e-05	3.76603348953577e-05	1.85757791145037e-05	7.49106847593445e-06	2.46209992687444e-06	6.61512485353805e-07	1.44888752042824e-07	3.05902320501826e-07	2.03934880334551e-07	1.359565868897e-07	9.06377245931335e-08	6.04251497287556e-08	6.04251497287557e-08	6.04251497287557e-08	6.04251497287557e-08	6.04251497287557e-08
3.05902320501826e-07	2.11837797556155e-08	1.35610952511298e-07	1.42512830363921e-06	8.80741842698821e-06	4.6591321625184e-05	0.000246478730588732	0.000949846274477049	0.00316825029185363	0.00908214606235305	0.022566427094382	0.0491513143336971	0.0950963938821796	0.166371376137518	0.267331521690819	0.398613724740181	0.553308257961375	0.714012681281087	0.854318957573069	0.94690431176093	0.975289747605872	0.940966683495421	0.859659330208021	0.750363364953748	0.628430300523711	0.506389016276209	0.396059973394877	0.305752538135141	0.236347202009836	0.182747701988832	0.139340680720482	0.103565802029585	0.0751076711939366	0.0535065527839068	0.037264030934761	0.0247855893308897	0.0152248499722654	0.00837675549288134	0.00407386138252735	0.00180598407075638	0.000827981075555643	0.000495936845384926	0.000387372513747196	0.000315474835039186	0.000225061772759224	0.000135126466087332	6.65651099668077e-05	2.68277875102958e-05	8.81179081804996e-06	2.36753576929997e-06	5.18553029043971e-07	3.05902320501826e-07	2.03934880334551e-07	1.359565868897e-07	9.06377245931337e-08	9.06377245931335e-08	9.06377245931335e-08	9.06377245931335e-08	9.06377245931335e-08	9.06377245931335e-08
3.05902320501826e-07	4.59455592359788e-09	2.50109493313029e-08	4.36483935339313e-07	3.34319157036871e-06	2.36662999134676e-05	0.000158960616596383	0.000666795605139303	0.00236002479265612	0.00706234514726668	0.0180927432800307	0.0402623928818136	0.0792258053217759	0.140859762868972	0.230513015020479	0.351265673119002	0.499817139388539	0.662703643132012	0.816571913595299	0.934797070805567	0.998096466961388	1.00191762660818	0.954612589819552	0.868821758315583	0.756230728668246	0.62944940395692	0.504129499889732	0.394415892745823	0.306292935070738	0.237151620129761	0.181475377039653	0.135786851091906	0.0990341110358752	0.0705808867131095	0.0489744489617445	0.0325347275917449	0.020161041559597	0.011396108032693	0.00588464306973789	0.00296187455177654	0.0017085537947089	0.00128937139322805	0.00112283101520948	0.000934396527864834	0.000669219034982675	0.000400561634440946	0.000197010569668761	7.93431084441726e-05	2.6039934104334e-05	6.99636165851109e-06	1.53238847638646e-06	3.05902320501826e-07	3.05902320501826e-07	2.03934880334551e-07	1.359565868897e-07	1.359565868897e-07	1.359565868897e-07	1.359565868897e-07	1.359565868897e-07	1.359565868897e-07
2.03934880334551e-07	3.05902320501826e-07	3.05902320501826e-07	1.07288070278611e-07	1.11356668325526e-06	1.23315827310991e-05	0.000107241676148875	0.00047573359428939	0.00174458511324266	0.0053627304665257	0.0139821044304594	0.0314850799267112	0.0625987634830436	0.112666168500257	0.187421201440096	0.291630337489952	0.425055796367142	0.578552576738734	0.733811384633429	0.868185570160385	0.962512224521917	1.00698358027639	1.00097855559834	0.948248526804178	0.854786687694067	0.732039074645194	0.598700742724141	0.474487860731912	0.371005083989821	0.289078073047107	0.223836770860628	0.170602045729586	0.126933309363304	0.0917327991122955	0.0639836857726178	0.0426170933807718	0.0267519622306615	0.0157391696211818	0.00887800587246109	0.0052242162643444	0.00364945848960168	0.00310087665065202	0.00279162988435508	0.00232268007389145	0.00165875749669181	0.000990146226533795	0.000486990328353588	0.000196548257708651	6.47324987432177e-05	1.75013785807625e-05	3.86496594286716e-06	3.08238865213098e-08	6.15139082791721e-09	3.05902320501826e-07	2.03934880334551e-07	2.03934880334551e-07	2.03934880334551e-07	2.03934880334551e-07	2.03934880334551e-07	2.03934880334551e-07
1.359565868897e-07	2.03934880334551e-07	3.05902320501826e-07	2.91995538400241e-08	3.56721855719396e-07	6.60169193310675e-06	7.20101471671964e-05	0.000327813137772998	0.00122164146014049	0.00381895098491277	0.0100684200894451	0.0229044232663035	0.0461555955207314	0.0846791659341608	0.144435972892563	0.23124438307901	0.34689638634768	0.485683856304134	0.634372097138169	0.77558482823535	0.892383540263804	0.971673649470395	1.00500465329908	0.987582970930257	0.91938029881286	0.809443415089915	0.677356410629386	0.546296205163264	0.432635257788088	0.34118677487697	0.268649312420454	0.209476042458448	0.159654465221015	0.117539524113241	0.0829223743253615	0.0558956534958902	0.0360893333076007	0.0225877670025283	0.0141630708888758	0.00952893170842696	0.00739239800679158	0.00650632535583387	0.00583481200506568	0.00480278986296183	0.00340828230511318	0.00202856273104611	0.000998187467993463	0.000404143004519607	0.000133765870115602	3.64705243144012e-05	8.14261148331495e-06	1.49219817587835e-07	2.97791589849871e-08	3.05902320501826e-07	3.05902320501826e-07	3.05902320501826e-07	3.05902320501826e-07	3.05902320501826e-07	3.05902320501826e-07	3.05902320501826e-07
1.359565868897e-07	2.03934880334551e-07	3.05902320501826e-07	6.56172757186537e-09	9.66752930958157e-08	3.32010768623175e-06	4.45813756081214e-05	0.000205240552566279	0.000771269174597271	0.0024509480955899	0.00655002853841064	0.0151753459190535	0.0314397004588396	0.0598818530056224	0.106623226687177	0.178023654203238	0.276987218560109	0.400151157833062	0.538391447715365	0.679225223512498	0.808720006536837	0.912632911236257	0.97759223352537	0.992832175503973	0.953373348921076	0.864671247155765	0.744088318816538	0.614931818644234	0.496598267433356	0.398153410520805	0.319065843880667	0.253883261257924	0.197458091286959	0.147826163633299	0.105851046562721	0.0729555454922467	0.0491896126448599	0.0331064937361316	0.022788041116947	0.0166599284836679	0.0134196402767643	0.0117310781163597	0.0103069466633645	0.00835158664498326	0.00588503248911121	0.00350101067094102	0.00173236565503717	0.000709975586514674	0.000239862915194584	6.77737867926305e-05	1.60691590329474e-05	1.04059078379901e-06	2.65440154431353e-07	4.00193030399104e-08	8.917479090009e-09	1.61986542050379e-09	1.54884961973726e-08	7.05977912142205e-08	2.62323519042895e-07	7.94598245898496e-07
9.06377245931337e-08	1.359565868897e-07	2.03934880334551e-07	3.05902320501826e-07	1.55508934415711e-08	1.4641369676695e-06	2.41845566880598e-05	0.00011195480436218	0.000424516756205271	0.0013824661492397	0.00378754568911705	0.00909677834071955	0.0198433693147108	0.0402139238906906	0.0761927232875688	0.134180550320415	0.217677477362854	0.325116723866291	0.450646418930287	0.585740422692912	0.719407727021848	0.837955619967431	0.926216703668465	0.970469347690442	0.96208444525335	0.901797281310501	0.80183576437735	0.682585449742135	0.564723105978295	0.461476522905112	0.375964466749657	0.303890046907289	0.239788794027858	0.181870046963282	0.132247551012284	0.0935568525331518	0.065964500387813	0.0472010486125409	0.0345617452678834	0.0262885830917152	0.0212418258220167	0.018145600511073	0.0155299009263462	0.0123772931327732	0.0086824843669486	0.00519528405831415	0.00261255794587934	0.00110147426372836	0.000389149822066173	0.000117892983532452	3.10240768044528e-05	4.28045688200903e-06	1.15223672533123e-06	2.05494925767062e-07	4.57903202812706e-08	8.31783911896437e-09	7.36889099939361e-08	3.35879882479351e-07	1.24804460921929e-06	3.78042373366669e-06
9.06377245931335e-08	1.359565868897e-07	2.03934880334551e-07	3.05902320501826e-07	3.26296503482884e-09	5.73402533499986e-07	1.13180384648136e-05	5.23894374732397e-05	0.000201571971325766	0.000682571623179409	0.0019548056935945	0.00499049696566391	0.0117720077716668	0.0258842670335916	0.0526606937708944	0.098014851691644	0.165795977591922	0.256174003131369	0.366249069807468	0.490849970881925	0.621847889097466	0.747350412452414	0.852682167791432	0.923148502516365	0.947070598441978	0.919612438504914	0.846311360737632	0.743119285933382	0.630843778005348	0.526204475503149	0.435879608197288	0.357243028303224	0.285258756439787	0.218822467580618	0.161391366469148	0.116679724389775	0.084880901721202	0.0629436882432726	0.0474698674849769	0.0365720625179717	0.0292808291842525	0.0244264728536221	0.0204375584841185	0.0161158238190662	0.0113607662233148	0.00694013014038673	0.00362622961729803	0.0016229025059227	0.000626048960261781	0.000214206872893795	6.59007607000027e-05	1.51735338025058e-05	4.29552485664451e-06	8.71264225811363e-07	1.94143323980364e-07	3.52662511415139e-08	2.89475764627738e-07	1.31945344030446e-06	4.90275494064184e-06	1.48508242422105e-05
6.04251497287556e-08	9.06377245931337e-08	1.359565868897e-07	2.03934880334551e-07	3.05902320501826e-07	1.85478185287373e-07	4.45428950101943e-06	2.06247306418295e-05	8.214189990055e-05	0.000296891322995321	0.000915868473088084	0.00255519787167398	0.00663971133035009	0.0159028124040632	0.034570453898093	0.0676143444097247	0.118991520183046	0.190521678294486	0.282088822200798	0.391654355304319	0.514130349207758	0.640344873357376	0.757432731026034	0.850593057648415	0.905216913087993	0.91075645599106	0.866171893142339	0.783046864864287	0.681687940859681	0.581048865390819	0.490309019769506	0.408297883172719	0.330694300628687	0.257203706454369	0.192435282166265	0.141123974387695	0.103909644352758	0.0776456925554994	0.0587055028807944	0.045094856878695	0.0357680323543954	0.0294614007152435	0.02446412357859	0.0194100475500708	0.0140306785165699	0.00897663042830742	0.00503024649086786	0.002478587149767	0.00108317399059846	0.000428469855806293	0.000153411236418297	4.6472877971675e-05	1.3723356714385e-05	3.0501125152747e-06	6.79654879296912e-07	1.23459716107799e-07	9.38943555068663e-07	4.27977901908385e-06	1.59025753313636e-05	4.81701317124524e-05
6.04251497287557e-08	9.06377245931335e-08	1.359565868897e-07	2.03934880334551e-07	3.05902320501826e-07	5.1133058377213e-08	1.47487503421871e-06	6.82256174898098e-06	2.92809169231983e-05	0.000116743539485707	0.000400567038355821	0.00124145488161756	0.00355175208046376	0.00915677983610296	0.0210183502121983	0.0429330580706242	0.0786393824010664	0.13114386984154	0.202585899917804	0.29367555519943	0.40238367034372	0.522759013552753	0.644524457322761	0.75346808479276	0.832678438617037	0.866796459588892	0.84936649398923	0.788238009101923	0.702625833138423	0.612253772369735	0.527509436493834	0.448135458896508	0.370282092660173	0.293908838207285	0.224035407361481	0.166219352323561	0.122284550395896	0.0902091156058824	0.0670224561537684	0.0507991888384543	0.0401133840361231	0.0332335695423901	0.0280834978429339	0.0230153625827179	0.0175026492098157	0.012016285970059	0.00737282079378251	0.00404927616504252	0.00199816784275555	0.000890740999692232	0.000354570078361309	0.000122107505137502	3.72596702504225e-05	8.81655734456039e-06	1.96458858085497e-06	3.56868692992962e-07	2.5146871296872e-06	1.14621429148725e-05	4.25904212226441e-05	0.000129009682849128
6.04251497287557e-08	9.06377245931335e-08	1.359565868897e-07	2.03934880334551e-07	3.05902320501826e-07	1.16393277956244e-08	4.06242930038659e-07	1.8782747250336e-06	9.41083355670545e-06	4.26934386803908e-05	0.000166323305489628	0.000570808428556456	0.0017713697061738	0.00483951328641274	0.0116408297407271	0.0248548620125499	0.0477296456331499	0.083743382795304	0.136291673691546	0.207851324988662	0.298768062711535	0.406171026511459	0.522955771371031	0.636806734843658	0.730327900158727	0.785255703365615	0.791051081701479	0.75196366003635	0.685154271808025	0.60991049232316	0.537134233941937	0.467237056784145	0.396388559830576	0.323752576203869	0.253520247801929	0.191462156549211	0.141009116261887	0.102342865789967	0.0741457867587818	0.0550690925623607	0.0433744667591307	0.0366727053419689	0.0322370660688869	0.0278674705739342	0.0226129544270199	0.0167402688877583	0.0111804636725523	0.00672378551543733	0.00363419144665349	0.00175608702185752	0.000746239635622845	0.000273124681063897	8.53403157995666e-05	2.10426005529674e-05	4.68891100485587e-06	8.51743493864256e-07	5.56090698758877e-06	2.53470540631367e-05	9.4183235832925e-05	0.000285288312153395
4.02834331525038e-08	6.04251497287556e-08	9.06377245931337e-08	1.359565868897e-07	2.03934880334551e-07	3.05902320501826e-07	8.22868195915166e-08	3.83920148037324e-07	2.69776481116904e-06	1.43543921855595e-05	6.40182821180956e-05	0.000242002319221036	0.000809976954076372	0.00234263779084951	0.00596154875344729	0.0135211315522871	0.0277107659513665	0.0518429031999659	0.0893974310112876	0.14315445385698	0.214441668261463	0.302687324538521	0.404342037732304	0.510766480144027	0.606764497384706	0.673623556333238	0.697783267178979	0.679288478052522	0.631924065505654	0.57372899982163	0.516159971739968	0.460563258506717	0.402936134449544	0.340830092393464	0.276497722743152	0.214991587603499	0.160898920488847	0.116705268207004	0.0832641855776937	0.0605446403451333	0.0472029311461439	0.040556766513164	0.0371564294279063	0.0339344660638092	0.0292449900143548	0.0230587108411843	0.0164418888987468	0.0105595768590977	0.00607176193202847	0.00308996686803056	0.00136664897210755	0.00051620964209036	0.00016389880715707	4.14683718234834e-05	9.2403742829765e-06	1.67851952580144e-06	1.0153704061106e-05	4.62813865350301e-05	0.000171969915393161	0.000520910186083521
4.02834331525038e-08	6.04251497287557e-08	9.06377245931335e-08	1.359565868897e-07	2.03934880334551e-07	3.05902320501826e-07	1.61294988149826e-08	7.38585516149256e-08	8.20746536641425e-07	4.7653065151975e-06	2.3191172269817e-05	9.75252226841886e-05	0.000359875004191706	0.00113031019735419	0.00315009061653549	0.00782579781440365	0.0174195287534727	0.0347253802241358	0.0623595314658786	0.101981086362546	0.154338074968113	0.220063386101545	0.299165462133212	0.388121869664764	0.476394850202049	0.547131542478169	0.584691039648835	0.58429952434744	0.555201954727276	0.513546093328889	0.471389077012327	0.431274569941568	0.389268089667435	0.341492258734847	0.288157425058772	0.232893136732824	0.180182571430763	0.133628081272555	0.095840863882236	0.0686767707656368	0.0523006089378255	0.0446565149477818	0.041886565904281	0.0398915989462236	0.0360360405508226	0.0297970661283037	0.0222720678630565	0.0149647620052078	0.0089589994062845	0.00470870679238421	0.00213297422852739	0.000819457116425437	0.000262769107097404	6.74763768420231e-05	1.50357236096347e-05	2.73124820385479e-06	1.53080745960828e-05	6.9775415279457e-05	0.000259267778268672	0.000785342170545524
2.68556221016692e-08	4.02834331525038e-08	6.04251497287556e-08	9.06377245931337e-08	1.359565868897e-07	2.03934880334551e-07	3.05902320501826e-07	3.05902320501826e-07	1.95881907252159e-07	1.31041976513158e-06	7.12380043379131e-06	4.06680103778914e-05	0.000183950161956425	0.000665435425551263	0.00210538764772602	0.00576973473701362	0.0136900870215113	0.0280659315156723	0.0501805795744208	0.0797397714992605	0.115874306454048	0.159464673630414	0.213544087786587	0.279940826344501	0.353870587399283	0.421921008809573	0.467685641922962	0.482097612608259	0.469593003947428	0.443650508569591	0.415990171658416	0.389763126784839	0.361478075261691	0.327157474449265	0.286253677439393	0.241066325504697	0.194628874531208	0.149792377326239	0.1097310392947	0.0781930495186649	0.057723579696372	0.0478750032732593	0.0449506853330935	0.0439312896296773	0.0410474265343187	0.035099381063133	0.0270653909004215	0.0186959985082541	0.0114535154660282	0.00612513582512616	0.00280893517363406	0.00108795111442774	0.000350641407243859	9.06574970093385e-05	2.02011597535093e-05	3.6695527747797e-06	1.90560918152462e-05	8.6859174330945e-05	0.000322746701841065	0.000977624744011229
1.79037480677795e-08	2.68556221016692e-08	4.02834331525039e-08	6.04251497287558e-08	9.06377245931337e-08	1.359565868897e-07	2.03934880334551e-07	3.05902320501826e-07	5.81267986779743e-08	3.68227658182183e-07	2.02756057658223e-06	2.37633431078023e-05	0.000134147415348664	0.000544905701786799	0.0018682408926637	0.00536056540754029	0.0129175735195551	0.0261945687017407	0.0451848146148852	0.0676901168839832	0.091143223406646	0.116169078778966	0.147771206387893	0.191850277848636	0.248667692651212	0.308872957974356	0.357192461857373	0.382413336817546	0.385127068500074	0.375228882966022	0.361998095558042	0.347523213582857	0.328846861079494	0.303665904389451	0.272725365598399	0.237890936224636	0.200117911167103	0.16007482469868	0.120250007358971	0.0857078105732401	0.0614388187117172	0.0490079332228146	0.0453392020732774	0.0448421154993783	0.0427759015775129	0.0372874575090164	0.0291840986798982	0.0203764627434531	0.0125739330873314	0.00675479369671806	0.00310637313118411	0.00120498564129134	0.000388782660055244	0.000100571028585134	2.24101864936086e-05	4.07082380587909e-06	1.9586836661239e-05	8.92783513348286e-05	0.000331735751129034	0.0010048532701555
1.79037480677795e-08	2.68556221016692e-08	4.02834331525038e-08	6.04251497287557e-08	9.06377245931335e-08	1.359565868897e-07	2.03934880334551e-07	3.05902320501826e-07	1.4242154218388e-08	7.63324866312003e-08	4.31689434625018e-07	1.90028843589548e-05	0.000118889779766966	0.000504837672892071	0.00177081460454141	0.00511692689182849	0.0122427999491608	0.0243317379245078	0.0405124554494493	0.0574790262822846	0.0717152355410639	0.083512662103648	0.0984839425091662	0.124321166404544	0.164367017525258	0.21312758686878	0.258446628053261	0.289914924882611	0.306039780112575	0.312522535297126	0.314038892909919	0.309789635317069	0.297101600339242	0.276493950257576	0.25150857763602	0.224581925606771	0.194885355602785	0.160661636557908	0.123145183820758	0.0879278020043321	0.0616657608722765	0.0474905503291552	0.0430166155450961	0.0425311580929494	0.0408160859460021	0.035679314074052	0.0278500364138082	0.0193155411630867	0.0118219474763472	0.00630202037627734	0.00288063530034543	0.00111245984893975	0.000357980505687808	9.21211302341151e-05	2.05273003328285e-05	3.72879640645294e-06	1.66230979888096e-05	7.57693959563734e-05	0.000281539892979353	0.000852806130110138
1.79037480677795e-08	2.68556221016692e-08	4.02834331525038e-08	6.04251497287557e-08	9.06377245931335e-08	1.359565868897e-07	2.03934880334551e-07	3.05902320501826e-07	2.88132443043554e-09	1.54427943409298e-08	8.49108625105712e-08	1.62774106207584e-05	0.000102115556328326	0.000435605124553045	0.00152574535418662	0.00438374199337291	0.0103734622825978	0.0202700625732113	0.0328972396388616	0.044901746976506	0.0528576942915559	0.0568633680705005	0.0619095381193156	0.0752374990574421	0.101116842919924	0.137115498532837	0.175289237090907	0.208209894161296	0.23396545474677	0.254332375297078	0.268757916347333	0.272980429218572	0.264370274172209	0.246146353277448	0.22461152252487	0.203073810407024	0.17965109121338	0.150933640999176	0.117148550981536	0.0838163112753244	0.0581143146172217	0.0437630414684779	0.0388089170893215	0.0378563704744677	0.0358971173803012	0.0308839501161993	0.0235993119295759	0.0159730695427869	0.00954424842775121	0.00498451288751533	0.00224330706417404	0.000856887788453229	0.000273884672873791	6.9672729010067e-05	1.55251355445026e-05	2.82015017510388e-06	1.16486829907697e-05	5.30956187885112e-05	0.000197289877300818	0.000597606310744577
1.19358320451863e-08	1.79037480677795e-08	2.68556221016692e-08	4.02834331525038e-08	6.04251497287556e-08	9.06377245931337e-08	1.359565868897e-07	2.03934880334551e-07	3.05902320501826e-07	3.05902320501826e-07	3.05902320501826e-07	1.21827261753669e-05	7.51470976630571e-05	0.000319899897975175	0.0011156438590872	0.0031866538778443	0.00747654772776446	0.0144376254227381	0.0230369629408127	0.0306539151204432	0.0346834018634675	0.0351680455330008	0.035779066188689	0.0419868304752418	0.0575241319648342	0.0819339029155132	0.111155385711992	0.141157726847138	0.170503772525205	0.198274923040247	0.220188519295524	0.229762009174549	0.224528101625412	0.209243227129845	0.191495934648187	0.174833677765852	0.156835280791873	0.133440467363044	0.104472687684505	0.0751192245507718	0.0521635457081833	0.0390236674467258	0.033896055338195	0.0320770986805416	0.0294053374593734	0.0243921761062346	0.0179063888672382	0.0116219054844629	0.00666915137805559	0.00336398844297814	0.00147403384395329	0.000552334681537471	0.000174446291834898	4.35094490592256e-05	9.69518639084037e-06	1.76113641774128e-06	6.73998432076919e-06	3.07213818437389e-05	0.000114152877257253	0.000345777901896961
7.95722136345756e-09	1.19358320451863e-08	1.79037480677795e-08	2.68556221016692e-08	4.02834331525039e-08	6.04251497287558e-08	9.06377245931337e-08	1.359565868897e-07	2.03934880334551e-07	2.03934880334551e-07	3.05902320501826e-07	7.69396157276556e-06	4.63857992771718e-05	0.000196586543467152	0.000682137926097098	0.00193766923207398	0.00451475890634742	0.00864130251307652	0.0136233494996473	0.0178183622416512	0.0196342195164722	0.0191296971696826	0.0186009505909108	0.0215280178480133	0.0305510252119831	0.0461257965150741	0.0667319771072935	0.0907284084656844	0.117260496743257	0.14433667685888	0.16657854077761	0.177498212963458	0.175209606453378	0.164597258577746	0.152636575529344	0.14206203848504	0.129998163072865	0.112356865014086	0.0890114509225153	0.064786903373825	0.0456692200650373	0.0343697008269171	0.0291527326030756	0.0262561685189554	0.0227236609570971	0.0177892067295524	0.0123168822721817	0.00753828673969392	0.0040859636446699	0.00195914159289447	0.000824334825048563	0.000299595967997758	9.28417075329345e-05	2.24347660264237e-05	4.99912646480526e-06	9.08094318060826e-07	3.22001684957895e-06	1.46770915882337e-05	5.4536356570385e-05	0.000165194845763856
5.30481424230504e-09	7.95722136345756e-09	1.19358320451863e-08	1.79037480677795e-08	2.68556221016693e-08	4.02834331525039e-08	6.04251497287558e-08	9.06377245931337e-08	1.359565868897e-07	2.03934880334551e-07	3.05902320501826e-07	4.01418176739473e-06	2.37175961343444e-05	0.000100155601051866	0.000346105100889436	0.000978730894705953	0.00226801725811062	0.00431162046437237	0.00673722762199836	0.00870835605646409	0.00943576174010627	0.00899930999009766	0.00865556123632044	0.0103456717302091	0.0156906916565028	0.025315763916389	0.0388253597137459	0.0556420091785028	0.0752383482632707	0.0957908981529604	0.112977543450428	0.122068474328799	0.122120311368289	0.117196956114299	0.112387461437591	0.10886831843918	0.103223635734564	0.09154975950021	0.0739325480904734	0.0548750582658359	0.039561073770389	0.0300406794265714	0.0247414979204376	0.0209006544768023	0.0167498135827011	0.0121376783353286	0.00779118513390976	0.00442845936253327	0.00223196326970996	0.001000380494203	0.000397594486191853	0.000137938360702247	4.1539608162361e-05	9.55161268026001e-06	2.1283805534329e-06	3.86621602964162e-07	1.27020728886919e-06	5.7897053294031e-06	2.15130792353245e-05	6.51647823520886e-05
5.30481424230502e-09	7.95722136345754e-09	1.19358320451863e-08	1.79037480677795e-08	2.68556221016692e-08	4.02834331525038e-08	6.04251497287557e-08	9.06377245931335e-08	1.359565868897e-07	2.03934880334551e-07	3.05902320501826e-07	1.72926381284542e-06	1.00352028244429e-05	4.22480035130758e-05	0.000145489533558136	0.000409858851403765	0.00094548810405862	0.00178764585848037	0.00277418449541874	0.00355847780988728	0.00382454848993554	0.00365221526483123	0.00366679621746399	0.00486192242710993	0.00814554154896632	0.0139783039447772	0.0222336952347955	0.0325664521675	0.0445528411597229	0.0570336453382159	0.0675330930498648	0.0736018163432576	0.0752719252718708	0.0755032550573049	0.077227868686832	0.0799818754037873	0.0798810545886209	0.073298699068712	0.0605529697249159	0.0458379699345598	0.0336492587370807	0.0255846075425338	0.020353732382828	0.0160613888512139	0.0118223150747043	0.00783270299431602	0.00459729743984653	0.00239535283335037	0.00110734975154666	0.00045659228769917	0.000168390998913064	5.45451914554287e-05	1.57687148000147e-05	3.35775543294101e-06	7.48206779932033e-07	1.35912209937928e-07	4.13721656664926e-07	1.88577604732127e-06	7.007066373494e-06	2.12249464691049e-05
5.30481424230502e-09	7.95722136345754e-09	1.19358320451863e-08	1.79037480677795e-08	2.68556221016692e-08	4.02834331525038e-08	6.04251497287557e-08	9.06377245931335e-08	1.359565868897e-07	2.03934880334551e-07	3.05902320501826e-07	6.15095671695597e-07	3.51325491076417e-06	1.47523099180251e-05	5.06521861074924e-05	0.000142226255314827	0.000326838081732357	0.000615135551766787	0.000949196539563657	0.00121274185511909	0.00130559623430356	0.00129083048507383	0.00146543786281705	0.0023210442654604	0.00434553738859078	0.00780270682814769	0.0125641089032058	0.0182669057390406	0.0244991294248551	0.0306663243697082	0.035811119470841	0.0392981692300828	0.0419053141669996	0.045681117885993	0.0518389002103319	0.0586706149534306	0.0620667706478648	0.0587908132784484	0.0494073889128039	0.0377988033886428	0.0278572469520113	0.0208939023935307	0.0159486430781224	0.0117707269292143	0.00796900261516115	0.00481093201130333	0.00256094434115859	0.0012109977357894	0.000507780661547073	0.000189860892065516	6.39204205578197e-05	1.87631240687276e-05	5.13894884854409e-06	9.74627398011953e-07	2.17175682286468e-07	3.94500928299695e-08	1.11265137211583e-07	5.0715529940327e-07	1.88446069703553e-06	5.70817732924754e-06
5.30481424230502e-09	7.95722136345754e-09	1.19358320451863e-08	1.79037480677795e-08	2.68556221016692e-08	4.02834331525038e-08	6.04251497287557e-08	9.06377245931335e-08	1.359565868897e-07	2.03934880334551e-07	3.05902320501826e-07	1.80651381394162e-07	1.01731384995179e-06	4.26073569115556e-06	1.45847372653116e-05	4.08164916085488e-05	9.34207658579928e-05	0.000174949239302432	0.000268236323342363	0.000342501602850923	0.000374741463516593	0.000408208400330232	0.000583702454326039	0.00115183426587311	0.00239215272810785	0.00447555542584718	0.00729904361463035	0.0104986942303173	0.0136105768974615	0.0162504937483528	0.0182736388733109	0.0201426440164585	0.0231635274520426	0.0288618349208335	0.0373484279548794	0.0461043377048975	0.0509719896604997	0.0491689136721434	0.0415548473348899	0.0317596305858826	0.0231538542641532	0.0168465182148016	0.0121849599539756	0.00836578108982568	0.00520329658167559	0.0028577682436158	0.00137285924753594	0.000584523399153543	0.000220084078173236	7.33275116527721e-05	2.22629737097678e-05	5.69001152685322e-06	1.45976481984388e-06	2.33585225283696e-07	5.20496661354916e-08	9.45485304429964e-09	2.47074064042293e-08	1.12618313394851e-07	4.1846114121007e-07	1.26755119020736e-06
5.30481424230502e-09	7.95722136345754e-09	1.19358320451863e-08	1.79037480677795e-08	2.68556221016692e-08	4.02834331525038e-08	6.04251497287557e-08	9.06377245931335e-08	1.359565868897e-07	2.03934880334551e-07	3.05902320501826e-07	4.38083706556708e-08	2.43607480695373e-07	1.01834345818695e-06	3.47836880962279e-06	9.71102438369844e-06	2.21667934982372e-05	4.1384544050089e-05	6.32237819321657e-05	8.17241876608525e-05	9.42903853395705e-05	0.000129440154885682	0.000259371791303352	0.000639554184623783	0.00149010461443746	0.00301125880322756	0.00519762049458302	0.00769304003755524	0.00985929928280233	0.0111740888631221	0.011765174451644	0.0127509526463159	0.0159461997855621	0.022737173089218	0.0325536608719482	0.0422136210621581	0.0474244867178652	0.0457845497653717	0.0385394338354054	0.0292698842594922	0.0209980336221369	0.0146897680489659	0.00993701233063421	0.00625279824780632	0.00352235371293875	0.00173669412316432	0.000742688707168455	0.000280525684110945	9.33115996437618e-05	2.650783814873e-05	7.22375720657518e-06	1.52701732723675e-06	3.65531830258859e-07	4.62241912267764e-08	1.03001108816481e-08	1.87102131399781e-09	3.05902320501826e-07	3.05902320501826e-07	3.05902320501826e-07	3.05902320501826e-07
5.30481424230502e-09	7.95722136345754e-09	1.19358320451863e-08	1.79037480677795e-08	2.68556221016692e-08	4.02834331525038e-08	6.04251497287557e-08	9.06377245931335e-08	1.359565868897e-07	2.03934880334551e-07	3.05902320501826e-07	8.77182812088026e-09	4.42888582447487e-08	1.82290111945366e-07	6.11640162408993e-07	1.67298918843934e-06	3.73039250528082e-06	6.78078823555895e-06	1.00477793484123e-05	1.32210278991858e-05	1.81614058238071e-05	4.90599537654793e-05	0.000157294013544254	0.000487724029085598	0.00130020469827651	0.00291023163876034	0.00543611155729848	0.00846686848030404	0.0110284775044864	0.0122256856497453	0.0122234205254066	0.012711286602675	0.0161691426546799	0.0241220923482622	0.0354468153307076	0.0461274681371707	0.0514116336589891	0.0491020405784201	0.0409731794766883	0.030912255727553	0.0218946975968669	0.0148249035969069	0.00944304679376202	0.00545900422147362	0.00277298830390415	0.00121295314688292	0.000452543542333637	0.000147121030798717	4.13348203980356e-05	8.323806007631e-06	1.92403157414468e-06	2.58717959158059e-07	4.9167838004563e-08	3.05902320501826e-07	3.05902320501826e-07	3.05902320501826e-07	2.03934880334551e-07	2.03934880334551e-07	2.03934880334551e-07	2.03934880334551e-07
3.53654282820335e-09	5.30481424230502e-09	7.95722136345753e-09	1.19358320451863e-08	1.79037480677795e-08	2.68556221016692e-08	4.02834331525038e-08	6.04251497287556e-08	9.06377245931337e-08	1.359565868897e-07	2.03934880334551e-07	3.05902320501826e-07	3.05902320501826e-07	3.05902320501826e-07	3.05902320501826e-07	3.05902320501826e-07	3.05902320501826e-07	3.05902320501826e-07	3.05902320501826e-07	3.73017060356444e-07	3.7898837777153e-06	3.62461081577358e-05	0.000152788421135937	0.000532491677475681	0.0015295533339707	0.00361414151766998	0.00701616081971935	0.0111956785362784	0.0147362102174385	0.0162853104846464	0.0160164997500763	0.0162477079543846	0.0202472837036523	0.0297833664806427	0.0431390234619471	0.0552435720913344	0.0605964907750523	0.0570536382071924	0.0470449255029915	0.035111663194335	0.0245128797613231	0.0161925627033033	0.00991723153009934	0.00542928992395776	0.00257288067247377	0.00103259287856616	0.000346660421965435	9.97099504624392e-05	2.42604204664268e-05	2.71410139554703e-06	5.90577296613264e-07	6.04844628292426e-08	1.14947191136599e-08	3.05902320501826e-07	2.03934880334551e-07	2.03934880334551e-07	1.359565868897e-07	1.359565868897e-07	1.359565868897e-07	1.359565868897e-07
2.35769521880224e-09	3.53654282820335e-09	5.30481424230504e-09	7.95722136345756e-09	1.19358320451863e-08	1.79037480677795e-08	2.68556221016692e-08	4.02834331525039e-08	6.04251497287558e-08	9.06377245931337e-08	1.359565868897e-07	2.03934880334551e-07	2.03934880334551e-07	2.03934880334551e-07	2.03934880334551e-07	2.03934880334551e-07	2.03934880334551e-07	2.03934880334551e-07	3.05902320501826e-07	1.0696615589722e-07	3.91371892493908e-06	4.11907349103084e-05	0.000180245348096606	0.000645694648363107	0.00189170820631237	0.0045297555644358	0.00886809348739903	0.0142136059203411	0.0187329767802104	0.0206826324309736	0.0202787557203478	0.0204170116927504	0.0250418116994885	0.0360823508304603	0.051240265228406	0.0644875552208385	0.069658884024488	0.0646544240529465	0.0525195278866064	0.0385038925449384	0.0262883465642717	0.0169142513484604	0.0100641452322246	0.00534004798404608	0.00244255968092714	0.000938901640940455	0.000298061612006402	8.01178071173647e-05	1.78100744252148e-05	7.81832008976759e-07	1.61268176714519e-07	1.16755749869083e-08	2.21887487607972e-09	3.05902320501826e-07	2.03934880334551e-07	1.359565868897e-07	9.06377245931337e-08	9.06377245931335e-08	9.06377245931335e-08	9.06377245931335e-08
1.57179681253482e-09	2.35769521880224e-09	3.53654282820336e-09	5.30481424230504e-09	7.95722136345756e-09	1.19358320451863e-08	1.79037480677795e-08	2.68556221016693e-08	4.02834331525039e-08	6.04251497287558e-08	9.06377245931337e-08	1.359565868897e-07	1.359565868897e-07	1.359565868897e-07	1.359565868897e-07	1.359565868897e-07	1.359565868897e-07	2.03934880334551e-07	3.05902320501826e-07	2.53268559485561e-08	4.92711520276833e-06	4.63707833029134e-05	0.000204266576994727	0.000734524786998453	0.00215568907676467	0.00516265490364356	0.0100987934309749	0.0161591330515902	0.0212544294697979	0.0234250040423407	0.0229321336397238	0.0229845615457715	0.0278119512512432	0.039299717936107	0.0547841347198345	0.0678683499635301	0.0722999270011915	0.0661782217222906	0.0528579312077354	0.0378747735686253	0.0251057194653426	0.0156402845219874	0.00903606044852181	0.00467932790116983	0.00209641265431098	0.000789316049010825	0.00024418801260462	6.391184351991e-05	1.36761071699747e-05	1.68207393155662e-07	3.0826058818314e-08	3.05902320501826e-07	3.05902320501826e-07	2.03934880334551e-07	1.359565868897e-07	9.06377245931337e-08	6.04251497287558e-08	6.04251497287557e-08	6.04251497287557e-08	6.04251497287557e-08
1.04786454168989e-09	1.57179681253483e-09	2.35769521880224e-09	3.53654282820336e-09	5.30481424230504e-09	7.95722136345758e-09	1.19358320451864e-08	1.79037480677795e-08	2.68556221016693e-08	4.02834331525039e-08	6.04251497287556e-08	9.06377245931335e-08	9.06377245931335e-08	9.06377245931335e-08	9.06377245931335e-08	9.06377245931335e-08	1.359565868897e-07	2.03934880334551e-07	3.05902320501826e-07	4.95146108474595e-09	5.63758285082895e-06	4.75319308931904e-05	0.000209329915932121	0.00075212174345816	0.00220467207355784	0.00527218900361338	0.0102975962736221	0.0164497225790338	0.0216014738293804	0.0237624676775317	0.0231653338785583	0.0229264768209872	0.0270611062276105	0.0372298544802926	0.0508154412967266	0.0619364793506236	0.0650777550282663	0.0587451600679923	0.0461070287824678	0.032226495923976	0.0206592636632498	0.012396751989852	0.00692448631596831	0.00349582459379092	0.00153869244015715	0.000571687563669357	0.000174361232337524	4.53279558651028e-05	9.6153671982274e-06	3.85063485657782e-08	7.05675858532991e-09	3.05902320501826e-07	2.03934880334551e-07	1.359565868897e-07	9.06377245931337e-08	6.04251497287558e-08	4.02834331525039e-08	4.02834331525038e-08	4.02834331525038e-08	4.02834331525038e-08
6.98576361126592e-10	1.04786454168989e-09	1.57179681253483e-09	2.35769521880224e-09	3.53654282820338e-09	5.30481424230506e-09	7.95722136345758e-09	1.19358320451864e-08	1.79037480677795e-08	2.68556221016692e-08	4.02834331525038e-08	6.04251497287557e-08	6.04251497287557e-08	6.04251497287557e-08	6.04251497287557e-08	6.04251497287556e-08	9.06377245931337e-08	1.359565868897e-07	2.03934880334551e-07	3.05902320501826e-07	5.41584632527007e-06	4.41254097679958e-05	0.00019457705854224	0.000700008800556922	0.00205462042151125	0.00492020080302155	0.00962475168630934	0.0153960491946197	0.0202373992902125	0.0222326697321343	0.0214667785689443	0.0206136283961534	0.0231242170617944	0.0303982948930974	0.0402945316683026	0.0481751430111811	0.0498651480017114	0.044370430058523	0.034219414976723	0.0233305678044202	0.0144483894460108	0.00832273510783786	0.00447212133949495	0.00219107518366859	0.000944891189375916	0.000346187465712144	0.000104064373864401	2.69664400630724e-05	5.6965172327633e-06	3.05902320501826e-07	3.05902320501826e-07	2.03934880334551e-07	1.359565868897e-07	9.06377245931337e-08	6.04251497287558e-08	4.02834331525039e-08	2.68556221016693e-08	2.68556221016692e-08	2.68556221016692e-08	2.68556221016692e-08
4.65717574084395e-10	6.98576361126592e-10	1.04786454168989e-09	1.57179681253484e-09	2.35769521880225e-09	3.53654282820338e-09	5.30481424230506e-09	7.95722136345758e-09	1.19358320451863e-08	1.79037480677795e-08	2.68556221016692e-08	4.02834331525038e-08	4.02834331525038e-08	4.02834331525038e-08	4.02834331525038e-08	6.04251497287557e-08	9.06377245931335e-08	1.359565868897e-07	2.03934880334551e-07	3.05902320501826e-07	4.31430367186017e-06	3.81566136802746e-05	0.000169219808894277	0.000612411832692684	0.00180864476954154	0.00435898961502423	0.00858249401245126	0.0138145246269164	0.0182510597680466	0.0200555244918096	0.0190685674374911	0.0173720058276806	0.0177821044667765	0.0215429362987677	0.0272394405480739	0.0317224915478212	0.0322548961742693	0.0282583500548716	0.0214145607449289	0.0142573873702756	0.00853913596851364	0.00471890674541204	0.0024317980521905	0.00115173972682737	0.000485197321315542	0.000175092986054388	5.18285441261065e-05	1.34304496037627e-05	2.83711114380131e-06	3.05902320501826e-07	2.03934880334551e-07	1.359565868897e-07	9.06377245931337e-08	6.04251497287558e-08	4.02834331525039e-08	2.68556221016693e-08	1.79037480677795e-08	1.79037480677795e-08	1.79037480677795e-08	1.79037480677795e-08
3.1047838272293e-10	4.65717574084395e-10	6.98576361126595e-10	1.04786454168989e-09	1.57179681253484e-09	2.35769521880225e-09	3.53654282820338e-09	5.30481424230504e-09	7.95722136345756e-09	1.19358320451863e-08	1.79037480677795e-08	2.68556221016692e-08	2.68556221016692e-08	2.68556221016692e-08	4.02834331525038e-08	6.04251497287557e-08	9.06377245931335e-08	1.359565868897e-07	2.03934880334551e-07	3.05902320501826e-07	2.83773794068205e-06	3.18348691983603e-05	0.000142674830747183	0.000521876028685158	0.00155797500484922	0.00379597291831414	0.00755436910945977	0.0122838721629023	0.0163651925050301	0.0180193788044131	0.0168327695572177	0.0143432113440142	0.0128534060167574	0.013574691805163	0.0158094427817212	0.0176772426431286	0.017559991547648	0.0151145455234277	0.0112495192738445	0.00732237874889812	0.00424915582718299	0.00225401293280055	0.00111132869609218	0.000506471961441979	0.000207419344008726	7.34543690588693e-05	2.13134199385112e-05	5.52299543030805e-06	1.16670344960758e-06	3.05902320501826e-07	2.03934880334551e-07	1.359565868897e-07	9.06377245931335e-08	6.04251497287557e-08	4.02834331525038e-08	2.68556221016692e-08	1.79037480677795e-08	1.19358320451863e-08	1.19358320451863e-08	1.19358320451863e-08
2.06985588481954e-10	3.10478382722931e-10	4.65717574084397e-10	6.98576361126595e-10	1.04786454168989e-09	1.57179681253484e-09	2.35769521880224e-09	3.53654282820336e-09	5.30481424230504e-09	7.95722136345756e-09	1.19358320451863e-08	1.79037480677795e-08	1.79037480677795e-08	2.68556221016692e-08	4.02834331525038e-08	6.04251497287557e-08	9.06377245931335e-08	1.359565868897e-07	2.03934880334551e-07	3.05902320501826e-07	1.54117182609934e-06	2.60183628655968e-05	0.000118018815846073	0.000436855503664986	0.00131955398244015	0.00325241775068855	0.00654453644900824	0.0107521776345844	0.0144458386362558	0.015948856341535	0.0146845331945839	0.0117751195431058	0.00913055672101903	0.00794590506821459	0.00804151315392978	0.00838604068789551	0.00804995619225077	0.00677998608063915	0.00494906497049088	0.00315236353249592	0.00177624478026425	0.00090608028566926	0.000427083728574044	0.000186599689978173	7.39240034858799e-05	2.55849314796996e-05	7.23693167708731e-06	1.87532271673509e-06	3.96151963250903e-07	3.05902320501826e-07	2.03934880334551e-07	1.359565868897e-07	9.06377245931335e-08	6.04251497287557e-08	4.02834331525038e-08	2.68556221016692e-08	1.79037480677795e-08	1.19358320451863e-08	7.95722136345753e-09	7.95722136345754e-09
1.37990392321303e-10	2.06985588481954e-10	3.10478382722931e-10	4.65717574084397e-10	6.98576361126595e-10	1.04786454168989e-09	1.57179681253483e-09	2.35769521880224e-09	3.53654282820336e-09	5.30481424230504e-09	7.95722136345756e-09	1.19358320451863e-08	1.79037480677795e-08	2.68556221016692e-08	4.02834331525038e-08	6.04251497287557e-08	9.06377245931335e-08	1.359565868897e-07	2.03934880334551e-07	3.05902320501826e-07	6.91109772055011e-07	2.03147922943863e-05	9.30476632875279e-05	0.000347672506683896	0.00105972452240134	0.0026348725283625	0.00534534006535322	0.00884810059758629	0.0119600852117253	0.0132337605213682	0.0120757037119864	0.00929419012912941	0.0064222881204616	0.00453738174575069	0.00372598364730208	0.00343782134021458	0.00311765388251944	0.00254856722780632	0.00181850642770053	0.00113414091009975	0.000621859363653646	0.000305874475511016	0.000137956949578574	5.76550738812755e-05	2.19929284727993e-05	7.40675603724709e-06	2.0289577396035e-06	5.25768476220483e-07	1.11065798015181e-07	3.05902320501826e-07	2.03934880334551e-07	1.359565868897e-07	9.06377245931335e-08	6.04251497287557e-08	4.02834331525038e-08	2.68556221016692e-08	1.79037480677795e-08	1.19358320451863e-08	7.95722136345754e-09	5.30481424230502e-09
1.37990392321301e-10	2.06985588481952e-10	3.10478382722928e-10	4.65717574084392e-10	6.98576361126588e-10	1.04786454168988e-09	1.57179681253482e-09	2.35769521880223e-09	3.53654282820335e-09	5.30481424230502e-09	7.95722136345754e-09	1.19358320451863e-08	1.79037480677795e-08	2.68556221016692e-08	4.02834331525038e-08	6.04251497287557e-08	9.06377245931335e-08	1.359565868897e-07	2.03934880334551e-07	3.05902320501826e-07	2.55894059900974e-07	1.44447957112556e-05	6.65683580634405e-05	0.000250186536548706	0.000766813456821313	0.00191661867677241	0.00390708296574976	0.00649589395362584	0.00881178044364562	0.00976393031090472	0.0088682747770714	0.00667402196852226	0.00429719537848526	0.00257317722946002	0.00165963415325738	0.00126079333376317	0.0010350158944367	0.000808003674030865	0.000559744300606807	0.000341866433606725	0.000182694292998917	8.68607836038779e-05	3.75367039792885e-05	1.49797929399573e-05	5.47549182684703e-06	1.78554274611053e-06	4.69687203883651e-07	1.21711123236319e-07	2.57108283226495e-08	3.05902320501826e-07	2.03934880334551e-07	1.359565868897e-07	9.06377245931335e-08	6.04251497287557e-08	4.02834331525038e-08	2.68556221016692e-08	1.79037480677795e-08	1.19358320451863e-08	7.95722136345754e-09	5.30481424230502e-09
1.37990392321301e-10	2.06985588481952e-10	3.10478382722928e-10	4.65717574084392e-10	6.98576361126588e-10	1.04786454168988e-09	1.57179681253482e-09	2.35769521880223e-09	3.53654282820335e-09	5.30481424230502e-09	7.95722136345754e-09	1.19358320451863e-08	1.79037480677795e-08	2.68556221016692e-08	4.02834331525038e-08	6.04251497287557e-08	9.06377245931335e-08	1.359565868897e-07	2.03934880334551e-07	3.05902320501826e-07	7.82331061666513e-08	8.96322299243354e-06	4.14445451378384e-05	0.000156251853579153	0.000480321403603724	0.00120387757321769	0.00246036871083071	0.00409998897881175	0.00557197463915311	0.00617886318741795	0.00559986110878676	0.00416835229744648	0.00258728830126014	0.00139946624689159	0.00073377208214069	0.000434327642846513	0.00030143719828288	0.000217374224118685	0.000143949229364742	8.60799068088971e-05	4.48916662974833e-05	2.06861919616404e-05	8.58748642350417e-06	3.27280304930207e-06	1.14198920085317e-06	3.58910015131901e-07	8.97762899101357e-08	2.32639360719284e-08	4.91438293025264e-09	3.05902320501826e-07	2.03934880334551e-07	1.359565868897e-07	9.06377245931335e-08	6.04251497287557e-08	4.02834331525038e-08	2.68556221016692e-08	1.79037480677795e-08	1.19358320451863e-08	7.95722136345754e-09	5.30481424230502e-09
1.37990392321301e-10	2.06985588481952e-10	3.10478382722928e-10	4.65717574084392e-10	6.98576361126588e-10	1.04786454168988e-09	1.57179681253482e-09	2.35769521880223e-09	3.53654282820335e-09	5.30481424230502e-09	7.95722136345754e-09	1.19358320451863e-08	1.79037480677795e-08	2.68556221016692e-08	4.02834331525038e-08	6.04251497287557e-08	9.06377245931335e-08	1.359565868897e-07	2.03934880334551e-07	3.05902320501826e-07	1.97486831136789e-08	4.72209299530516e-06	2.18709156609421e-05	8.25862604878083e-05	0.000254246007083542	0.000638121335544073	0.00130576886346603	0.00217841426952321	0.00296320742979963	0.00328723965998214	0.00297611809480412	0.00220361978412435	0.00134304765927268	0.000687056563984612	0.000311807228698367	0.000142130699913453	7.53483685898897e-05	4.6258936439751e-05	2.7855261145832e-05	1.61045563569921e-05	7.96617153279957e-06	3.34345001639063e-06	1.18018468241292e-06	3.47622425498661e-07	8.25968631373287e-08	1.56848596542274e-08	3.05902320501826e-07	3.05902320501826e-07	3.05902320501826e-07	2.03934880334551e-07	1.359565868897e-07	9.06377245931337e-08	6.04251497287556e-08	4.02834331525038e-08	2.68556221016692e-08	1.79037480677795e-08	1.19358320451863e-08	7.95722136345753e-09	5.30481424230502e-09	3.53654282820335e-09
1.37990392321301e-10	2.06985588481952e-10	3.10478382722928e-10	4.65717574084392e-10	6.98576361126588e-10	1.04786454168988e-09	1.57179681253482e-09	2.35769521880223e-09	3.53654282820335e-09	5.30481424230502e-09	7.95722136345754e-09	1.19358320451863e-08	1.79037480677795e-08	2.68556221016692e-08	4.02834331525038e-08	6.04251497287557e-08	9.06377245931335e-08	1.359565868897e-07	2.03934880334551e-07	3.05902320501826e-07	4.11626102408482e-09	2.08369516040549e-06	9.65860448886578e-06	3.64989111297924e-05	0.000112442203115098	0.00028239784292862	0.000578204104704131	0.00096513248881206	0.00131339376245265	0.00145729710308418	0.00131878073576006	0.000974171089328233	0.000588835085089066	0.000293261104648477	0.000122644735328389	4.5136137143815e-05	1.59833489839285e-05	5.96908838811994e-06	1.95973668665605e-06	8.1690583921546e-07	2.77594293515001e-07	7.68976953325877e-08	1.73652232037088e-08	3.19677206828951e-09	3.05902320501826e-07	3.05902320501826e-07	2.03934880334551e-07	2.03934880334551e-07	2.03934880334551e-07	1.359565868897e-07	9.06377245931337e-08	6.04251497287558e-08	4.02834331525039e-08	2.68556221016692e-08	1.79037480677795e-08	1.19358320451863e-08	7.95722136345756e-09	5.30481424230504e-09	3.53654282820335e-09	2.35769521880224e-09
9.19935948808674e-11	1.37990392321301e-10	2.06985588481952e-10	3.10478382722928e-10	4.65717574084392e-10	6.98576361126587e-10	1.04786454168988e-09	1.57179681253482e-09	2.35769521880224e-09	3.53654282820335e-09	5.30481424230502e-09	7.95722136345753e-09	1.19358320451863e-08	1.79037480677795e-08	2.68556221016692e-08	4.02834331525038e-08	6.04251497287556e-08	9.06377245931337e-08	1.359565868897e-07	2.03934880334551e-07	3.05902320501826e-07	7.6022794534801e-07	3.52642877323945e-06	1.33349275059571e-05	4.11064959573719e-05	0.000103298618323547	0.000211613233608333	0.000353390923310828	0.0004810965181948	0.000533916439428509	0.000483035031439519	0.00035624454258904	0.000214181555139961	0.000104973619336473	4.1941362146344e-05	1.36605802533077e-05	3.62710408999987e-06	7.85082229642982e-07	3.05902320501826e-07	3.05902320501826e-07	3.05902320501826e-07	3.05902320501826e-07	3.05902320501826e-07	3.05902320501826e-07	2.03934880334551e-07	2.03934880334551e-07	1.359565868897e-07	1.359565868897e-07	1.359565868897e-07	9.06377245931337e-08	6.04251497287558e-08	4.02834331525039e-08	2.68556221016693e-08	1.79037480677795e-08	1.19358320451863e-08	7.95722136345756e-09	5.30481424230504e-09	3.53654282820336e-09	2.35769521880224e-09	1.57179681253482e-09
9.19935948808675e-11	1.37990392321301e-10	2.06985588481952e-10	3.10478382722928e-10	4.65717574084392e-10	6.98576361126588e-10	1.04786454168988e-09	1.57179681253482e-09	2.35769521880223e-09	3.53654282820335e-09	5.30481424230502e-09	7.95722136345754e-09	1.19358320451863e-08	1.79037480677795e-08	2.68556221016692e-08	4.02834331525038e-08	6.04251497287557e-08	9.06377245931335e-08	1.359565868897e-07	2.03934880334551e-07	3.05902320501826e-07	2.31442257836636e-07	1.07357884220502e-06	4.05965835503953e-06	1.2514378476013e-05	3.1448022402363e-05	6.44231047728773e-05	0.000107585617827546	0.000146464050801734	0.000162544440774095	0.000147054207852589	0.000108454367908094	6.5204999384576e-05	3.19579563224227e-05	1.27685434497548e-05	4.15879941868857e-06	1.10422823198611e-06	2.39008845870319e-07	3.05902320501826e-07	2.03934880334551e-07	2.03934880334551e-07	2.03934880334551e-07	2.03934880334551e-07	2.03934880334551e-07	1.359565868897e-07	1.359565868897e-07	9.06377245931337e-08	9.06377245931335e-08	9.06377245931335e-08	6.04251497287556e-08	4.02834331525039e-08	2.68556221016693e-08	1.79037480677795e-08	1.19358320451864e-08	7.95722136345758e-09	5.30481424230504e-09	3.53654282820336e-09	2.35769521880224e-09	1.57179681253483e-09	1.04786454168989e-09
9.19935948808675e-11	1.37990392321301e-10	2.06985588481952e-10	3.10478382722928e-10	4.65717574084392e-10	6.98576361126588e-10	1.04786454168988e-09	1.57179681253482e-09	2.35769521880223e-09	3.53654282820335e-09	5.30481424230502e-09	7.95722136345754e-09	1.19358320451863e-08	1.79037480677795e-08	2.68556221016692e-08	4.02834331525038e-08	6.04251497287557e-08	9.06377245931335e-08	1.359565868897e-07	2.03934880334551e-07	3.05902320501826e-07	5.81779860571039e-08	2.69867117167047e-07	1.02048238460759e-06	3.14575801021051e-06	7.90513636511262e-06	1.6194132075385e-05	2.70439574536725e-05	3.681688722301e-05	4.08590388695999e-05	3.69652358823995e-05	2.72623364590695e-05	1.63906780918417e-05	8.03331921628503e-06	3.20964783930556e-06	1.0454036218638e-06	2.77571500057236e-07	6.00800105933241e-08	3.05902320501826e-07	2.03934880334551e-07	1.359565868897e-07	1.359565868897e-07	1.359565868897e-07	1.359565868897e-07	9.06377245931337e-08	9.06377245931335e-08	6.04251497287556e-08	6.04251497287557e-08	6.04251497287557e-08	4.02834331525038e-08	2.68556221016692e-08	1.79037480677795e-08	1.19358320451864e-08	7.95722136345758e-09	5.30481424230506e-09	3.53654282820338e-09	2.35769521880224e-09	1.57179681253483e-09	1.04786454168989e-09	6.98576361126592e-10
9.19935948808675e-11	1.37990392321301e-10	2.06985588481952e-10	3.10478382722928e-10	4.65717574084392e-10	6.98576361126588e-10	1.04786454168988e-09	1.57179681253482e-09	2.35769521880223e-09	3.53654282820335e-09	5.30481424230502e-09	7.95722136345754e-09	1.19358320451863e-08	1.79037480677795e-08	2.68556221016692e-08	4.02834331525038e-08	6.04251497287557e-08	9.06377245931335e-08	1.359565868897e-07	2.03934880334551e-07	3.05902320501826e-07	1.20751325651669e-08	5.60122726072541e-08	2.1180623307344e-07	6.52917839987508e-07	1.64075066917517e-06	3.3611732691496e-06	5.61310890032011e-06	7.64152945099002e-06	8.48049828248535e-06	7.67231995869571e-06	5.6584345572968e-06	3.40196737985568e-06	1.66735566232444e-06	6.66178494200107e-07	2.16978760758764e-07	5.76113558866326e-08	1.24699072896566e-08	3.05902320501826e-07	2.03934880334551e-07	1.359565868897e-07	9.06377245931335e-08	9.06377245931335e-08	9.06377245931335e-08	6.04251497287556e-08	6.04251497287557e-08	4.02834331525038e-08	4.02834331525038e-08	4.02834331525038e-08	2.68556221016692e-08	1.79037480677795e-08	1.19358320451863e-08	7.95722136345758e-09	5.30481424230506e-09	3.53654282820338e-09	2.35769521880225e-09	1.57179681253484e-09	1.04786454168989e-09	6.98576361126592e-10	4.65717574084395e-10
