5.30481424230506e-09	7.95722136345758e-09	1.19358320451863e-08	1.79037480677795e-08	2.68556221016692e-08	4.02834331525038e-08	4.02834331525038e-08	4.02834331525038e-08	4.02834331525038e-08	4.02834331525038e-08	4.02834331525038e-08	4.02834331525038e-08	6.04251497287557e-08	9.06377245931335e-08	1.359565868897e-07	2.03934880334551e-07	3.05902320501826e-07	8.10857071524789e-08	1.01048949740343e-06	6.99034890843254e-06	2.68438903441553e-05	5.7223130459467e-05	6.77138213029451e-05	4.44797755612672e-05	1.62191244070963e-05	3.28300675710405e-06	3.68888997303232e-07	3.05902320501826e-07	2.03934880334551e-07	1.359565868897e-07	9.06377245931335e-08	6.04251497287557e-08	4.02834331525038e-08	2.68556221016692e-08	1.79037480677795e-08	1.19358320451863e-08	7.95722136345754e-09	5.30481424230502e-09	3.53654282820335e-09	3.53654282820335e-09	2.35769521880224e-09	1.57179681253482e-09	1.04786454168988e-09	6.9857636112659e-10	4.65717574084395e-10	3.1047838272293e-10	2.06985588481954e-10	1.37990392321302e-10	9.19935948808684e-11	9.19935948808677e-11	1.37990392321302e-10	2.06985588481952e-10	3.10478382722928e-10	4.65717574084392e-10	4.65717574084392e-10	4.65717574084392e-10	4.65717574084392e-10	4.65717574084392e-10	4.65717574084392e-10	4.65717574084392e-10
7.95722136345758e-09	1.19358320451864e-08	1.79037480677795e-08	2.68556221016692e-08	4.02834331525038e-08	6.04251497287557e-08	6.04251497287557e-08	6.04251497287557e-08	6.04251497287557e-08	6.04251497287557e-08	6.04251497287557e-08	6.04251497287557e-08	6.04251497287556e-08	9.06377245931335e-08	1.359565868897e-07	2.03934880334551e-07	3.05902320501826e-07	1.87536621540264e-06	2.3370800243328e-05	0.000161674167212961	0.000620850786276492	0.00132346783880741	0.00156609860414188	0.00102873701526006	0.000375119105754149	7.59300272936361e-05	8.53173743031341e-06	3.05902320501826e-07	2.03934880334551e-07	1.359565868897e-07	9.06377245931335e-08	6.04251497287557e-08	4.02834331525038e-08	2.68556221016692e-08	1.79037480677795e-08	1.19358320451863e-08	7.95722136345756e-09	5.30481424230504e-09	5.30481424230502e-09	5.30481424230502e-09	3.53654282820335e-09	2.35769521880224e-09	1.57179681253482e-09	1.04786454168989e-09	6.98576361126592e-10	4.65717574084395e-10	3.1047838272293e-10	2.06985588481954e-10	1.37990392321303e-10	1.37990392321302e-10	2.06985588481952e-10	3.10478382722928e-10	4.65717574084392e-10	6.98576361126588e-10	6.98576361126588e-10	6.98576361126588e-10	6.98576361126588e-10	6.98576361126588e-10	6.98576361126588e-10	6.98576361126588e-10
1.19358320451864e-08	1.79037480677795e-08	2.68556221016693e-08	4.02834331525039e-08	6.04251497287556e-08	9.06377245931335e-08	9.06377245931335e-08	9.06377245931335e-08	9.06377245931335e-08	9.06377245931335e-08	9.06377245931335e-08	9.06377245931335e-08	9.06377245931335e-08	9.06377245931335e-08	1.359565868897e-07	2.03934880334551e-07	3.05902320501826e-07	1.50276344818972e-05	0.000187274272470971	0.00129552311974431	0.00497498494285207	0.0106051771471601	0.0125494195172972	0.00824344798170897	0.0030058944019311	0.000608440467252558	6.83662905651438e-05	3.05902320501826e-07	2.03934880334551e-07	1.359565868897e-07	9.06377245931335e-08	6.04251497287557e-08	4.02834331525038e-08	4.02834331525038e-08	2.68556221016692e-08	1.79037480677795e-08	1.19358320451863e-08	7.95722136345758e-09	7.95722136345754e-09	7.95722136345754e-09	5.30481424230502e-09	3.53654282820335e-09	2.35769521880224e-09	1.57179681253483e-09	1.04786454168989e-09	6.98576361126592e-10	4.65717574084395e-10	3.10478382722931e-10	2.06985588481954e-10	2.06985588481953e-10	3.10478382722929e-10	4.65717574084392e-10	6.98576361126587e-10	1.04786454168988e-09	1.04786454168988e-09	1.04786454168988e-09	1.04786454168988e-09	1.04786454168988e-09	1.04786454168988e-09	1.04786454168988e-09
1.79037480677795e-08	2.68556221016693e-08	4.02834331525039e-08	6.04251497287558e-08	9.06377245931337e-08	1.359565868897e-07	1.359565868897e-07	1.359565868897e-07	1.359565868897e-07	1.359565868897e-07	1.359565868897e-07	1.359565868897e-07	1.359565868897e-07	1.359565868897e-07	1.359565868897e-07	2.03934880334551e-07	3.05902320501826e-07	4.172130787076e-05	0.000519930637616065	0.00359676827365289	0.0138120792532693	0.0294432141874106	0.0348410254395794	0.0228863319490357	0.00834528188192455	0.00168921676168346	0.00018980572491873	3.05902320501826e-07	2.03934880334551e-07	1.359565868897e-07	9.06377245931335e-08	6.04251497287556e-08	6.04251497287557e-08	6.04251497287557e-08	4.02834331525038e-08	2.68556221016692e-08	1.79037480677795e-08	1.19358320451864e-08	1.19358320451863e-08	1.19358320451863e-08	7.95722136345753e-09	5.30481424230504e-09	3.53654282820336e-09	2.35769521880224e-09	1.57179681253483e-09	1.04786454168989e-09	6.98576361126595e-10	4.65717574084397e-10	3.10478382722931e-10	3.10478382722929e-10	4.65717574084393e-10	6.9857636112659e-10	1.04786454168988e-09	1.57179681253482e-09	1.57179681253482e-09	1.57179681253482e-09	1.57179681253482e-09	1.57179681253482e-09	1.57179681253482e-09	1.57179681253482e-09
2.68556221016692e-08	4.02834331525039e-08	6.04251497287558e-08	9.06377245931337e-08	1.359565868897e-07	2.03934880334551e-07	2.03934880334551e-07	2.03934880334551e-07	2.03934880334551e-07	2.03934880334551e-07	2.03934880334551e-07	2.03934880334551e-07	2.03934880334551e-07	2.03934880334551e-07	2.03934880334551e-07	2.03934880334551e-07	3.05902320501826e-07	4.01317373198614e-05	0.000500121420881427	0.00345973237478041	0.0132858427676902	0.0283214356865763	0.0335135917892867	0.0220143688888898	0.00802732889829452	0.00162485805972775	0.000182574178111583	3.05902320501826e-07	2.03934880334551e-07	1.359565868897e-07	9.06377245931335e-08	9.06377245931335e-08	9.06377245931335e-08	9.06377245931335e-08	6.04251497287556e-08	4.02834331525039e-08	2.68556221016693e-08	1.79037480677795e-08	1.79037480677795e-08	1.79037480677795e-08	1.19358320451863e-08	7.95722136345756e-09	5.30481424230504e-09	3.53654282820336e-09	2.35769521880224e-09	1.57179681253484e-09	1.04786454168989e-09	6.98576361126595e-10	4.65717574084397e-10	4.65717574084393e-10	6.9857636112659e-10	1.04786454168988e-09	1.57179681253482e-09	2.35769521880223e-09	2.35769521880223e-09	2.35769521880223e-09	2.35769521880223e-09	2.35769521880223e-09	2.35769521880223e-09	2.35769521880223e-09
4.02834331525038e-08	6.04251497287556e-08	9.06377245931337e-08	1.359565868897e-07	2.03934880334551e-07	3.05902320501826e-07	3.05902320501826e-07	3.05902320501826e-07	3.05902320501826e-07	3.05902320501826e-07	3.05902320501826e-07	3.05902320501826e-07	3.05902320501826e-07	3.05902320501826e-07	3.05902320501826e-07	3.05902320501826e-07	3.05902320501826e-07	1.33745988073525e-05	0.000166674153823433	0.00115301593162269	0.00442773796257957	0.00943861056742066	0.0111689868096805	0.00733667096291513	0.0026752468415122	0.000541512182603586	6.08460173394004e-05	3.05902320501826e-07	2.03934880334551e-07	1.359565868897e-07	1.359565868897e-07	1.359565868897e-07	1.359565868897e-07	1.359565868897e-07	9.06377245931337e-08	6.04251497287558e-08	4.02834331525039e-08	2.68556221016693e-08	2.68556221016692e-08	2.68556221016692e-08	1.79037480677795e-08	1.19358320451863e-08	7.95722136345756e-09	5.30481424230504e-09	3.53654282820338e-09	2.35769521880225e-09	1.57179681253484e-09	1.04786454168989e-09	6.98576361126595e-10	6.9857636112659e-10	1.04786454168988e-09	1.57179681253482e-09	2.35769521880224e-09	3.53654282820335e-09	3.53654282820335e-09	3.53654282820335e-09	3.53654282820335e-09	3.53654282820335e-09	3.53654282820335e-09	3.53654282820335e-09
6.04251497287557e-08	9.06377245931335e-08	1.359565868897e-07	2.03934880334551e-07	3.05902320501826e-07	7.49526350668675e-08	9.37926226642182e-07	6.51523384295295e-06	2.51229647858237e-05	5.3776350412834e-05	6.3898595765985e-05	4.21474066195131e-05	1.54322750005667e-05	3.13666836699787e-06	3.53905089479386e-07	8.59821740863925e-08	7.47466103010903e-07	6.29038072335677e-06	3.63290879727362e-05	0.000168330422680326	0.000553223015570413	0.00111912008156101	0.00130167649668494	0.000850054869196992	0.000309315100506507	6.2555245369597e-05	7.0256694887477e-06	3.05902320501826e-07	2.03934880334551e-07	2.03934880334551e-07	2.03934880334551e-07	2.03934880334551e-07	2.03934880334551e-07	2.03934880334551e-07	1.359565868897e-07	9.06377245931337e-08	6.04251497287558e-08	4.02834331525039e-08	4.02834331525038e-08	4.02834331525038e-08	2.68556221016692e-08	1.79037480677795e-08	1.19358320451863e-08	7.95722136345758e-09	5.30481424230506e-09	3.53654282820338e-09	2.35769521880225e-09	1.57179681253484e-09	1.04786454168989e-09	1.04786454168989e-09	1.57179681253482e-09	2.35769521880224e-09	3.53654282820335e-09	5.30481424230502e-09	5.30481424230502e-09	5.30481424230502e-09	5.30481424230502e-09	5.30481424230502e-09	5.30481424230502e-09	5.30481424230502e-09
6.04251497287557e-08	9.06377245931335e-08	1.359565868897e-07	2.03934880334551e-07	3.05902320501826e-07	1.76316467714653e-06	2.20635123916523e-05	0.000153262525927154	0.000590985547820204	0.00126501972117691	0.00150313256996687	0.000991689830980446	0.000366048112372541	9.62310136056952e-05	0.000100813687897573	0.000214003661970879	0.00029129388885637	0.000333989928992714	0.000600571187822683	0.00112584543523581	0.00138661633147213	0.00105617094245381	0.00051391716869394	0.000166676472271076	3.66558746339267e-05	5.16821196090488e-06	4.28299980524467e-07	3.05902320501826e-07	3.05902320501826e-07	3.05902320501826e-07	3.05902320501826e-07	3.05902320501826e-07	3.05902320501826e-07	3.05902320501826e-07	2.03934880334551e-07	1.359565868897e-07	9.06377245931337e-08	6.04251497287556e-08	6.04251497287557e-08	6.04251497287557e-08	4.02834331525038e-08	2.68556221016692e-08	1.79037480677795e-08	1.19358320451864e-08	7.95722136345758e-09	5.30481424230506e-09	3.53654282820338e-09	2.35769521880224e-09	1.57179681253483e-09	1.57179681253483e-09	2.35769521880224e-09	3.53654282820335e-09	5.30481424230502e-09	7.95722136345754e-09	7.95722136345754e-09	7.95722136345754e-09	7.95722136345754e-09	7.95722136345754e-09	7.95722136345754e-09	7.95722136345754e-09
6.04251497287557e-08	9.06377245931335e-08	1.359565868897e-07	2.03934880334551e-07	3.05902320501826e-07	1.4370159994285e-05	0.000179822229434094	0.00124912156377009	0.00481668239376391	0.0103105492237732	0.0122537708526871	0.00809689861013114	0.00303622121243738	0.000986241391946127	0.0015087288002079	0.00325976326039026	0.00434336918800554	0.00447673666271973	0.00694249475782254	0.012653512509259	0.0158646621920332	0.0124229488966448	0.00615948885205281	0.00196692667905859	0.000403864051745967	5.31451493446993e-05	1.69256383069498e-05	3.66737318859309e-05	5.49804139866172e-05	4.57552001413335e-05	2.11374438455174e-05	5.42055840335286e-06	7.7164072960023e-07	6.09769660096169e-08	3.05902320501826e-07	2.03934880334551e-07	1.359565868897e-07	9.06377245931335e-08	9.06377245931335e-08	9.06377245931335e-08	6.04251497287556e-08	4.02834331525039e-08	2.68556221016693e-08	1.79037480677795e-08	1.19358320451864e-08	7.95722136345758e-09	5.30481424230504e-09	3.53654282820336e-09	2.35769521880224e-09	2.35769521880224e-09	3.53654282820336e-09	5.30481424230504e-09	7.95722136345753e-09	1.19358320451863e-08	1.19358320451863e-08	1.19358320451863e-08	1.19358320451863e-08	1.19358320451863e-08	1.19358320451863e-08	1.19358320451863e-08
6.04251497287557e-08	9.06377245931335e-08	1.359565868897e-07	2.03934880334551e-07	3.05902320501826e-07	4.05782287557287e-05	0.000507779145412699	0.00352760500773874	0.0136055787731275	0.0291450587395543	0.0347464304044163	0.0233452314784968	0.00969280545291793	0.00492817892652073	0.00873071810152412	0.017735836692264	0.0232888569497681	0.0229965248446044	0.0318959371745751	0.0557901483466471	0.0716238950649354	0.0598696301622003	0.0327460858351544	0.0117163821725285	0.0026948956549087	0.000453473817868499	0.000368876097117325	0.000902883192807294	0.00135116342531615	0.00112429207252548	0.000519380844174341	0.000133191800295511	1.89604484093787e-05	1.49830170160245e-06	3.05902320501826e-07	2.03934880334551e-07	1.359565868897e-07	1.359565868897e-07	1.359565868897e-07	1.359565868897e-07	9.06377245931337e-08	6.04251497287558e-08	4.02834331525039e-08	2.68556221016693e-08	1.79037480677795e-08	1.19358320451863e-08	7.95722136345756e-09	5.30481424230504e-09	3.53654282820336e-09	3.53654282820336e-09	5.30481424230504e-09	7.95722136345756e-09	1.19358320451863e-08	1.79037480677795e-08	1.79037480677795e-08	1.79037480677795e-08	1.79037480677795e-08	1.79037480677795e-08	1.79037480677795e-08	1.79037480677795e-08
6.04251497287556e-08	9.06377245931337e-08	1.359565868897e-07	2.03934880334551e-07	3.05902320501826e-07	3.96997091032548e-05	0.000496785714402025	0.00345834515199861	0.0133903771282964	0.0290249186723332	0.0361386875092618	0.0290544435199885	0.0218391547709162	0.0215990412937687	0.0270800574388823	0.0404035906812972	0.0524079863886473	0.0575826141422899	0.0785850809868864	0.124720717999539	0.157345339613963	0.138377886030782	0.0824229734050255	0.0325610622624277	0.00870602283202482	0.00235909021667641	0.00321271117575604	0.00776023324402952	0.0115250059862934	0.00957647449515645	0.0044223386369472	0.00113395573454809	0.000161415345838775	1.2755441333094e-05	3.05902320501826e-07	2.03934880334551e-07	2.03934880334551e-07	2.03934880334551e-07	2.03934880334551e-07	2.03934880334551e-07	1.359565868897e-07	9.06377245931337e-08	6.04251497287558e-08	4.02834331525039e-08	2.68556221016692e-08	1.79037480677795e-08	1.19358320451863e-08	7.95722136345756e-09	5.30481424230504e-09	5.30481424230504e-09	7.95722136345756e-09	1.19358320451863e-08	1.79037480677795e-08	2.68556221016692e-08	2.68556221016692e-08	2.68556221016692e-08	2.68556221016692e-08	2.68556221016692e-08	2.68556221016692e-08	2.68556221016692e-08
9.06377245931335e-08	1.359565868897e-07	2.03934880334551e-07	3.05902320501826e-07	7.58065633918962e-08	1.4242578598087e-05	0.000172914301557962	0.00124023591660565	0.00513008760393368	0.0132723803848092	0.0250333440338374	0.0419642027634795	0.0639789335649408	0.0767043361080476	0.0727085410070161	0.0758320390189845	0.101472171642502	0.13960124228223	0.189641063722325	0.250752049673852	0.286102595997877	0.250481876988649	0.156949344425432	0.07052031449515	0.0264598020954467	0.0117884115333291	0.0123954841312298	0.0242382573267637	0.0345191947540584	0.0284076383724631	0.0130855500015786	0.00335387065383318	0.000477481388896786	3.77572450857435e-05	3.05902320501826e-07	3.05902320501826e-07	3.05902320501826e-07	3.05902320501826e-07	3.05902320501826e-07	3.05902320501826e-07	2.03934880334551e-07	1.359565868897e-07	9.06377245931337e-08	6.04251497287556e-08	4.02834331525038e-08	2.68556221016692e-08	1.79037480677795e-08	1.19358320451863e-08	7.95722136345753e-09	7.95722136345758e-09	1.19358320451863e-08	1.79037480677795e-08	2.68556221016692e-08	4.02834331525038e-08	4.02834331525038e-08	4.02834331525038e-08	4.02834331525038e-08	4.02834331525038e-08	4.02834331525038e-08	4.02834331525038e-08
9.06377245931337e-08	1.359565868897e-07	2.03934880334551e-07	3.05902320501826e-07	2.26660061023636e-06	2.50726717485794e-05	0.000154938452276942	0.000733949815403461	0.00298716253478185	0.0117043801188277	0.0358663393746775	0.0776725225350652	0.122520727468568	0.148671378490232	0.1554652738289	0.179002064259196	0.24404177456673	0.336780379127637	0.437050048929431	0.519555084245949	0.537787769120812	0.457812385729521	0.308620146061399	0.170228526282756	0.0869246224657646	0.0466220197796852	0.0331013431623265	0.0367038201828556	0.0411222817837364	0.03143764248893	0.0142449021238875	0.00367952848747595	0.000586025342436971	0.000169172158542866	0.000154174794897098	0.000104231042067957	3.91310019284457e-05	8.1550083462217e-06	9.43425054318068e-07	6.05856755696594e-08	3.05902320501826e-07	2.03934880334551e-07	1.359565868897e-07	9.06377245931335e-08	6.04251497287557e-08	4.02834331525038e-08	2.68556221016692e-08	1.79037480677795e-08	1.19358320451863e-08	1.19358320451864e-08	1.79037480677795e-08	2.68556221016692e-08	4.02834331525038e-08	6.04251497287557e-08	6.04251497287557e-08	6.04251497287557e-08	6.04251497287557e-08	6.04251497287557e-08	6.04251497287557e-08	6.04251497287557e-08
1.359565868897e-07	2.03934880334551e-07	2.03934880334551e-07	3.05902320501826e-07	2.34804247966894e-05	0.000243677374930938	0.00140344399156328	0.0047156812608364	0.0102686120905166	0.0209050948550362	0.0478180331188434	0.0930280627857044	0.139376336683944	0.182107098683607	0.239467663301096	0.323375846742716	0.423961389861969	0.541734767747652	0.679634844909243	0.78440921359358	0.786660945569596	0.692050013571558	0.543583310572568	0.375199884329592	0.228033687814809	0.134637300740461	0.0900498412600118	0.0660030794314085	0.0470126611460033	0.0291448560745579	0.0131940526755052	0.00402336873687941	0.00168167158439764	0.00235500617761443	0.00279412554593354	0.00188877208353916	0.000709093400363183	0.00014777701344797	1.70958178116037e-05	1.09787382345967e-06	3.05902320501826e-07	2.03934880334551e-07	1.359565868897e-07	9.06377245931335e-08	6.04251497287557e-08	4.02834331525038e-08	2.68556221016692e-08	1.79037480677795e-08	1.19358320451864e-08	1.79037480677795e-08	2.68556221016693e-08	4.02834331525039e-08	6.04251497287556e-08	9.06377245931335e-08	9.06377245931335e-08	9.06377245931335e-08	9.06377245931335e-08	9.06377245931335e-08	9.06377245931335e-08	9.06377245931335e-08
2.03934880334551e-07	3.05902320501826e-07	3.05902320501826e-07	3.05902320501826e-07	8.42751732179045e-05	0.000879513222464438	0.00508608655642472	0.0165545355131646	0.0312116665207232	0.0395845306271678	0.0498667939729836	0.0767874002331579	0.118658587307329	0.178963560026017	0.270184347075827	0.387521108810947	0.512641807404747	0.644564991659377	0.795553076601659	0.946986959996188	1.04904011433369	1.08239163610978	1.02158448354653	0.829382980325726	0.566893918514119	0.353152422270282	0.229630580117818	0.160999243209743	0.114108533387109	0.0732519977857764	0.0359916470028942	0.0131280405677558	0.00880537064207928	0.0146612420825018	0.0175574970241245	0.0118628546867246	0.00445285720330059	0.000927900652079598	0.000107340140260533	6.8928314933284e-06	3.05902320501826e-07	2.03934880334551e-07	1.359565868897e-07	9.06377245931335e-08	6.04251497287557e-08	4.02834331525038e-08	2.68556221016692e-08	1.79037480677795e-08	1.79037480677795e-08	2.68556221016693e-08	4.02834331525039e-08	6.04251497287558e-08	9.06377245931337e-08	1.359565868897e-07	1.359565868897e-07	1.359565868897e-07	1.359565868897e-07	1.359565868897e-07	1.359565868897e-07	1.359565868897e-07
3.05902320501826e-07	2.21845381578379e-07	3.08087501901403e-06	2.38515749736771e-05	0.000207867190575108	0.00138985594887407	0.00713736894301657	0.023411309637645	0.0466721358006576	0.0608858991565348	0.0655822991709782	0.082076167559592	0.129465443104516	0.207480712212875	0.29206057248204	0.386036981938281	0.533924964982802	0.740307998059324	0.983526884910273	1.27303732534851	1.57699333190783	1.79341047786013	1.8037832012411	1.56105693605352	1.16666853219538	0.7863444648755	0.509572330204208	0.335965848423923	0.227618466636655	0.144001299541224	0.0722498975891893	0.028051489480558	0.0198458822182285	0.0325340206229321	0.0385851658975256	0.0259453393853089	0.00971490581220435	0.00202169844065117	0.000233698732012842	1.49935906119432e-05	3.05902320501826e-07	2.03934880334551e-07	1.359565868897e-07	9.06377245931335e-08	6.04251497287557e-08	4.02834331525038e-08	2.68556221016692e-08	1.79037480677795e-08	2.68556221016692e-08	4.02834331525039e-08	6.04251497287558e-08	9.06377245931337e-08	1.359565868897e-07	2.03934880334551e-07	2.03934880334551e-07	2.03934880334551e-07	2.03934880334551e-07	2.03934880334551e-07	2.03934880334551e-07	2.03934880334551e-07
3.05902320501826e-07	3.19492526387173e-06	4.43694854634671e-05	0.000343857189945418	0.00153455791237215	0.00430463653440968	0.00981976504611039	0.0242035508974635	0.0558706149368553	0.0995831344960816	0.13765880760327	0.169970240346524	0.226782745375083	0.319674569744362	0.402472658021728	0.468352114314593	0.604717291418446	0.871914735412551	1.2496071352109	1.6784230516667	2.07957994436828	2.35462928289877	2.39934238942854	2.19219963985014	1.81006237024173	1.35168514040915	0.902474362720803	0.546578054743131	0.322025519837802	0.187613185353182	0.0947278745920152	0.0389671576681981	0.0246181630197849	0.032060839345422	0.0336869561384877	0.0212169983704475	0.00765964608165254	0.00156194906598125	0.000178520674973091	1.12999466075127e-05	3.05902320501826e-07	2.03934880334551e-07	1.359565868897e-07	9.06377245931337e-08	6.04251497287558e-08	4.02834331525039e-08	2.68556221016692e-08	2.68556221016692e-08	4.02834331525038e-08	6.04251497287556e-08	9.06377245931337e-08	1.359565868897e-07	2.03934880334551e-07	3.05902320501826e-07	3.05902320501826e-07	3.05902320501826e-07	3.05902320501826e-07	3.05902320501826e-07	3.05902320501826e-07	3.05902320501826e-07
3.05902320501826e-07	1.59416683911136e-05	0.000221389724492574	0.00171795578424393	0.00746983823313346	0.0188680217946	0.0309060481539275	0.0450910279935995	0.0789328455085198	0.137655175781318	0.193376669883296	0.230528593713357	0.292323385249965	0.417987886843271	0.556515050345262	0.64232851387217	0.722774491061573	0.933093682554706	1.34113038495187	1.82717519004316	2.21512826456286	2.46056408163058	2.57407875479883	2.51921375925333	2.24469543728897	1.77241578643761	1.22360246063509	0.746421219732121	0.425369088642595	0.235786170289993	0.119264445164377	0.0585310642272603	0.0446545855242868	0.0425822941213197	0.0293035374030718	0.0127032578477143	0.00341903668030235	0.000565881463978204	5.61671518889106e-05	2.95059695622806e-06	3.05902320501826e-07	3.05902320501826e-07	2.03934880334551e-07	1.359565868897e-07	9.06377245931337e-08	6.04251497287556e-08	4.02834331525038e-08	4.02834331525038e-08	6.04251497287557e-08	9.06377245931335e-08	1.359565868897e-07	2.03934880334551e-07	3.05902320501826e-07	1.8894894848672e-07	2.36015721969725e-06	1.63650351506504e-05	6.29901299943436e-05	0.00013458839698505	0.000159632858353841	0.000105103339051879
3.05902320501826e-07	2.75593895887456e-05	0.000382730685304996	0.00297471496850549	0.0129699744629725	0.0328210945123512	0.0528196555931235	0.0674562471498288	0.0888262414093921	0.121068498863307	0.146931872509796	0.166900383854861	0.239018477853773	0.42099930238929	0.656805908902782	0.801889892196008	0.832237064368862	0.930934108602529	1.25351688032956	1.71220933959152	2.10879785229587	2.39456530638756	2.59028756940323	2.60207732635821	2.33471349339174	1.85588994207509	1.33661093218593	0.892060784178166	0.554065259956919	0.308996407146972	0.15191126240264	0.0898635320258103	0.0863706559619979	0.0754324499903814	0.0417243505739955	0.0137446705459528	0.00277051826508766	0.00042540770114831	8.06152462418233e-05	1.6926582624779e-05	2.47206812994681e-06	2.03626653485995e-07	3.05902320501826e-07	2.03934880334551e-07	1.359565868897e-07	9.06377245931335e-08	6.04251497287557e-08	4.02834331525038e-08	6.04251497287557e-08	9.06377245931335e-08	1.359565868897e-07	2.03934880334551e-07	3.05902320501826e-07	3.38157920946371e-06	4.2239232602847e-05	0.000292881559123742	0.00112732098112343	0.00240869996221059	0.00285691536936261	0.00188101214126646
3.05902320501826e-07	1.65070008329939e-05	0.000229240771853738	0.0017853003050187	0.0078188014857841	0.0200421141937836	0.033254859418886	0.0439937206813103	0.0566422835891853	0.0707029299456001	0.0784246767133957	0.0909100855465035	0.162391848018549	0.34965137721865	0.604548164891634	0.764983027455242	0.782316341729459	0.82413044389122	1.0355565986082	1.39792031787454	1.79749178173353	2.1505443296613	2.38985504104185	2.39958917279337	2.15451432429336	1.77500947024813	1.37048942053052	0.987706742011167	0.658562672403553	0.383930613869845	0.188393455211145	0.110257715067245	0.101835987524869	0.080578584558245	0.0396850642503188	0.0128161115817914	0.00454537927345897	0.00253505569823683	0.00114353154441152	0.000303840430933475	4.50846018181049e-05	3.71366245159546e-06	3.05902320501826e-07	2.03934880334551e-07	1.359565868897e-07	9.06377245931335e-08	6.04251497287557e-08	4.02834331525038e-08	6.04251497287557e-08	9.06377245931335e-08	1.359565868897e-07	2.03934880334551e-07	3.05902320501826e-07	2.09680192109645e-05	0.00026191107343996	0.0018160586453386	0.0069901328713421	0.0149355268508085	0.017714757702924	0.0116635146690494
3.05902320501826e-07	3.42554366684499e-06	4.75721957096311e-05	0.000371407438997124	0.00163561715300324	0.00428551292743483	0.00764675090331785	0.0123208791540473	0.0216756316480428	0.0364528875140301	0.0532335135553978	0.0804981587077631	0.149227432277086	0.289122926000599	0.460732999831323	0.55427262555227	0.556624036674871	0.58218749187123	0.712462849166668	0.971613163039797	1.3308465447419	1.71044269860292	1.98280541360413	2.01508493009914	1.84922217564235	1.62596325901311	1.34483776868444	0.993272106141958	0.666974731467995	0.401697484961769	0.20021638986885	0.0976051707815706	0.0680046190706465	0.0475182459998542	0.0245753207241058	0.016288702740381	0.0179653594505386	0.0149791414727766	0.00718318520847131	0.00191983613836456	0.000284877924693956	2.3465671416877e-05	3.05902320501826e-07	2.03934880334551e-07	1.359565868897e-07	9.06377245931335e-08	6.04251497287557e-08	4.02834331525038e-08	6.04251497287557e-08	9.06377245931335e-08	1.359565868897e-07	2.03934880334551e-07	3.05902320501826e-07	4.50461836173774e-05	0.000562670903097583	0.00390148971034281	0.015017098451898	0.0320864111280468	0.0380571106977043	0.0250570556102523
3.05902320501826e-07	2.46293867627166e-07	3.42040306951711e-06	2.67863626747576e-05	0.000118768732592763	0.000360673851748894	0.00113311394965839	0.00480450531763918	0.0169096675166902	0.0388143112018985	0.0629259021371407	0.0941714431155946	0.154938807513028	0.251803741967344	0.344300677521327	0.375020078757202	0.361099962913601	0.361492078767162	0.410965915936183	0.557104750610001	0.831573881055494	1.19586525170423	1.51019225070635	1.62792614736576	1.57452278342938	1.43655635842029	1.19381923373282	0.869851609894084	0.578720245582646	0.354753085192798	0.18796738220619	0.0934348825020405	0.0550774343961045	0.0333121386624688	0.0209653480539703	0.0269511204467134	0.0380157608044807	0.0326793837746863	0.0157233174277718	0.00420298148381244	0.000623666061237695	5.13719793577677e-05	3.05902320501826e-07	2.03934880334551e-07	1.359565868897e-07	9.06377245931335e-08	6.04251497287557e-08	4.02834331525038e-08	6.04251497287557e-08	9.06377245931335e-08	1.359565868897e-07	2.03934880334551e-07	3.05902320501826e-07	3.35290582639722e-05	0.00041881073996517	0.00290398132115922	0.011177621021712	0.023882759021988	0.0283269076195285	0.0186506249811503
2.03934880334551e-07	3.05902320501826e-07	3.05902320501826e-07	1.29755026612913e-08	1.8396658665834e-07	3.9771682738354e-05	0.000493949505064137	0.00349102103245087	0.0140023283505714	0.032694070682439	0.0494138097511413	0.064580080905804	0.0996144849151917	0.16162183346889	0.21804341837451	0.23463934414838	0.229858434619929	0.227566844218698	0.235894188209983	0.299056356695975	0.467076923168545	0.730522584208374	0.987128510259117	1.132790112335	1.14526117993369	1.0304815731921	0.830640533519612	0.63220457124186	0.473073427418287	0.330845255007036	0.210019782754796	0.130565156253733	0.0808196759242771	0.0428134266917597	0.0210964372962308	0.0214443348775179	0.0289741884874223	0.0248093423779659	0.0119299097163787	0.00318847892807231	0.000473089723816289	3.89656898557613e-05	3.05902320501826e-07	2.03934880334551e-07	1.359565868897e-07	9.06377245931335e-08	6.04251497287557e-08	4.02834331525038e-08	6.04251497287557e-08	9.06377245931335e-08	1.359565868897e-07	2.03934880334551e-07	3.05902320501826e-07	8.64664171995492e-06	0.000108005014290521	0.000748893268871975	0.00288254097372103	0.00615900568758433	0.00730508501885095	0.00480971671782773
1.359565868897e-07	2.03934880334551e-07	2.03934880334551e-07	3.05902320501826e-07	3.05902320501826e-07	1.97258018118732e-05	0.000279544815026205	0.00223406762911679	0.0100851722491746	0.0258500840817427	0.0387711923827458	0.039255567249851	0.0432335029981102	0.0695980077288231	0.105929128427965	0.1280630678225	0.139087292997605	0.147510623169924	0.152062059573201	0.175364984219911	0.252617552026477	0.381534021830849	0.503161651744807	0.571046561980758	0.572220513909015	0.50141651190338	0.417216212608929	0.382578693401471	0.364538374581219	0.313903400437292	0.246472038343539	0.175119269889933	0.100901595506602	0.0442643642487658	0.0162385291055365	0.00895299517462243	0.00883909598454028	0.0069496530927306	0.00323314171440037	0.000851142411580084	0.000125316391761831	1.02400292074576e-05	3.05902320501826e-07	2.03934880334551e-07	1.359565868897e-07	9.06377245931335e-08	6.04251497287557e-08	4.02834331525038e-08	6.04251497287557e-08	9.06377245931335e-08	1.359565868897e-07	2.03934880334551e-07	3.05902320501826e-07	7.72567311194979e-07	9.65012153717849e-06	6.69127365100837e-05	0.0002575516601246	0.000550299945088556	0.000652700791110589	0.000429742555855672
9.06377245931337e-08	1.359565868897e-07	1.359565868897e-07	2.03934880334551e-07	3.05902320501826e-07	1.43066853596364e-05	0.000225029353871684	0.00197120581455349	0.00961261850471189	0.0260954326976219	0.0395710914237138	0.0344350192483464	0.0214048640223806	0.021917592575482	0.0393746448424786	0.0662167315017728	0.0953384807522526	0.114104938539412	0.108520439452836	0.0958243606613219	0.115506570994245	0.172338199641903	0.22758417622158	0.261475018233235	0.276820903365674	0.26385751953011	0.241480055226757	0.242661610476084	0.253078211026739	0.244608271258194	0.21858922788299	0.167396219011523	0.101131472685053	0.0521787033119902	0.027303741046355	0.0166178542803532	0.0100197911260096	0.00435712676217839	0.00117699725329236	0.000196574622900948	2.03281152963251e-05	9.32358162040286e-07	3.05902320501826e-07	2.03934880334551e-07	1.359565868897e-07	9.06377245931335e-08	6.04251497287557e-08	4.02834331525038e-08	6.04251497287557e-08	9.06377245931335e-08	1.359565868897e-07	2.03934880334551e-07	3.05902320501826e-07	2.39159671653242e-08	2.98733827435137e-07	2.07138301883611e-06	7.97289369826849e-06	1.70353511300663e-05	2.0205321222868e-05	1.33033183082644e-05
6.04251497287556e-08	9.06377245931335e-08	1.359565868897e-07	2.03934880334551e-07	3.05902320501826e-07	6.51003969360929e-06	0.000103882119186157	0.000920422220442652	0.00452800460975402	0.0123681030951856	0.0187667825320819	0.0159088399487201	0.00809137419889852	0.00506791732058838	0.0105399351619332	0.0253108633822354	0.0468874437615258	0.062253821031736	0.0558544315432556	0.0376531667689315	0.0350425405540905	0.0554067777319572	0.0880382479166404	0.132826598176376	0.182622449685633	0.203592647297032	0.190330580449859	0.18128500647327	0.19119525333127	0.194219342193347	0.174963725554657	0.134504780819031	0.091111119457159	0.0627002613518773	0.048845885100113	0.0410487267351758	0.027588810807072	0.0116104928168115	0.00279100720577232	0.000377738448206758	2.84665649878614e-05	2.94121731883314e-08	3.05902320501826e-07	2.03934880334551e-07	1.359565868897e-07	9.06377245931335e-08	6.04251497287557e-08	4.02834331525038e-08	4.02834331525038e-08	6.04251497287556e-08	9.06377245931337e-08	1.359565868897e-07	2.03934880334551e-07	3.05902320501826e-07	3.05902320501826e-07	3.05902320501826e-07	3.05902320501826e-07	3.05902320501826e-07	3.05902320501826e-07	3.05902320501826e-07
6.04251497287557e-08	9.06377245931335e-08	1.359565868897e-07	2.03934880334551e-07	3.05902320501826e-07	1.09327314593806e-06	1.74659965676238e-05	0.000154895076693418	0.000762537860051363	0.00208385547201992	0.00316150352534323	0.00266797810409529	0.00129580823781575	0.000670666008228148	0.00158778605625148	0.00483501870385175	0.0105175855138696	0.014974281920208	0.0132150938077653	0.00770212049270858	0.00562558552695211	0.00987790608136142	0.0220474839831152	0.0467332848042357	0.077887693234957	0.0953820427301943	0.100532164905736	0.121957569777235	0.159443928932561	0.175983627709103	0.158610812857186	0.119180693522281	0.0754372898034815	0.047578893774749	0.0407675683140364	0.0402786274920856	0.0290412646949621	0.012451935281901	0.00300740729542462	0.000405742063940427	3.03869683096886e-05	3.05902320501826e-07	2.03934880334551e-07	1.359565868897e-07	9.06377245931337e-08	6.04251497287556e-08	4.02834331525038e-08	2.68556221016692e-08	2.68556221016692e-08	4.02834331525039e-08	6.04251497287558e-08	9.06377245931337e-08	1.359565868897e-07	2.03934880334551e-07	2.03934880334551e-07	2.03934880334551e-07	2.03934880334551e-07	2.03934880334551e-07	2.03934880334551e-07	2.03934880334551e-07
6.04251497287557e-08	9.06377245931335e-08	1.359565868897e-07	2.03934880334551e-07	3.05902320501826e-07	6.39562944425519e-08	1.02175785014191e-06	9.06133583314699e-06	4.46083360615184e-05	0.000121904398216222	0.000184927832600052	0.000155874555266266	7.46097337827513e-05	3.74119874453459e-05	0.000105886024701157	0.000386379674892178	0.000936893742663082	0.00139113914361102	0.00121707274277079	0.000654509608113104	0.000409980327339418	0.000933296231316925	0.00326523120978013	0.00968903505469709	0.0216214083011008	0.0385107346620831	0.0623772691271867	0.0953914630157121	0.124983519293301	0.132467274850836	0.121041680619184	0.0953978465083553	0.0569288413253378	0.0260656764649566	0.0155563212691403	0.0146260205771619	0.0107556136709651	0.00464906213869768	0.00112639140759393	0.000151966238566098	1.13811055984785e-05	3.05902320501826e-07	2.03934880334551e-07	1.359565868897e-07	9.06377245931335e-08	6.04251497287557e-08	4.02834331525038e-08	2.68556221016692e-08	1.79037480677795e-08	2.68556221016693e-08	4.02834331525039e-08	6.04251497287558e-08	9.06377245931337e-08	1.359565868897e-07	1.359565868897e-07	1.359565868897e-07	1.359565868897e-07	1.359565868897e-07	1.359565868897e-07	1.359565868897e-07
4.02834331525038e-08	6.04251497287556e-08	9.06377245931337e-08	1.359565868897e-07	2.03934880334551e-07	3.05902320501826e-07	3.05902320501826e-07	3.05902320501826e-07	3.05902320501826e-07	3.05902320501826e-07	3.05902320501826e-07	3.05902320501826e-07	3.05902320501826e-07	2.19466001618823e-07	1.97614456717483e-06	9.87756116751305e-06	2.74069240651186e-05	4.22134083597906e-05	3.60927601305085e-05	1.72869465389917e-05	2.28379254869118e-05	0.000238135869876397	0.00197255575518054	0.00950094668018077	0.0297799412274531	0.0649036238848063	0.10150695615695	0.113904811884104	0.0953715641524398	0.0702732517416146	0.0587185469861624	0.050602168491635	0.0318393123403282	0.0126083296283195	0.00392867715419071	0.00209781355158915	0.00140343116710453	0.000602343132000454	0.000146166943221461	1.97200017811904e-05	1.47687686943895e-06	3.05902320501826e-07	2.03934880334551e-07	1.359565868897e-07	9.06377245931335e-08	6.04251497287557e-08	4.02834331525038e-08	2.68556221016692e-08	1.79037480677795e-08	1.79037480677795e-08	2.68556221016693e-08	4.02834331525039e-08	6.04251497287556e-08	9.06377245931335e-08	9.06377245931335e-08	9.06377245931335e-08	9.06377245931335e-08	9.06377245931335e-08	9.06377245931335e-08	9.06377245931335e-08
2.68556221016692e-08	4.02834331525039e-08	6.04251497287558e-08	9.06377245931337e-08	1.359565868897e-07	2.03934880334551e-07	2.03934880334551e-07	2.03934880334551e-07	2.03934880334551e-07	2.03934880334551e-07	2.03934880334551e-07	2.03934880334551e-07	2.03934880334551e-07	3.05902320501826e-07	3.05902320501826e-07	3.05902320501826e-07	3.05902320501826e-07	3.05902320501826e-07	3.05902320501826e-07	3.05902320501826e-07	2.81738782581553e-05	0.000389182995654754	0.00319230281708577	0.0148302837042583	0.0425778210928489	0.0825014717001387	0.115479410173493	0.11491830524268	0.0769227366191715	0.0363778011944231	0.0185446221124571	0.0140282922513179	0.00900224138846533	0.00350788709343386	0.000818102541653433	0.000171284509311154	6.80713334753954e-05	2.70391804963165e-05	6.57160961373232e-06	8.86603704175039e-07	6.63998166726314e-08	3.05902320501826e-07	2.03934880334551e-07	1.359565868897e-07	9.06377245931335e-08	6.04251497287557e-08	4.02834331525038e-08	2.68556221016692e-08	1.79037480677795e-08	1.19358320451863e-08	1.79037480677795e-08	2.68556221016692e-08	4.02834331525038e-08	6.04251497287557e-08	6.04251497287557e-08	6.04251497287557e-08	6.04251497287557e-08	6.04251497287557e-08	6.04251497287557e-08	6.04251497287557e-08
1.79037480677795e-08	2.68556221016693e-08	4.02834331525039e-08	6.04251497287558e-08	9.06377245931337e-08	1.359565868897e-07	1.359565868897e-07	1.359565868897e-07	1.359565868897e-07	1.359565868897e-07	1.359565868897e-07	1.359565868897e-07	1.359565868897e-07	2.03934880334551e-07	2.03934880334551e-07	2.03934880334551e-07	2.03934880334551e-07	2.03934880334551e-07	2.03934880334551e-07	3.05902320501826e-07	1.83001493409273e-05	0.000252791144909908	0.00200814275023212	0.00900104837131727	0.0242095981634286	0.0429541903362012	0.0562331766527548	0.0550891018066436	0.0366885134298103	0.0154490227514946	0.00469427793177479	0.00189103033444227	0.00102822346713082	0.000392051699006639	8.63053967272525e-05	1.05625793052302e-05	7.18385688619927e-07	3.05902320501826e-07	3.05902320501826e-07	3.05902320501826e-07	3.05902320501826e-07	2.03934880334551e-07	1.359565868897e-07	9.06377245931337e-08	6.04251497287556e-08	4.02834331525038e-08	2.68556221016692e-08	1.79037480677795e-08	1.19358320451863e-08	7.95722136345756e-09	1.19358320451863e-08	1.79037480677795e-08	2.68556221016692e-08	4.02834331525038e-08	4.02834331525038e-08	4.02834331525038e-08	4.02834331525038e-08	4.02834331525038e-08	4.02834331525038e-08	4.02834331525038e-08
1.19358320451864e-08	1.79037480677795e-08	2.68556221016693e-08	4.02834331525039e-08	6.04251497287556e-08	9.06377245931335e-08	9.06377245931335e-08	9.06377245931335e-08	9.06377245931335e-08	9.06377245931335e-08	9.06377245931335e-08	9.06377245931335e-08	9.06377245931337e-08	1.359565868897e-07	1.359565868897e-07	1.359565868897e-07	1.359565868897e-07	1.359565868897e-07	2.03934880334551e-07	3.05902320501826e-07	4.11837026781195e-06	5.68895649848481e-05	0.000445105747449872	0.00196002164777546	0.00509446314902325	0.0086012330138997	0.0108691352583363	0.0107354063425251	0.00737654269898316	0.00313010866547971	0.000802334465840367	0.000159660040426579	4.74083249713994e-05	1.56587716162299e-05	3.45825349215584e-06	4.23970375829676e-07	2.88531845631161e-08	3.05902320501826e-07	2.03934880334551e-07	2.03934880334551e-07	2.03934880334551e-07	1.359565868897e-07	9.06377245931337e-08	6.04251497287558e-08	4.02834331525039e-08	2.68556221016692e-08	1.79037480677795e-08	1.19358320451863e-08	7.95722136345756e-09	5.30481424230504e-09	7.95722136345756e-09	1.19358320451863e-08	1.79037480677795e-08	2.68556221016692e-08	2.68556221016692e-08	2.68556221016692e-08	2.68556221016692e-08	2.68556221016692e-08	2.68556221016692e-08	2.68556221016692e-08
7.95722136345758e-09	1.19358320451864e-08	1.79037480677795e-08	2.68556221016692e-08	4.02834331525038e-08	6.04251497287557e-08	6.04251497287557e-08	6.04251497287557e-08	6.04251497287557e-08	6.04251497287557e-08	6.04251497287556e-08	6.04251497287556e-08	6.04251497287556e-08	9.06377245931335e-08	9.06377245931335e-08	9.06377245931337e-08	1.359565868897e-07	2.03934880334551e-07	2.03934880334551e-07	3.05902320501826e-07	3.21113749540059e-07	4.435740434697e-06	3.4464469490212e-05	0.000150551190283931	0.000385406778576717	0.000637405687083779	0.000798579458029559	0.000802766142615687	0.000567522057569101	0.000245808903131631	6.12082680247018e-05	8.56204586167018e-06	6.67918596437237e-07	3.05902320501826e-07	3.05902320501826e-07	3.05902320501826e-07	3.05902320501826e-07	2.03934880334551e-07	1.359565868897e-07	1.359565868897e-07	1.359565868897e-07	9.06377245931337e-08	6.04251497287558e-08	4.02834331525039e-08	2.68556221016693e-08	1.79037480677795e-08	1.19358320451863e-08	7.95722136345756e-09	5.30481424230504e-09	3.53654282820336e-09	5.30481424230504e-09	7.95722136345756e-09	1.19358320451863e-08	1.79037480677795e-08	1.79037480677795e-08	1.79037480677795e-08	1.79037480677795e-08	1.79037480677795e-08	1.79037480677795e-08	1.79037480677795e-08
5.30481424230506e-09	7.95722136345758e-09	1.19358320451863e-08	1.79037480677795e-08	2.68556221016692e-08	4.02834331525038e-08	4.02834331525038e-08	4.02834331525038e-08	4.02834331525038e-08	6.04251497287556e-08	9.06377245931335e-08	9.06377245931335e-08	9.06377245931335e-08	9.06377245931335e-08	9.06377245931337e-08	1.359565868897e-07	2.03934880334551e-07	3.05902320501826e-07	3.05902320501826e-07	3.05902320501826e-07	3.05902320501826e-07	3.05902320501826e-07	6.32557350515853e-09	9.99207902237505e-08	8.76176028396059e-07	4.26487618671354e-06	1.1523941425975e-05	1.72852318969705e-05	1.43922578870953e-05	6.65215267049397e-06	1.70677014428203e-06	2.43090182947274e-07	1.92193792797347e-08	3.05902320501826e-07	2.03934880334551e-07	2.03934880334551e-07	2.03934880334551e-07	1.359565868897e-07	9.06377245931337e-08	9.06377245931335e-08	9.06377245931335e-08	6.04251497287556e-08	4.02834331525039e-08	2.68556221016693e-08	1.79037480677795e-08	1.19358320451864e-08	7.95722136345758e-09	5.30481424230504e-09	3.53654282820336e-09	2.35769521880224e-09	3.53654282820336e-09	5.30481424230504e-09	7.95722136345753e-09	1.19358320451863e-08	1.19358320451863e-08	1.19358320451863e-08	1.19358320451863e-08	1.19358320451863e-08	1.19358320451863e-08	1.19358320451863e-08
3.53654282820338e-09	5.30481424230504e-09	7.95722136345756e-09	1.19358320451863e-08	1.79037480677795e-08	2.68556221016692e-08	2.68556221016693e-08	4.02834331525039e-08	6.04251497287558e-08	9.06377245931337e-08	1.359565868897e-07	1.359565868897e-07	1.359565868897e-07	1.359565868897e-07	1.359565868897e-07	2.03934880334551e-07	3.05902320501826e-07	1.69228630719458e-08	2.61944089929363e-07	2.25072752269317e-06	1.07353644549619e-05	2.84243287737681e-05	4.17775720156495e-05	3.40859756117774e-05	1.54378854840206e-05	3.88132004303817e-06	5.41689788337995e-07	4.19663690921334e-08	3.05902320501826e-07	3.05902320501826e-07	3.05902320501826e-07	3.05902320501826e-07	3.05902320501826e-07	2.03934880334551e-07	1.359565868897e-07	1.359565868897e-07	1.359565868897e-07	9.06377245931337e-08	6.04251497287558e-08	6.04251497287557e-08	6.04251497287557e-08	4.02834331525038e-08	2.68556221016692e-08	1.79037480677795e-08	1.19358320451864e-08	7.95722136345758e-09	5.30481424230506e-09	3.53654282820338e-09	2.35769521880224e-09	1.57179681253483e-09	2.35769521880224e-09	3.53654282820335e-09	5.30481424230502e-09	7.95722136345754e-09	7.95722136345754e-09	7.95722136345754e-09	7.95722136345754e-09	7.95722136345754e-09	7.95722136345754e-09	7.95722136345754e-09
3.53654282820335e-09	5.30481424230504e-09	7.95722136345756e-09	1.19358320451863e-08	1.79037480677795e-08	2.68556221016692e-08	4.02834331525039e-08	6.04251497287558e-08	9.06377245931337e-08	1.359565868897e-07	2.03934880334551e-07	2.03934880334551e-07	2.03934880334551e-07	2.03934880334551e-07	2.03934880334551e-07	2.03934880334551e-07	3.05902320501826e-07	4.49621922580057e-07	6.95956735109254e-06	5.9799363243373e-05	0.000285226866477421	0.000755203259458847	0.00110998429583365	0.000905627010183101	0.000410167695760832	0.000103122419207678	1.43921039270401e-05	1.11500042721434e-06	3.05902320501826e-07	2.03934880334551e-07	2.03934880334551e-07	2.03934880334551e-07	2.03934880334551e-07	1.359565868897e-07	9.06377245931337e-08	9.06377245931335e-08	9.06377245931335e-08	6.04251497287556e-08	4.02834331525039e-08	4.02834331525038e-08	4.02834331525038e-08	2.68556221016692e-08	1.79037480677795e-08	1.19358320451863e-08	7.95722136345758e-09	5.30481424230506e-09	3.53654282820338e-09	2.35769521880225e-09	1.57179681253484e-09	1.04786454168988e-09	1.57179681253482e-09	2.35769521880224e-09	3.53654282820335e-09	5.30481424230502e-09	5.30481424230502e-09	5.30481424230502e-09	5.30481424230502e-09	5.30481424230502e-09	5.30481424230502e-09	5.30481424230502e-09
5.30481424230502e-09	7.95722136345753e-09	1.19358320451863e-08	1.79037480677795e-08	2.68556221016692e-08	4.02834331525038e-08	6.04251497287556e-08	9.06377245931337e-08	1.359565868897e-07	2.03934880334551e-07	3.05902320501826e-07	3.05902320501826e-07	3.05902320501826e-07	3.05902320501826e-07	3.05902320501826e-07	3.05902320501826e-07	3.05902320501826e-07	4.13888988341157e-06	6.40646762441383e-05	0.000550469110007378	0.00262558948497531	0.00695184770475048	0.0102177019003197	0.0083365385056902	0.00377570318801453	0.000949269410980712	0.000132483160524781	1.02638767293988e-05	3.05902320501826e-07	2.03934880334551e-07	1.359565868897e-07	1.359565868897e-07	1.359565868897e-07	9.06377245931337e-08	6.04251497287558e-08	6.04251497287557e-08	6.04251497287557e-08	4.02834331525038e-08	2.68556221016692e-08	2.68556221016692e-08	2.68556221016692e-08	1.79037480677795e-08	1.19358320451863e-08	7.95722136345756e-09	5.30481424230504e-09	3.53654282820338e-09	2.35769521880225e-09	1.57179681253484e-09	1.04786454168989e-09	6.98576361126592e-10	1.04786454168988e-09	1.57179681253482e-09	2.35769521880224e-09	3.53654282820335e-09	3.53654282820335e-09	3.53654282820335e-09	3.53654282820335e-09	3.53654282820335e-09	3.53654282820335e-09	3.53654282820335e-09
7.95722136345754e-09	1.19358320451863e-08	1.79037480677795e-08	2.68556221016692e-08	4.02834331525038e-08	6.04251497287557e-08	9.06377245931335e-08	1.359565868897e-07	2.03934880334551e-07	3.05902320501826e-07	5.05930716270391e-07	6.17194760313285e-06	4.17958312808383e-05	0.00015711702892116	0.000327863523908245	0.000379789103722323	0.000244214503477976	0.000100372867976143	0.000221596258438507	0.00175752632071386	0.00837386536288975	0.0221717206882561	0.0325876000498319	0.0265879534628973	0.0120419548934035	0.0030275312596085	0.000422532218167783	3.27348667128331e-05	3.05902320501826e-07	2.03934880334551e-07	1.359565868897e-07	9.06377245931335e-08	9.06377245931335e-08	6.04251497287556e-08	4.02834331525039e-08	4.02834331525038e-08	4.02834331525038e-08	2.68556221016692e-08	1.79037480677795e-08	1.79037480677795e-08	1.79037480677795e-08	1.19358320451863e-08	7.95722136345756e-09	5.30481424230504e-09	3.53654282820336e-09	2.35769521880224e-09	1.57179681253484e-09	1.04786454168989e-09	6.98576361126595e-10	4.65717574084395e-10	6.9857636112659e-10	1.04786454168988e-09	1.57179681253482e-09	2.35769521880223e-09	2.35769521880223e-09	2.35769521880223e-09	2.35769521880223e-09	2.35769521880223e-09	2.35769521880223e-09	2.35769521880223e-09
7.95722136345754e-09	1.19358320451863e-08	1.79037480677795e-08	2.68556221016692e-08	4.02834331525038e-08	6.04251497287557e-08	9.06377245931335e-08	1.359565868897e-07	2.03934880334551e-07	3.05902320501826e-07	6.82671159438835e-06	8.32803878224031e-05	0.000563966718813542	0.00212003859128942	0.0044239846446588	0.00512463583337344	0.00329527725594719	0.00119083854079754	0.000458848149672276	0.0019656018530879	0.00925311328427046	0.0244997303329986	0.0360092671491837	0.029379663360649	0.0133063487366945	0.00334541917057526	0.000466897700348428	3.61719966721331e-05	3.05902320501826e-07	2.03934880334551e-07	1.359565868897e-07	9.06377245931335e-08	6.04251497287556e-08	4.02834331525038e-08	2.68556221016692e-08	2.68556221016692e-08	2.68556221016692e-08	1.79037480677795e-08	1.19358320451863e-08	1.19358320451863e-08	1.19358320451863e-08	7.95722136345753e-09	5.30481424230504e-09	3.53654282820336e-09	2.35769521880224e-09	1.57179681253483e-09	1.04786454168989e-09	6.98576361126595e-10	4.65717574084397e-10	3.10478382722931e-10	4.65717574084393e-10	6.9857636112659e-10	1.04786454168988e-09	1.57179681253482e-09	1.57179681253482e-09	1.57179681253482e-09	1.57179681253482e-09	1.57179681253482e-09	1.57179681253482e-09	1.57179681253482e-09
7.95722136345754e-09	1.19358320451863e-08	1.79037480677795e-08	2.68556221016692e-08	4.02834331525038e-08	6.04251497287557e-08	9.06377245931335e-08	1.359565868897e-07	2.03934880334551e-07	3.05902320501826e-07	3.19149978893537e-05	0.000389337291436389	0.00263655442180908	0.00991121804852114	0.0206822067469321	0.0239577634919076	0.0154054796682549	0.00550458445079122	0.0011760497092725	0.00086255934654542	0.003542521871596	0.00937963557631882	0.0137860212597823	0.0112479007700198	0.00509428880666088	0.0012807819614146	0.000178750142192016	1.38483216852167e-05	3.05902320501826e-07	2.03934880334551e-07	1.359565868897e-07	9.06377245931335e-08	6.04251497287557e-08	4.02834331525038e-08	2.68556221016692e-08	1.79037480677795e-08	1.79037480677795e-08	1.19358320451863e-08	7.95722136345756e-09	7.95722136345754e-09	7.95722136345754e-09	5.30481424230502e-09	3.53654282820335e-09	2.35769521880224e-09	1.57179681253483e-09	1.04786454168989e-09	6.98576361126592e-10	4.65717574084395e-10	3.10478382722931e-10	2.06985588481954e-10	3.10478382722929e-10	4.65717574084392e-10	6.98576361126587e-10	1.04786454168988e-09	1.04786454168988e-09	1.04786454168988e-09	1.04786454168988e-09	1.04786454168988e-09	1.04786454168988e-09	1.04786454168988e-09
7.95722136345754e-09	1.19358320451863e-08	1.79037480677795e-08	2.68556221016692e-08	4.02834331525038e-08	6.04251497287557e-08	9.06377245931335e-08	1.359565868897e-07	2.03934880334551e-07	3.05902320501826e-07	5.16940835165937e-05	0.00063062621935347	0.00427053966757455	0.0160536226675526	0.0334998525329691	0.038805411522042	0.0249529125881476	0.008907705828861	0.00177635614929537	0.000292642612415731	0.000469894062240774	0.00124415182828748	0.00182863219104933	0.00149196588647301	0.000675726544071026	0.000169887966964809	2.37101233203908e-05	1.83689596500693e-06	3.05902320501826e-07	2.03934880334551e-07	1.359565868897e-07	9.06377245931335e-08	6.04251497287557e-08	4.02834331525038e-08	2.68556221016692e-08	1.79037480677795e-08	1.19358320451863e-08	7.95722136345756e-09	5.30481424230504e-09	5.30481424230502e-09	5.30481424230502e-09	3.53654282820335e-09	2.35769521880224e-09	1.57179681253482e-09	1.04786454168989e-09	6.98576361126592e-10	4.65717574084395e-10	3.1047838272293e-10	2.06985588481954e-10	1.37990392321302e-10	2.06985588481952e-10	3.10478382722928e-10	4.65717574084392e-10	6.98576361126588e-10	6.98576361126588e-10	6.98576361126588e-10	6.98576361126588e-10	6.98576361126588e-10	6.98576361126588e-10	6.98576361126588e-10
7.95722136345754e-09	1.19358320451863e-08	1.79037480677795e-08	2.68556221016692e-08	4.02834331525038e-08	6.04251497287557e-08	9.06377245931335e-08	1.359565868897e-07	2.03934880334551e-07	3.05902320501826e-07	2.90101260626194e-05	0.000353900192774763	0.00239657782252753	0.00900910869612248	0.0187997325602772	0.021777151340828	0.0140032880083717	0.00499852057834306	0.000990963300917197	0.000113469189869325	2.15948469213977e-05	5.71772883247849e-05	8.40381596927186e-05	6.85660397083784e-05	3.10542576561903e-05	7.80751436376454e-06	1.0896423784324e-06	8.44179366423491e-08	3.05902320501826e-07	2.03934880334551e-07	1.359565868897e-07	9.06377245931335e-08	6.04251497287557e-08	4.02834331525038e-08	2.68556221016692e-08	1.79037480677795e-08	1.19358320451863e-08	7.95722136345754e-09	5.30481424230502e-09	3.53654282820335e-09	3.53654282820335e-09	2.35769521880224e-09	1.57179681253482e-09	1.04786454168988e-09	6.9857636112659e-10	4.65717574084395e-10	3.1047838272293e-10	2.06985588481954e-10	1.37990392321302e-10	9.19935948808681e-11	1.37990392321302e-10	2.06985588481952e-10	3.10478382722928e-10	4.65717574084392e-10	4.65717574084392e-10	4.65717574084392e-10	4.65717574084392e-10	4.65717574084392e-10	4.65717574084392e-10	4.65717574084392e-10
7.95722136345754e-09	1.19358320451863e-08	1.79037480677795e-08	2.68556221016692e-08	4.02834331525038e-08	6.04251497287557e-08	9.06377245931335e-08	1.359565868897e-07	2.03934880334551e-07	3.05902320501826e-07	5.64054603063425e-06	6.88101224823201e-05	0.000465975483690924	0.00175167430109671	0.00365530148476308	0.00423421202268769	0.00272271104306664	0.000971874211590078	0.000192574206802288	2.11819398655319e-05	3.05902320501826e-07	3.05902320501826e-07	3.05902320501826e-07	3.05902320501826e-07	3.05902320501826e-07	3.05902320501826e-07	3.05902320501826e-07	3.05902320501826e-07	2.03934880334551e-07	1.359565868897e-07	9.06377245931337e-08	6.04251497287556e-08	4.02834331525038e-08	2.68556221016692e-08	1.79037480677795e-08	1.19358320451863e-08	7.95722136345753e-09	5.30481424230502e-09	3.53654282820335e-09	2.35769521880224e-09	2.35769521880223e-09	1.57179681253482e-09	1.04786454168988e-09	6.9857636112659e-10	4.65717574084393e-10	3.10478382722929e-10	2.06985588481954e-10	1.37990392321302e-10	9.19935948808684e-11	6.13290632539119e-11	9.19935948808677e-11	1.37990392321302e-10	2.06985588481952e-10	3.10478382722928e-10	3.10478382722928e-10	3.10478382722928e-10	3.10478382722928e-10	3.10478382722928e-10	3.10478382722928e-10	3.10478382722928e-10
7.95722136345754e-09	1.19358320451863e-08	1.79037480677795e-08	2.68556221016692e-08	4.02834331525038e-08	6.04251497287557e-08	9.06377245931335e-08	1.359565868897e-07	2.03934880334551e-07	3.05902320501826e-07	3.79975360055375e-07	4.63539361680096e-06	3.13904365341252e-05	0.000118001532058081	0.000246239369422825	0.000285237675418924	0.000183415418170014	6.54703022494346e-05	1.29727606458075e-05	1.42692129154946e-06	3.05902320501826e-07	2.03934880334551e-07	2.03934880334551e-07	2.03934880334551e-07	2.03934880334551e-07	2.03934880334551e-07	2.03934880334551e-07	2.03934880334551e-07	1.359565868897e-07	9.06377245931337e-08	6.04251497287558e-08	4.02834331525039e-08	2.68556221016692e-08	1.79037480677795e-08	1.19358320451863e-08	7.95722136345756e-09	5.30481424230504e-09	3.53654282820335e-09	2.35769521880224e-09	1.57179681253482e-09	1.57179681253482e-09	1.04786454168988e-09	6.9857636112659e-10	4.65717574084393e-10	3.10478382722929e-10	2.06985588481953e-10	1.37990392321302e-10	9.19935948808684e-11	6.13290632539123e-11	4.08860421692746e-11	6.13290632539119e-11	9.19935948808677e-11	1.37990392321301e-10	2.06985588481952e-10	2.06985588481952e-10	2.06985588481952e-10	2.06985588481952e-10	2.06985588481952e-10	2.06985588481952e-10	2.06985588481952e-10
5.30481424230502e-09	7.95722136345753e-09	1.19358320451863e-08	1.79037480677795e-08	2.68556221016692e-08	4.02834331525038e-08	6.04251497287556e-08	9.06377245931337e-08	1.359565868897e-07	2.03934880334551e-07	3.05902320501826e-07	3.05902320501826e-07	3.05902320501826e-07	3.05902320501826e-07	3.05902320501826e-07	3.05902320501826e-07	3.05902320501826e-07	3.05902320501826e-07	3.05902320501826e-07	3.05902320501826e-07	2.03934880334551e-07	1.359565868897e-07	1.359565868897e-07	1.359565868897e-07	1.359565868897e-07	1.359565868897e-07	1.359565868897e-07	1.359565868897e-07	9.06377245931337e-08	6.04251497287558e-08	4.02834331525039e-08	2.68556221016693e-08	1.79037480677795e-08	1.19358320451863e-08	7.95722136345756e-09	5.30481424230504e-09	3.53654282820336e-09	2.35769521880224e-09	1.57179681253482e-09	1.04786454168988e-09	1.04786454168988e-09	6.98576361126587e-10	4.65717574084392e-10	3.10478382722929e-10	2.06985588481953e-10	1.37990392321302e-10	9.19935948808681e-11	6.13290632539121e-11	4.08860421692749e-11	2.72573614461832e-11	4.08860421692746e-11	6.13290632539117e-11	9.19935948808674e-11	1.37990392321301e-10	1.37990392321301e-10	1.37990392321301e-10	1.37990392321301e-10	1.37990392321301e-10	1.37990392321301e-10	1.37990392321301e-10
3.53654282820335e-09	5.30481424230504e-09	7.95722136345756e-09	1.19358320451863e-08	1.79037480677795e-08	2.68556221016692e-08	4.02834331525039e-08	6.04251497287558e-08	9.06377245931337e-08	1.359565868897e-07	2.03934880334551e-07	2.03934880334551e-07	2.03934880334551e-07	2.03934880334551e-07	2.03934880334551e-07	2.03934880334551e-07	2.03934880334551e-07	2.03934880334551e-07	2.03934880334551e-07	2.03934880334551e-07	1.359565868897e-07	9.06377245931337e-08	9.06377245931335e-08	9.06377245931335e-08	9.06377245931335e-08	9.06377245931335e-08	9.06377245931335e-08	9.06377245931335e-08	6.04251497287556e-08	4.02834331525039e-08	2.68556221016693e-08	1.79037480677795e-08	1.19358320451864e-08	7.95722136345758e-09	5.30481424230504e-09	3.53654282820336e-09	2.35769521880224e-09	1.57179681253483e-09	1.04786454168989e-09	6.9857636112659e-10	6.98576361126588e-10	4.65717574084392e-10	3.10478382722928e-10	2.06985588481952e-10	1.37990392321302e-10	9.19935948808681e-11	6.13290632539121e-11	4.08860421692747e-11	2.72573614461832e-11	1.81715742974555e-11	2.7257361446183e-11	4.08860421692745e-11	6.13290632539117e-11	9.19935948808675e-11	9.19935948808675e-11	9.19935948808675e-11	9.19935948808675e-11	9.19935948808675e-11	9.19935948808675e-11	9.19935948808675e-11
2.35769521880224e-09	3.53654282820336e-09	5.30481424230504e-09	7.95722136345756e-09	1.19358320451863e-08	1.79037480677795e-08	2.68556221016693e-08	4.02834331525039e-08	6.04251497287558e-08	9.06377245931337e-08	1.359565868897e-07	1.359565868897e-07	1.359565868897e-07	1.359565868897e-07	1.359565868897e-07	1.359565868897e-07	1.359565868897e-07	1.359565868897e-07	1.359565868897e-07	1.359565868897e-07	9.06377245931337e-08	6.04251497287558e-08	6.04251497287557e-08	6.04251497287557e-08	6.04251497287557e-08	6.04251497287557e-08	6.04251497287557e-08	6.04251497287557e-08	4.02834331525038e-08	2.68556221016692e-08	1.79037480677795e-08	1.19358320451864e-08	7.95722136345758e-09	5.30481424230506e-09	3.53654282820338e-09	2.35769521880224e-09	1.57179681253483e-09	1.04786454168989e-09	6.98576361126592e-10	4.65717574084395e-10	4.65717574084392e-10	3.10478382722928e-10	2.06985588481952e-10	1.37990392321302e-10	9.19935948808677e-11	6.13290632539121e-11	4.08860421692747e-11	2.72573614461832e-11	1.81715742974555e-11	1.21143828649703e-11	1.81715742974553e-11	2.7257361446183e-11	4.08860421692745e-11	6.13290632539117e-11	6.13290632539117e-11	6.13290632539117e-11	6.13290632539117e-11	6.13290632539117e-11	6.13290632539117e-11	6.13290632539117e-11
1.57179681253483e-09	2.35769521880224e-09	3.53654282820336e-09	5.30481424230504e-09	7.95722136345758e-09	1.19358320451864e-08	1.79037480677795e-08	2.68556221016693e-08	4.02834331525039e-08	6.04251497287556e-08	9.06377245931335e-08	9.06377245931335e-08	9.06377245931335e-08	9.06377245931335e-08	9.06377245931335e-08	9.06377245931335e-08	9.06377245931335e-08	9.06377245931335e-08	9.06377245931335e-08	9.06377245931335e-08	6.04251497287556e-08	4.02834331525039e-08	4.02834331525038e-08	4.02834331525038e-08	4.02834331525038e-08	4.02834331525038e-08	4.02834331525038e-08	4.02834331525038e-08	2.68556221016692e-08	1.79037480677795e-08	1.19358320451863e-08	7.95722136345758e-09	5.30481424230506e-09	3.53654282820338e-09	2.35769521880225e-09	1.57179681253484e-09	1.04786454168989e-09	6.98576361126592e-10	4.65717574084395e-10	3.1047838272293e-10	3.10478382722928e-10	2.06985588481952e-10	1.37990392321302e-10	9.19935948808677e-11	6.13290632539119e-11	4.08860421692746e-11	2.72573614461832e-11	1.81715742974555e-11	1.21143828649703e-11	8.07625524331352e-12	1.21143828649702e-11	1.81715742974553e-11	2.7257361446183e-11	4.08860421692744e-11	4.08860421692744e-11	4.08860421692744e-11	4.08860421692744e-11	4.08860421692744e-11	4.08860421692744e-11	4.08860421692744e-11
1.04786454168989e-09	1.57179681253483e-09	2.35769521880224e-09	3.53654282820338e-09	5.30481424230506e-09	7.95722136345758e-09	1.19358320451864e-08	1.79037480677795e-08	2.68556221016692e-08	4.02834331525038e-08	6.04251497287557e-08	6.04251497287557e-08	6.04251497287557e-08	6.04251497287557e-08	6.04251497287557e-08	6.04251497287557e-08	6.04251497287557e-08	6.04251497287557e-08	6.04251497287557e-08	6.04251497287557e-08	4.02834331525038e-08	2.68556221016692e-08	2.68556221016692e-08	2.68556221016692e-08	2.68556221016692e-08	2.68556221016692e-08	2.68556221016692e-08	2.68556221016692e-08	1.79037480677795e-08	1.19358320451863e-08	7.95722136345756e-09	5.30481424230504e-09	3.53654282820338e-09	2.35769521880225e-09	1.57179681253484e-09	1.04786454168989e-09	6.98576361126595e-10	4.65717574084395e-10	3.1047838272293e-10	2.06985588481954e-10	2.06985588481952e-10	1.37990392321301e-10	9.19935948808677e-11	6.13290632539119e-11	4.08860421692746e-11	2.72573614461831e-11	1.81715742974554e-11	1.21143828649703e-11	8.07625524331355e-12	5.38417016220902e-12	8.07625524331349e-12	1.21143828649702e-11	1.81715742974553e-11	2.7257361446183e-11	2.7257361446183e-11	2.7257361446183e-11	2.7257361446183e-11	2.7257361446183e-11	2.7257361446183e-11	2.7257361446183e-11
6.98576361126592e-10	1.04786454168989e-09	1.57179681253484e-09	2.35769521880225e-09	3.53654282820338e-09	5.30481424230506e-09	7.95722136345758e-09	1.19358320451863e-08	1.79037480677795e-08	2.68556221016692e-08	4.02834331525038e-08	4.02834331525038e-08	4.02834331525038e-08	4.02834331525038e-08	4.02834331525038e-08	4.02834331525038e-08	4.02834331525038e-08	4.02834331525038e-08	4.02834331525038e-08	4.02834331525038e-08	2.68556221016692e-08	1.79037480677795e-08	1.79037480677795e-08	1.79037480677795e-08	1.79037480677795e-08	1.79037480677795e-08	1.79037480677795e-08	1.79037480677795e-08	1.19358320451863e-08	7.95722136345756e-09	5.30481424230504e-09	3.53654282820336e-09	2.35769521880224e-09	1.57179681253484e-09	1.04786454168989e-09	6.98576361126595e-10	4.65717574084397e-10	3.10478382722931e-10	2.06985588481954e-10	1.37990392321302e-10	1.37990392321301e-10	9.19935948808674e-11	6.13290632539117e-11	4.08860421692746e-11	2.72573614461831e-11	1.81715742974554e-11	1.21143828649703e-11	8.07625524331352e-12	5.38417016220904e-12	3.589446774806e-12	5.384170162209e-12	8.07625524331347e-12	1.21143828649702e-11	1.81715742974553e-11	1.81715742974553e-11	1.81715742974553e-11	1.81715742974553e-11	1.81715742974553e-11	1.81715742974553e-11	1.81715742974553e-11
4.65717574084395e-10	6.98576361126595e-10	1.04786454168989e-09	1.57179681253484e-09	2.35769521880225e-09	3.53654282820338e-09	5.30481424230504e-09	7.95722136345756e-09	1.19358320451863e-08	1.79037480677795e-08	2.68556221016692e-08	2.68556221016692e-08	2.68556221016692e-08	2.68556221016692e-08	2.68556221016692e-08	2.68556221016692e-08	2.68556221016692e-08	2.68556221016692e-08	2.68556221016692e-08	2.68556221016692e-08	1.79037480677795e-08	1.19358320451863e-08	1.19358320451863e-08	1.19358320451863e-08	1.19358320451863e-08	1.19358320451863e-08	1.19358320451863e-08	1.19358320451863e-08	7.95722136345753e-09	5.30481424230504e-09	3.53654282820336e-09	2.35769521880224e-09	1.57179681253483e-09	1.04786454168989e-09	6.98576361126595e-10	4.65717574084397e-10	3.10478382722931e-10	2.06985588481954e-10	1.37990392321303e-10	9.19935948808684e-11	9.19935948808675e-11	6.13290632539117e-11	4.08860421692745e-11	2.7257361446183e-11	1.81715742974554e-11	1.21143828649703e-11	8.07625524331352e-12	5.38417016220902e-12	3.58944677480602e-12	2.39296451653734e-12	3.58944677480599e-12	5.38417016220898e-12	8.07625524331347e-12	1.21143828649702e-11	1.21143828649702e-11	1.21143828649702e-11	1.21143828649702e-11	1.21143828649702e-11	1.21143828649702e-11	1.21143828649702e-11
3.10478382722931e-10	4.65717574084397e-10	6.98576361126595e-10	1.04786454168989e-09	1.57179681253484e-09	2.35769521880224e-09	3.53654282820336e-09	5.30481424230504e-09	7.95722136345756e-09	1.19358320451863e-08	1.79037480677795e-08	1.79037480677795e-08	1.79037480677795e-08	1.79037480677795e-08	1.79037480677795e-08	1.79037480677795e-08	1.79037480677795e-08	1.79037480677795e-08	1.79037480677795e-08	1.79037480677795e-08	1.19358320451863e-08	7.95722136345756e-09	7.95722136345754e-09	7.95722136345754e-09	7.95722136345754e-09	7.95722136345754e-09	7.95722136345754e-09	7.95722136345754e-09	5.30481424230502e-09	3.53654282820335e-09	2.35769521880224e-09	1.57179681253483e-09	1.04786454168989e-09	6.98576361126592e-10	4.65717574084395e-10	3.10478382722931e-10	2.06985588481954e-10	1.37990392321303e-10	9.19935948808687e-11	6.13290632539125e-11	6.13290632539117e-11	4.08860421692745e-11	2.7257361446183e-11	1.81715742974553e-11	1.21143828649702e-11	8.07625524331352e-12	5.38417016220902e-12	3.58944677480602e-12	2.39296451653735e-12	1.59530967769156e-12	2.39296451653733e-12	3.58944677480599e-12	5.38417016220898e-12	8.07625524331347e-12	8.07625524331347e-12	8.07625524331347e-12	8.07625524331347e-12	8.07625524331347e-12	8.07625524331347e-12	8.07625524331347e-12
2.06985588481954e-10	3.10478382722931e-10	4.65717574084397e-10	6.98576361126595e-10	1.04786454168989e-09	1.57179681253483e-09	2.35769521880224e-09	3.53654282820336e-09	5.30481424230504e-09	7.95722136345753e-09	1.19358320451863e-08	1.19358320451863e-08	1.19358320451863e-08	1.19358320451863e-08	1.19358320451863e-08	1.19358320451863e-08	1.19358320451863e-08	1.19358320451863e-08	1.19358320451863e-08	1.19358320451863e-08	7.95722136345753e-09	5.30481424230504e-09	5.30481424230502e-09	5.30481424230502e-09	5.30481424230502e-09	5.30481424230502e-09	5.30481424230502e-09	5.30481424230502e-09	3.53654282820335e-09	2.35769521880224e-09	1.57179681253482e-09	1.04786454168989e-09	6.98576361126592e-10	4.65717574084395e-10	3.1047838272293e-10	2.06985588481954e-10	1.37990392321303e-10	9.19935948808687e-11	6.13290632539125e-11	4.0886042169275e-11	4.08860421692744e-11	2.7257361446183e-11	1.81715742974553e-11	1.21143828649702e-11	8.07625524331349e-12	5.384170162209e-12	3.58944677480602e-12	2.39296451653735e-12	1.59530967769156e-12	1.06353978512771e-12	1.59530967769155e-12	2.39296451653733e-12	3.58944677480599e-12	5.38417016220898e-12	5.38417016220898e-12	5.38417016220898e-12	5.38417016220898e-12	5.38417016220898e-12	5.38417016220898e-12	5.38417016220898e-12
1.37990392321303e-10	2.06985588481954e-10	3.10478382722931e-10	4.65717574084395e-10	6.98576361126592e-10	1.04786454168989e-09	1.57179681253483e-09	2.35769521880224e-09	3.53654282820335e-09	5.30481424230502e-09	7.95722136345754e-09	7.95722136345754e-09	7.95722136345754e-09	7.95722136345754e-09	7.95722136345754e-09	7.95722136345754e-09	7.95722136345754e-09	7.95722136345754e-09	7.95722136345754e-09	7.95722136345754e-09	5.30481424230502e-09	3.53654282820335e-09	3.53654282820335e-09	3.53654282820335e-09	3.53654282820335e-09	3.53654282820335e-09	3.53654282820335e-09	3.53654282820335e-09	2.35769521880224e-09	1.57179681253482e-09	1.04786454168988e-09	6.9857636112659e-10	4.65717574084395e-10	3.1047838272293e-10	2.06985588481954e-10	1.37990392321302e-10	9.19935948808684e-11	6.13290632539125e-11	4.0886042169275e-11	2.72573614461834e-11	2.7257361446183e-11	1.81715742974553e-11	1.21143828649702e-11	8.07625524331349e-12	5.384170162209e-12	3.589446774806e-12	2.39296451653734e-12	1.59530967769156e-12	1.06353978512771e-12	7.09026523418472e-13	1.0635397851277e-12	1.59530967769155e-12	2.39296451653732e-12	3.58944677480598e-12	3.58944677480598e-12	3.58944677480598e-12	3.58944677480598e-12	3.58944677480598e-12	3.58944677480598e-12	3.58944677480598e-12
9.19935948808687e-11	1.37990392321303e-10	2.06985588481954e-10	3.1047838272293e-10	4.65717574084395e-10	6.98576361126592e-10	1.04786454168989e-09	1.57179681253482e-09	2.35769521880224e-09	3.53654282820335e-09	5.30481424230502e-09	5.30481424230502e-09	5.30481424230502e-09	5.30481424230502e-09	5.30481424230502e-09	5.30481424230502e-09	5.30481424230502e-09	5.30481424230502e-09	5.30481424230502e-09	5.30481424230502e-09	3.53654282820335e-09	2.35769521880224e-09	2.35769521880223e-09	2.35769521880223e-09	2.35769521880223e-09	2.35769521880223e-09	2.35769521880223e-09	2.35769521880223e-09	1.57179681253482e-09	1.04786454168988e-09	6.9857636112659e-10	4.65717574084393e-10	3.10478382722929e-10	2.06985588481954e-10	1.37990392321302e-10	9.19935948808684e-11	6.13290632539123e-11	4.08860421692749e-11	2.72573614461834e-11	1.81715742974556e-11	1.81715742974553e-11	1.21143828649702e-11	8.07625524331347e-12	5.384170162209e-12	3.589446774806e-12	2.39296451653734e-12	1.59530967769156e-12	1.06353978512771e-12	7.09026523418474e-13	4.72684348945648e-13	7.09026523418469e-13	1.0635397851277e-12	1.59530967769155e-12	2.39296451653732e-12	2.39296451653732e-12	2.39296451653732e-12	2.39296451653732e-12	2.39296451653732e-12	2.39296451653732e-12	2.39296451653732e-12
6.13290632539125e-11	9.19935948808684e-11	1.37990392321302e-10	2.06985588481954e-10	3.1047838272293e-10	4.65717574084395e-10	6.9857636112659e-10	1.04786454168988e-09	1.57179681253482e-09	2.35769521880224e-09	3.53654282820335e-09	3.53654282820335e-09	3.53654282820335e-09	3.53654282820335e-09	3.53654282820335e-09	3.53654282820335e-09	3.53654282820335e-09	3.53654282820335e-09	3.53654282820335e-09	3.53654282820335e-09	2.35769521880224e-09	1.57179681253482e-09	1.57179681253482e-09	1.57179681253482e-09	1.57179681253482e-09	1.57179681253482e-09	1.57179681253482e-09	1.57179681253482e-09	1.04786454168988e-09	6.9857636112659e-10	4.65717574084393e-10	3.10478382722929e-10	2.06985588481953e-10	1.37990392321302e-10	9.19935948808684e-11	6.13290632539123e-11	4.08860421692749e-11	2.72573614461833e-11	1.81715742974555e-11	1.21143828649704e-11	1.21143828649702e-11	8.07625524331347e-12	5.38417016220898e-12	3.58944677480599e-12	2.39296451653734e-12	1.59530967769156e-12	1.06353978512771e-12	7.09026523418472e-13	4.72684348945648e-13	3.15122899297099e-13	4.72684348945645e-13	7.09026523418466e-13	1.0635397851277e-12	1.59530967769155e-12	1.59530967769155e-12	1.59530967769155e-12	1.59530967769155e-12	1.59530967769155e-12	1.59530967769155e-12	1.59530967769155e-12
4.08860421692749e-11	6.13290632539123e-11	9.19935948808684e-11	1.37990392321302e-10	2.06985588481954e-10	3.10478382722929e-10	4.65717574084393e-10	6.9857636112659e-10	1.04786454168988e-09	1.57179681253482e-09	2.35769521880223e-09	2.35769521880223e-09	2.35769521880223e-09	2.35769521880223e-09	2.35769521880223e-09	2.35769521880223e-09	2.35769521880223e-09	2.35769521880223e-09	2.35769521880223e-09	2.35769521880223e-09	1.57179681253482e-09	1.04786454168988e-09	1.04786454168988e-09	1.04786454168988e-09	1.04786454168988e-09	1.04786454168988e-09	1.04786454168988e-09	1.04786454168988e-09	6.98576361126587e-10	4.65717574084392e-10	3.10478382722929e-10	2.06985588481953e-10	1.37990392321302e-10	9.19935948808681e-11	6.13290632539121e-11	4.08860421692749e-11	2.72573614461833e-11	1.81715742974555e-11	1.21143828649704e-11	8.07625524331358e-12	8.07625524331347e-12	5.38417016220898e-12	3.58944677480599e-12	2.39296451653733e-12	1.59530967769155e-12	1.06353978512771e-12	7.09026523418472e-13	4.72684348945648e-13	3.15122899297099e-13	2.10081932864732e-13	3.15122899297097e-13	4.72684348945645e-13	7.09026523418466e-13	1.0635397851277e-12	1.0635397851277e-12	1.0635397851277e-12	1.0635397851277e-12	1.0635397851277e-12	1.0635397851277e-12	1.0635397851277e-12
2.72573614461833e-11	4.08860421692749e-11	6.13290632539123e-11	9.19935948808684e-11	1.37990392321302e-10	2.06985588481953e-10	3.10478382722929e-10	4.65717574084393e-10	6.9857636112659e-10	1.04786454168988e-09	1.57179681253482e-09	1.57179681253482e-09	1.57179681253482e-09	1.57179681253482e-09	1.57179681253482e-09	1.57179681253482e-09	1.57179681253482e-09	1.57179681253482e-09	1.57179681253482e-09	1.57179681253482e-09	1.04786454168988e-09	6.9857636112659e-10	6.98576361126588e-10	6.98576361126588e-10	6.98576361126588e-10	6.98576361126588e-10	6.98576361126588e-10	6.98576361126588e-10	4.65717574084392e-10	3.10478382722928e-10	2.06985588481952e-10	1.37990392321302e-10	9.19935948808681e-11	6.13290632539121e-11	4.08860421692747e-11	2.72573614461832e-11	1.81715742974555e-11	1.21143828649704e-11	8.07625524331358e-12	5.38417016220906e-12	5.38417016220898e-12	3.58944677480599e-12	2.39296451653733e-12	1.59530967769155e-12	1.0635397851277e-12	7.09026523418469e-13	4.72684348945648e-13	3.15122899297099e-13	2.10081932864733e-13	1.40054621909821e-13	2.10081932864731e-13	3.15122899297097e-13	4.72684348945645e-13	7.09026523418466e-13	7.09026523418466e-13	7.09026523418466e-13	7.09026523418466e-13	7.09026523418466e-13	7.09026523418466e-13	7.09026523418466e-13
1.81715742974555e-11	2.72573614461833e-11	4.08860421692749e-11	6.13290632539121e-11	9.19935948808681e-11	1.37990392321302e-10	2.06985588481953e-10	3.10478382722929e-10	4.65717574084392e-10	6.98576361126587e-10	1.04786454168988e-09	1.04786454168988e-09	1.04786454168988e-09	1.04786454168988e-09	1.04786454168988e-09	1.04786454168988e-09	1.04786454168988e-09	1.04786454168988e-09	1.04786454168988e-09	1.04786454168988e-09	6.98576361126587e-10	4.65717574084392e-10	4.65717574084392e-10	4.65717574084392e-10	4.65717574084392e-10	4.65717574084392e-10	4.65717574084392e-10	4.65717574084392e-10	3.10478382722928e-10	2.06985588481952e-10	1.37990392321302e-10	9.19935948808677e-11	6.13290632539121e-11	4.08860421692747e-11	2.72573614461832e-11	1.81715742974555e-11	1.21143828649703e-11	8.07625524331358e-12	5.38417016220906e-12	3.58944677480604e-12	3.58944677480598e-12	2.39296451653732e-12	1.59530967769155e-12	1.0635397851277e-12	7.09026523418469e-13	4.72684348945646e-13	3.15122899297098e-13	2.10081932864733e-13	1.40054621909822e-13	9.33697479398813e-14	1.40054621909821e-13	2.10081932864731e-13	3.15122899297095e-13	4.72684348945644e-13	4.72684348945644e-13	4.72684348945644e-13	4.72684348945644e-13	4.72684348945644e-13	4.72684348945644e-13	4.72684348945644e-13
1.21143828649704e-11	1.81715742974555e-11	2.72573614461832e-11	4.08860421692747e-11	6.13290632539121e-11	9.19935948808681e-11	1.37990392321302e-10	2.06985588481952e-10	3.10478382722928e-10	4.65717574084392e-10	6.98576361126588e-10	6.98576361126588e-10	6.98576361126588e-10	6.98576361126588e-10	6.98576361126588e-10	6.98576361126588e-10	6.98576361126588e-10	6.98576361126588e-10	6.98576361126588e-10	6.98576361126588e-10	4.65717574084392e-10	3.10478382722928e-10	3.10478382722928e-10	3.10478382722928e-10	3.10478382722928e-10	3.10478382722928e-10	3.10478382722928e-10	3.10478382722928e-10	2.06985588481952e-10	1.37990392321302e-10	9.19935948808677e-11	6.13290632539119e-11	4.08860421692746e-11	2.72573614461832e-11	1.81715742974555e-11	1.21143828649703e-11	8.07625524331355e-12	5.38417016220904e-12	3.58944677480604e-12	2.39296451653736e-12	2.39296451653732e-12	1.59530967769155e-12	1.0635397851277e-12	7.09026523418469e-13	4.72684348945646e-13	3.15122899297098e-13	2.10081932864732e-13	1.40054621909821e-13	9.33697479398813e-14	6.22464986265876e-14	9.33697479398807e-14	1.4005462190982e-13	2.1008193286473e-13	3.15122899297096e-13	3.15122899297096e-13	3.15122899297096e-13	3.15122899297096e-13	3.15122899297096e-13	3.15122899297096e-13	3.15122899297096e-13
