0.00121575387009485	0.00104060320581069	0.000903529712301261	0.000896947555139738	0.00113724865024235	0.0017822644955674	0.00297009879394034	0.00466293090786116	0.00650634657663928	0.00788388997496289	0.00822434342813698	0.00736178668811356	0.00564757885817894	0.00371138524333823	0.00208887265094204	0.00100694890420577	0.000415696628100564	0.000146966776355693	4.44974816938353e-05	1.15378608309999e-05	3.05902320501826e-07	2.03934880334551e-07	1.359565868897e-07	9.06377245931337e-08	6.04251497287556e-08	4.02834331525038e-08	2.68556221016692e-08	1.79037480677795e-08	1.79037480677795e-08	1.79037480677795e-08	1.79037480677795e-08	1.79037480677795e-08	1.79037480677795e-08	1.79037480677795e-08	1.79037480677795e-08	1.79037480677795e-08	1.19358320451863e-08	7.95722136345756e-09	5.30481424230504e-09	3.53654282820336e-09	2.35769521880224e-09	2.35769521880223e-09	2.35769521880223e-09	2.35769521880223e-09	2.35769521880223e-09	2.35769521880223e-09	2.35769521880223e-09	2.35769521880223e-09	2.35769521880223e-09	2.35769521880223e-09	1.57179681253482e-09	1.04786454168988e-09	6.9857636112659e-10	4.65717574084393e-10	3.10478382722929e-10	2.06985588481954e-10	1.37990392321302e-10	9.19935948808684e-11	6.13290632539123e-11	4.08860421692749e-11
0.00603834780331464	0.00535736783252856	0.00466585021107643	0.00416189313706935	0.00402263699172517	0.00449639224263997	0.00584591079280819	0.00807949761173257	0.0106806062908908	0.012671157374059	0.0131131108858418	0.0117026430083468	0.00896796275299751	0.00589124672224271	0.00331511773489408	0.00159819220929452	0.000659838020297626	0.000233305281051178	7.06466261171628e-05	1.83205589410698e-05	5.12415065721904e-09	3.05902320501826e-07	2.03934880334551e-07	1.359565868897e-07	9.06377245931335e-08	6.04251497287556e-08	4.02834331525038e-08	2.68556221016692e-08	2.68556221016692e-08	2.68556221016692e-08	2.68556221016692e-08	2.68556221016692e-08	2.68556221016692e-08	2.68556221016692e-08	2.68556221016692e-08	2.68556221016692e-08	1.79037480677795e-08	1.19358320451863e-08	7.95722136345756e-09	5.30481424230504e-09	3.53654282820338e-09	3.53654282820335e-09	3.53654282820335e-09	3.53654282820335e-09	3.53654282820335e-09	3.53654282820335e-09	3.53654282820335e-09	3.53654282820335e-09	3.53654282820335e-09	3.53654282820335e-09	2.35769521880224e-09	1.57179681253482e-09	1.04786454168988e-09	6.9857636112659e-10	4.65717574084395e-10	3.1047838272293e-10	2.06985588481954e-10	1.37990392321302e-10	9.19935948808684e-11	6.13290632539125e-11
0.020944649936689	0.0192691105664399	0.0170720178104488	0.0146989719339795	0.012417474280285	0.0106109870156136	0.00977731883128413	0.0101812889462286	0.01146411052904	0.0126586476852362	0.0127333759899887	0.0112439733604446	0.00858659861813994	0.00563610699395555	0.00317127675750071	0.00153035110103759	0.000632547438979796	0.000223947069944864	6.79136981079967e-05	1.76416756454371e-05	6.92102043215759e-08	3.05902320501826e-07	2.03934880334551e-07	1.359565868897e-07	9.06377245931337e-08	9.06377245931335e-08	6.04251497287556e-08	4.02834331525039e-08	4.02834331525038e-08	4.02834331525038e-08	4.02834331525038e-08	4.02834331525038e-08	4.02834331525038e-08	4.02834331525038e-08	4.02834331525038e-08	4.02834331525038e-08	2.68556221016692e-08	1.79037480677795e-08	1.19358320451863e-08	7.95722136345758e-09	5.30481424230506e-09	5.30481424230502e-09	5.30481424230502e-09	5.30481424230502e-09	5.30481424230502e-09	5.30481424230502e-09	5.30481424230502e-09	5.30481424230502e-09	5.30481424230502e-09	5.30481424230502e-09	3.53654282820335e-09	2.35769521880224e-09	1.57179681253482e-09	1.04786454168989e-09	6.98576361126592e-10	4.65717574084395e-10	3.1047838272293e-10	2.06985588481954e-10	1.37990392321303e-10	9.19935948808687e-11
0.0531992699167479	0.049961853320109	0.0443967832863939	0.0372858444081917	0.0295166788769546	0.0220842932432571	0.0160170974006191	0.0119906845295515	0.00993605820199196	0.00905665929939129	0.00833760345290255	0.00712414657831704	0.00540153605550172	0.0035568639395702	0.00201555137856621	0.000984141104391849	0.000412359190359532	0.000148271691996717	4.5757394234318e-05	1.21182904398104e-05	5.59194160685616e-07	3.05902320501826e-07	3.05902320501826e-07	2.03934880334551e-07	1.359565868897e-07	1.359565868897e-07	9.06377245931337e-08	6.04251497287558e-08	6.04251497287557e-08	6.04251497287557e-08	6.04251497287557e-08	6.04251497287557e-08	6.04251497287557e-08	6.04251497287557e-08	6.04251497287557e-08	6.04251497287557e-08	4.02834331525038e-08	2.68556221016692e-08	1.79037480677795e-08	1.19358320451864e-08	7.95722136345758e-09	7.95722136345754e-09	7.95722136345754e-09	7.95722136345754e-09	7.95722136345754e-09	7.95722136345754e-09	7.95722136345754e-09	7.95722136345754e-09	7.95722136345754e-09	7.95722136345754e-09	5.30481424230502e-09	3.53654282820335e-09	2.35769521880224e-09	1.57179681253483e-09	1.04786454168989e-09	6.98576361126592e-10	4.65717574084395e-10	3.10478382722931e-10	2.06985588481954e-10	1.37990392321303e-10
0.101529698470136	0.0958912256053413	0.0844561512451995	0.069236631194982	0.05282587924211	0.0375757900388844	0.0252122121411644	0.0165507387525984	0.0113837607818819	0.00868730615985399	0.00718637291851101	0.00591349628122967	0.00451674702490676	0.00306751585967009	0.00181737863497355	0.000938108735735124	0.000419103394033691	0.000161906830926245	5.40800507410896e-05	1.55918487869199e-05	3.09298585483346e-06	1.12548636339031e-07	2.77959747733563e-08	3.05902320501826e-07	2.03934880334551e-07	2.03934880334551e-07	1.359565868897e-07	9.06377245931337e-08	9.06377245931335e-08	9.06377245931335e-08	9.06377245931335e-08	9.06377245931335e-08	9.06377245931335e-08	9.06377245931335e-08	9.06377245931335e-08	9.06377245931335e-08	6.04251497287556e-08	4.02834331525039e-08	2.68556221016693e-08	1.79037480677795e-08	1.19358320451864e-08	1.19358320451863e-08	1.19358320451863e-08	1.19358320451863e-08	1.19358320451863e-08	1.19358320451863e-08	1.19358320451863e-08	1.19358320451863e-08	1.19358320451863e-08	1.19358320451863e-08	7.95722136345753e-09	5.30481424230504e-09	3.53654282820336e-09	2.35769521880224e-09	1.57179681253483e-09	1.04786454168989e-09	6.98576361126595e-10	4.65717574084397e-10	3.10478382722931e-10	2.06985588481954e-10
0.150172768848819	0.143301091198966	0.126949597324394	0.104750556755796	0.0811987314723647	0.0599079585153426	0.043029332201978	0.0312313497292342	0.023911086212163	0.0195717871206143	0.0165078524302618	0.0135080155832042	0.0102394531208786	0.00697023203848657	0.00419391459490236	0.00221821259372293	0.00102714403478065	0.000415591650649627	0.000146754878791337	4.5000934887795e-05	1.16714999557414e-05	1.109015342894e-06	2.71148608126125e-07	3.05902320501826e-07	3.05902320501826e-07	3.05902320501826e-07	2.03934880334551e-07	1.359565868897e-07	1.359565868897e-07	1.359565868897e-07	1.359565868897e-07	1.359565868897e-07	1.359565868897e-07	1.359565868897e-07	1.359565868897e-07	1.359565868897e-07	9.06377245931337e-08	6.04251497287558e-08	4.02834331525039e-08	2.68556221016693e-08	1.79037480677795e-08	1.79037480677795e-08	1.79037480677795e-08	1.79037480677795e-08	1.79037480677795e-08	1.79037480677795e-08	1.79037480677795e-08	1.79037480677795e-08	1.79037480677795e-08	1.79037480677795e-08	1.19358320451863e-08	7.95722136345756e-09	5.30481424230504e-09	3.53654282820336e-09	2.35769521880224e-09	1.57179681253484e-09	1.04786454168989e-09	6.98576361126595e-10	4.65717574084397e-10	3.10478382722931e-10
0.187430387952999	0.186068825556992	0.173364877291652	0.153359231041634	0.130655430282507	0.108710467496774	0.0896283888416858	0.0743151136742211	0.0624836876442954	0.0528203628235057	0.043752090133328	0.0344134928268917	0.0250694632541482	0.0166112178158051	0.00990372392780842	0.00528628060250055	0.00251892992061614	0.0010693834929193	0.00040314488687921	0.000133787346038508	3.87863076160421e-05	7.52322363497161e-06	1.9047996847677e-06	1.04635607493767e-07	2.82225566972682e-08	6.51908744578394e-09	3.05902320501826e-07	2.03934880334551e-07	2.03934880334551e-07	2.03934880334551e-07	2.03934880334551e-07	2.03934880334551e-07	2.03934880334551e-07	2.03934880334551e-07	2.03934880334551e-07	2.03934880334551e-07	1.359565868897e-07	9.06377245931337e-08	6.04251497287558e-08	4.02834331525039e-08	2.68556221016692e-08	2.68556221016692e-08	2.68556221016692e-08	2.68556221016692e-08	2.68556221016692e-08	2.68556221016692e-08	2.68556221016692e-08	2.68556221016692e-08	2.68556221016692e-08	2.68556221016692e-08	1.79037480677795e-08	1.19358320451863e-08	7.95722136345756e-09	5.30481424230504e-09	3.53654282820338e-09	2.35769521880225e-09	1.57179681253484e-09	1.04786454168989e-09	6.98576361126595e-10	4.65717574084395e-10
0.221834026080423	0.233824309146411	0.234747481065087	0.227791932250981	0.215754830047406	0.200202014270598	0.182206143713085	0.162747022154612	0.142293879449637	0.120646876532186	0.0977153046454243	0.0744331016616923	0.0527327028807457	0.0344981093599693	0.020754094073951	0.0114626871161527	0.00580033895521213	0.00268913678502677	0.00114232033447686	0.000445640529579324	0.000162273261551137	5.48723549720344e-05	1.86548140477123e-05	4.93763206926261e-06	1.60884838903432e-06	4.60157543085534e-07	9.94868389588394e-08	3.05902320501826e-07	3.05902320501826e-07	3.05902320501826e-07	3.05902320501826e-07	3.05902320501826e-07	3.05902320501826e-07	3.05902320501826e-07	3.05902320501826e-07	3.05902320501826e-07	2.03934880334551e-07	1.359565868897e-07	9.06377245931337e-08	6.04251497287556e-08	4.02834331525038e-08	4.02834331525038e-08	4.02834331525038e-08	4.02834331525038e-08	4.02834331525038e-08	4.02834331525038e-08	4.02834331525038e-08	4.02834331525038e-08	4.02834331525038e-08	4.02834331525038e-08	2.68556221016692e-08	1.79037480677795e-08	1.19358320451863e-08	7.95722136345758e-09	5.30481424230506e-09	3.53654282820338e-09	2.35769521880225e-09	1.57179681253484e-09	1.04786454168989e-09	6.98576361126592e-10
0.253771151330181	0.279243321539243	0.29567750253838	0.306111638372862	0.311636792967791	0.311074529895592	0.302750374953757	0.285726093720602	0.259777332252671	0.225478878537452	0.184987760817513	0.142342359633589	0.102377241892483	0.0687820029931515	0.0431876728984885	0.0253823965214855	0.013989723585614	0.00728034473237631	0.00360870816509839	0.00171964421749365	0.000794114101161209	0.000357756652687388	0.000156189772563651	7.01410180703723e-05	4.00901151978286e-05	2.89035734467794e-05	2.27672837753731e-05	1.69318472901591e-05	1.13557609526956e-05	6.54015042790434e-06	3.23585531538438e-06	1.37108396080659e-06	4.97522360556421e-07	1.54608994833107e-07	4.11462733858334e-08	9.3777760311975e-09	3.05902320501826e-07	2.03934880334551e-07	1.359565868897e-07	9.06377245931335e-08	6.04251497287556e-08	6.04251497287557e-08	6.04251497287557e-08	6.04251497287557e-08	6.04251497287557e-08	6.04251497287557e-08	6.04251497287557e-08	6.04251497287557e-08	6.04251497287557e-08	6.04251497287557e-08	4.02834331525038e-08	2.68556221016692e-08	1.79037480677795e-08	1.19358320451864e-08	7.95722136345758e-09	5.30481424230506e-09	3.53654282820338e-09	2.35769521880224e-09	1.57179681253483e-09	1.04786454168989e-09
0.261391021110821	0.295147545483836	0.323784919261083	0.35114252116847	0.37757129891093	0.399396190893225	0.411375371107439	0.409089189862305	0.389915218134113	0.353624126704612	0.303175447693786	0.244630136865872	0.185540176679817	0.132383163327031	0.0891314727443211	0.0570052438328111	0.0349960478079283	0.0208897322751859	0.0122061262101566	0.00694612876515476	0.00379696891404969	0.00198529314325634	0.00100521457462041	0.000546288564196063	0.000360924712391269	0.000284438606881226	0.000231309754182626	0.000173300643801785	0.000115444066731973	6.61953845253775e-05	3.26478626108798e-05	1.38049006752737e-05	5.00146905222239e-06	1.55237864883736e-06	4.11545936871266e-07	9.37967233712314e-08	3.05902320501826e-07	2.03934880334551e-07	1.359565868897e-07	9.06377245931335e-08	9.06377245931335e-08	9.06377245931335e-08	9.06377245931335e-08	9.06377245931335e-08	9.06377245931335e-08	9.06377245931335e-08	9.06377245931335e-08	9.06377245931335e-08	9.06377245931335e-08	9.06377245931335e-08	6.04251497287556e-08	4.02834331525039e-08	2.68556221016693e-08	1.79037480677795e-08	1.19358320451864e-08	7.95722136345758e-09	5.30481424230504e-09	3.53654282820336e-09	2.35769521880224e-09	1.57179681253483e-09
0.241187023844575	0.281325901993229	0.321307474332364	0.365348279045901	0.413422833436603	0.460280595196273	0.498172039715415	0.519949417197548	0.52049920168129	0.497297247522809	0.45124841820856	0.387343828290336	0.31406014293678	0.240946182578484	0.176054587954465	0.123948109681261	0.0852381599497191	0.0577158751931032	0.0382858681160985	0.0244660739003225	0.014802504775575	0.00848848368573763	0.00477145076658244	0.00291144988792323	0.00210153372725981	0.00172407967573498	0.00141487869599865	0.00105966484939462	0.000701491229026324	0.000400577598930732	0.000196969475484506	8.31239005453087e-05	3.00703097834183e-05	9.32264011381162e-06	2.4623534049935e-06	5.61202676246155e-07	3.05902320501826e-07	2.03934880334551e-07	1.359565868897e-07	1.359565868897e-07	1.359565868897e-07	1.359565868897e-07	1.359565868897e-07	1.359565868897e-07	1.359565868897e-07	1.359565868897e-07	1.359565868897e-07	1.359565868897e-07	1.359565868897e-07	1.359565868897e-07	9.06377245931337e-08	6.04251497287558e-08	4.02834331525039e-08	2.68556221016693e-08	1.79037480677795e-08	1.19358320451863e-08	7.95722136345756e-09	5.30481424230504e-09	3.53654282820336e-09	2.35769521880224e-09
0.220818058646089	0.267086387214338	0.317177659994172	0.37593820569701	0.444026951788734	0.51621797020259	0.583791326266232	0.637558590168504	0.669231856489267	0.672109743721164	0.642738688446125	0.583282625364884	0.502342333412055	0.412498051952793	0.326115325004412	0.251344619148954	0.190659237158326	0.142255831413583	0.103111370592543	0.0712802422400643	0.046368503480563	0.0285460192648963	0.0172708232143825	0.0111632471693032	0.00822263608359852	0.00666785306457607	0.00536908360425995	0.00396181330833017	0.00258987609648838	0.00146657996074845	0.000716766724840084	0.000301292324043573	0.000108661510804289	3.36121333597976e-05	8.81305956962772e-06	2.00861200766789e-06	3.05902320501826e-07	2.03934880334551e-07	2.03934880334551e-07	2.03934880334551e-07	2.03934880334551e-07	2.03934880334551e-07	2.03934880334551e-07	2.03934880334551e-07	2.03934880334551e-07	2.03934880334551e-07	2.03934880334551e-07	2.03934880334551e-07	2.03934880334551e-07	2.03934880334551e-07	1.359565868897e-07	9.06377245931337e-08	6.04251497287558e-08	4.02834331525039e-08	2.68556221016692e-08	1.79037480677795e-08	1.19358320451863e-08	7.95722136345756e-09	5.30481424230504e-09	3.53654282820335e-09
0.212740682297563	0.262191827186556	0.317883070723476	0.386212416646413	0.469862345668098	0.565360298920945	0.664584895546307	0.756772936964311	0.829359905333963	0.86952741534804	0.867978592700656	0.823677832169417	0.745512342088005	0.648798264639594	0.54906620281272	0.456517024805475	0.374239115382284	0.300396314308692	0.232539956048856	0.170685678075362	0.117554191299858	0.0763616843483196	0.0481900028941914	0.0313780960178765	0.0222488704788304	0.0169948646557765	0.0129968150235855	0.00925586963244243	0.00590318006682494	0.00328790014519224	0.00158767352242667	0.000662212661813121	0.000237409348256809	7.31247665545755e-05	1.89011079062589e-05	4.30851228401783e-06	3.05902320501826e-07	3.05902320501826e-07	3.05902320501826e-07	3.05902320501826e-07	3.05902320501826e-07	3.05902320501826e-07	3.05902320501826e-07	3.05902320501826e-07	3.05902320501826e-07	3.05902320501826e-07	3.05902320501826e-07	3.05902320501826e-07	3.05902320501826e-07	3.05902320501826e-07	2.03934880334551e-07	1.359565868897e-07	9.06377245931337e-08	6.04251497287556e-08	4.02834331525038e-08	2.68556221016692e-08	1.79037480677795e-08	1.19358320451863e-08	7.95722136345753e-09	5.30481424230502e-09
0.196318107259561	0.24753129811448	0.307485041940007	0.382246529572314	0.474898061262793	0.583762620087706	0.70338540688381	0.824645420731123	0.933627184032754	1.01306737615457	1.04811593546229	1.03379560678205	0.977871158988444	0.896479659268121	0.805886123031071	0.715520175135072	0.626346840833609	0.534524610577106	0.437573518376741	0.338396067531435	0.244983398834798	0.16633201227818	0.107719741447931	0.0689547541765928	0.0454309083674899	0.0312196394759805	0.0216448465349358	0.0143319916813614	0.00868878606541465	0.00467506390278112	0.00220152088457856	0.000903725526893439	0.000320276108776347	9.83488951036046e-05	2.5925914766102e-05	8.58845182760019e-06	5.6832328703303e-06	9.29132172302117e-06	1.30086773848232e-05	1.55977654964125e-05	1.60164118702564e-05	1.40845075982995e-05	1.06069789458931e-05	6.84093310331642e-06	3.77844042102823e-06	1.78724220670065e-06	7.23982125109482e-07	2.51157339425492e-07	7.46169515712521e-08	1.89846558611607e-08	3.05902320501826e-07	2.03934880334551e-07	1.359565868897e-07	9.06377245931335e-08	6.04251497287557e-08	4.02834331525038e-08	2.68556221016692e-08	1.79037480677795e-08	1.19358320451863e-08	7.95722136345754e-09
0.16071020595984	0.212611168842868	0.275918341369798	0.353707363644345	0.446743039403042	0.553591253265321	0.671911506509069	0.797090210723238	0.918783838809629	1.02086428517205	1.08730197905867	1.11095978316076	1.09755243864922	1.06118105824994	1.01489713016514	0.962965172989301	0.900003083173969	0.816640473842164	0.707902731672027	0.578380465133874	0.441625401421674	0.31443150437779	0.209823599763594	0.133100230064048	0.0819478365279163	0.0498830186558735	0.0300653612322779	0.017580573739429	0.00968831642305638	0.00487431303187053	0.00218719353433702	0.000873094360181133	0.000305379577919791	9.77998633791372e-05	3.66477402438201e-05	3.71316125148609e-05	6.1075739541737e-05	9.98068934499491e-05	0.000139738534126406	0.000167550383612326	0.000172047461129717	0.000151295046180081	0.000113939614732701	7.34849466733266e-05	4.05878099747818e-05	1.91984625881001e-05	7.77697823566206e-06	2.69791904343421e-06	8.01531402855181e-07	2.03932183300042e-07	3.05902320501826e-07	2.03934880334551e-07	1.359565868897e-07	9.06377245931335e-08	6.04251497287557e-08	4.02834331525038e-08	2.68556221016692e-08	1.79037480677795e-08	1.19358320451863e-08	7.95722136345754e-09
0.117892462582964	0.163306980679199	0.220919404062402	0.292019702166656	0.375681650405567	0.469737344892759	0.57253899411582	0.682015375540658	0.792275148468754	0.892782530533302	0.972621442027437	1.02766123982753	1.06367026218071	1.0918099425636	1.11934781566237	1.14236517790973	1.14592369104588	1.11127756901157	1.02603995466863	0.891192158443356	0.722009017440527	0.542745645220809	0.377964079408598	0.24460030113521	0.148356245267581	0.085391696502094	0.0471706173199408	0.0250793453362942	0.0127405246605462	0.00606944582012549	0.0026405578515864	0.00105076736112724	0.000380986104722127	0.000151654676308329	0.000121312635244552	0.000212522539694286	0.000392548513754799	0.000641339269881788	0.000897932060132929	0.00107664547988592	0.0011055428066327	0.000972191910797463	0.000732153329268061	0.00047219966895781	0.000260809203808964	0.000123365506664923	4.99733171842211e-05	1.73362918101841e-05	5.15048156420431e-06	1.31042769714735e-06	3.05902320501826e-07	2.03934880334551e-07	1.359565868897e-07	9.06377245931335e-08	6.04251497287557e-08	4.02834331525038e-08	2.68556221016692e-08	1.79037480677795e-08	1.19358320451863e-08	7.95722136345754e-09
0.0763860558375127	0.107851265543477	0.149998298377461	0.20478899261963	0.271850015057657	0.348850624987628	0.433261752873702	0.522917691647379	0.614591638452294	0.703544895803311	0.785522205218838	0.860783198928886	0.935773700873771	1.0194723783951	1.1157036958423	1.21628122554766	1.30025663995032	1.34012644742183	1.31235374625424	1.20714240594708	1.03382847438643	0.819253632553878	0.599095671104198	0.40507533730185	0.255258603666883	0.151851157431083	0.0864492953802422	0.0474301175766977	0.0249714552668466	0.0124103741928476	0.00566818445559535	0.00237095152645385	0.000918845337816927	0.000424803761633841	0.00043308447352916	0.000809435374456272	0.00150941984235914	0.00246524385148005	0.00345155682705493	0.00413851250156714	0.00424959080007644	0.00373700391811804	0.00281432074238675	0.00181508608889979	0.00100252327312194	0.000474204091442475	0.000192092199127231	6.66388906354442e-05	1.97979118853582e-05	5.03714686808402e-06	3.05902320501826e-07	2.03934880334551e-07	1.359565868897e-07	9.06377245931335e-08	6.04251497287557e-08	4.02834331525038e-08	2.68556221016692e-08	1.79037480677795e-08	1.19358320451863e-08	7.95722136345754e-09
0.0427565707551467	0.0605508176796363	0.0860716691349291	0.12206044439976	0.169450972833608	0.227016620291469	0.292708097774117	0.365005031481581	0.442846060645486	0.52513872521349	0.610513547353164	0.698913827401182	0.793444620967114	0.899624598503373	1.02104960620436	1.15288600788606	1.27811005268414	1.36951400917095	1.3978091190936	1.3426648971869	1.20262056320885	0.998620172304095	0.767854448065401	0.549156825411399	0.369174645045203	0.236486543004743	0.145890826475217	0.0867162804217929	0.0490890597748202	0.0259431551092903	0.0124952735135076	0.0054477843211319	0.00218389246068489	0.0010216919702441	0.00101990624165149	0.00187239964744852	0.00347967059889838	0.00567608052715984	0.00794353396618553	0.00952177974531653	0.00977546044362247	0.00859522182575423	0.0064724531366409	0.00417413740015319	0.00230540134679815	0.00109044960962242	0.000441714931809152	0.000153233859168627	4.55234525611682e-05	1.15824495947195e-05	3.05902320501826e-07	2.03934880334551e-07	1.359565868897e-07	9.06377245931335e-08	6.04251497287557e-08	4.02834331525038e-08	2.68556221016692e-08	1.79037480677795e-08	1.19358320451863e-08	7.95722136345754e-09
0.0246926753724399	0.0339539860714868	0.0475794482796094	0.0683229341764964	0.0981265403807334	0.137322252547178	0.185378090591232	0.242147983063918	0.308227128840818	0.384077811045958	0.468380366119534	0.558231505235896	0.651559611301777	0.749119720966831	0.853718616413693	0.965241355238695	1.07542037950518	1.16614590103954	1.21364651100736	1.19716346058336	1.10884718361351	0.959574786528514	0.776305103064334	0.590859709925972	0.427677017107795	0.297377905779818	0.199236479732458	0.127610622204553	0.0768524267628881	0.0426655859364905	0.0214182156019634	0.00965298696379198	0.00395864889974727	0.00178650217809159	0.00155972525631267	0.00266602296418102	0.00486806850630365	0.00789015199761409	0.0110038852317772	0.0131598838331897	0.0134896072398496	0.0118485356821843	0.00891598257031715	0.00574724007578009	0.00317320984973082	0.00150059339772889	0.000607764675676493	0.0002108166190125	6.2617431931953e-05	1.59316398097907e-05	3.05902320501826e-07	2.03934880334551e-07	1.359565868897e-07	9.06377245931335e-08	6.04251497287557e-08	4.02834331525038e-08	2.68556221016692e-08	1.79037480677795e-08	1.19358320451863e-08	7.95722136345754e-09
0.0179096657445653	0.0231543966611404	0.0304826533837103	0.0423890314549202	0.0612386117137707	0.0881825723039334	0.123324965184757	0.166607682565839	0.218451668936635	0.279194958360426	0.347682949729081	0.421055603272898	0.496414613464421	0.572587995067735	0.650334721219056	0.729477045593419	0.805638793142488	0.8688543198671	0.9055508692276	0.903121722049709	0.855504542602498	0.767040250305621	0.651810836184066	0.52791230391569	0.410462397024589	0.307468617651054	0.22092783781212	0.150376592018964	0.0953209081105909	0.0553273755226036	0.0289956767489963	0.0136484081189338	0.00585020409605076	0.00262372280115491	0.00191193575082667	0.00272641043752524	0.00458456341474672	0.00710747852948707	0.00963220672302818	0.0112954585571001	0.0114235555263235	0.00994166171917326	0.00743413216307562	0.00477157929313754	0.0026268840190815	0.0012397984107839	0.000501470609658156	0.000173789664679975	5.15228131682304e-05	1.31088560494689e-05	3.05902320501826e-07	2.03934880334551e-07	1.359565868897e-07	9.06377245931335e-08	6.04251497287557e-08	4.02834331525038e-08	2.68556221016692e-08	1.79037480677795e-08	1.19358320451863e-08	7.95722136345754e-09
0.0123390770127697	0.0157496348965859	0.0204739061070935	0.0284266773104154	0.0415857795098247	0.061033678942207	0.0868042174639858	0.118340655853138	0.155110305464245	0.19663802810337	0.242230651661126	0.291131294374366	0.342973146309951	0.397674826784162	0.454700944807823	0.511743247076683	0.564298843341656	0.606312783769964	0.631560811259032	0.635069500903989	0.614422430189388	0.570832448820281	0.509208988973466	0.436762830773625	0.36068744028675	0.286282964800214	0.216908217527673	0.155094156627136	0.103239826955964	0.0631808158716966	0.0352215618704248	0.0178642244045443	0.00844301080254401	0.0042305277930092	0.00304733662297219	0.00353158151429995	0.0047998205781118	0.00623804660192899	0.00731759011629752	0.00764296924820123	0.00706753857757716	0.00575145101964607	0.00409558989308864	0.00253872301645758	0.00136389261191101	0.000632894996717343	0.000253026349323911	8.6992967814565e-05	2.53599351178257e-05	6.45228236660871e-06	3.05902320501826e-07	2.03934880334551e-07	1.359565868897e-07	9.06377245931335e-08	6.04251497287557e-08	4.02834331525038e-08	2.68556221016692e-08	1.79037480677795e-08	1.19358320451863e-08	7.95722136345754e-09
0.00668876926845219	0.00921757524981782	0.0128353506736711	0.0184653658214693	0.0270910693249541	0.0393730378015963	0.0555660305424899	0.0755741259385497	0.0990319623789178	0.125312782765751	0.153781809663148	0.184284333587676	0.217207498214699	0.252808821534607	0.29042758081075	0.328201885891609	0.363622768100901	0.394259543890848	0.418035909675147	0.432964432952731	0.436746411146615	0.427044937703395	0.402512589306604	0.364097812270254	0.315291906009226	0.260981235579027	0.205924121075706	0.153987800451696	0.10816942610173	0.0706688142962416	0.0425867170431604	0.0236703622626949	0.012555175215364	0.00731212604427695	0.0059450915988588	0.00672355204377348	0.0081619911764293	0.00913874319924832	0.0090258368955262	0.00780653092043245	0.00593423904369193	0.00398200563698836	0.00236993406067912	0.00125453925811465	0.000590727222179041	0.000246773847180643	9.10322894304367e-05	2.94874011383312e-05	7.46691080600825e-06	1.89979259421614e-06	3.05902320501826e-07	2.03934880334551e-07	1.359565868897e-07	9.06377245931335e-08	6.04251497287557e-08	4.02834331525038e-08	2.68556221016692e-08	1.79037480677795e-08	1.19358320451863e-08	7.95722136345754e-09
0.00410045636700813	0.00666045331228934	0.0100884914849121	0.0142758065825391	0.0191149117232886	0.0247644864355554	0.0318785202996201	0.0414547333285705	0.0543426129031096	0.0707474732723437	0.0901266110746245	0.111446471213062	0.133402596567961	0.154628350509687	0.174195608721865	0.192227372971392	0.210012045658549	0.229202422913099	0.250519853271236	0.272762612571733	0.292459047538398	0.304591489540603	0.304350587750776	0.289492576790488	0.261563964781863	0.22499587810084	0.184802372275723	0.144845499561331	0.107632844235411	0.0749861497880181	0.0484256123620722	0.0289150913051587	0.0165504359161338	0.0104452312836565	0.00899688783207117	0.0102591579873352	0.0122276798993733	0.0132757008712585	0.0125609967996006	0.0102428972368423	0.00719422137818276	0.00435305306443889	0.00227469192475676	0.00102994838018161	0.00040581434585603	0.000139869673217679	4.24090377533321e-05	1.13734188344655e-05	1.31515834264643e-06	3.34613355441559e-07	3.05902320501826e-07	2.03934880334551e-07	1.359565868897e-07	9.06377245931335e-08	6.04251497287557e-08	4.02834331525038e-08	2.68556221016692e-08	1.79037480677795e-08	1.19358320451863e-08	7.95722136345754e-09
0.00368239509447803	0.00649623336678798	0.0100117456783139	0.0135481434998283	0.0163625872244338	0.0182629963340621	0.0200585034486003	0.0233664548100048	0.0298888424232548	0.040600125569025	0.0552225474723482	0.0720909801493407	0.0884248980330245	0.101296547030963	0.109206370276087	0.113280886854971	0.116948569529555	0.124063573907394	0.136774383445821	0.154503954458584	0.174142601124971	0.191104959288813	0.20077032229732	0.200228169960247	0.189383109414612	0.170617468964859	0.147145267309983	0.121530615907458	0.0954150314621828	0.0702297912195371	0.0477682730725289	0.0298690790777774	0.0177061389994698	0.0112405012604597	0.00933229598494858	0.0101843491798262	0.0118324070577937	0.012664341577954	0.0118598250296731	0.00957074116473205	0.00663759902961926	0.00394750102064725	0.00201329191063441	0.000880863387974662	0.000330758504304842	0.000106743683320887	2.9640356732293e-05	7.09614359907215e-06	1.38566861346882e-07	3.52553155956756e-08	3.05902320501826e-07	2.03934880334551e-07	1.359565868897e-07	9.06377245931335e-08	6.04251497287557e-08	4.02834331525038e-08	2.68556221016692e-08	1.79037480677795e-08	1.19358320451863e-08	7.95722136345754e-09
0.00283613672059585	0.00507057453189847	0.0078164642534515	0.0104655601927766	0.0123737152745785	0.0133964718823942	0.014256293432927	0.0163212433696904	0.0209699152808803	0.0289339359530628	0.0398761165309541	0.0522629323861539	0.0635629312234769	0.0711497899889509	0.073798151822052	0.0727627901763018	0.0713008172068101	0.0728072813155078	0.0789237064378019	0.0890195652434752	0.100939481952041	0.112126175403585	0.120271298026106	0.123748916094466	0.121904497702131	0.115103831769277	0.104266706944371	0.0903305468331657	0.0741283060447148	0.0568038884633626	0.0401346677191227	0.0261013284253415	0.0160923695674324	0.01030769217125	0.0079058883842394	0.00753740422778973	0.00786551873294537	0.00787985335462453	0.00710206271593063	0.00560327533458184	0.00383393174964363	0.00225949435504625	0.00114416807824721	0.000497127996337397	0.000184826142098702	5.90457865205109e-05	1.6154295535257e-05	3.78495511795872e-06	3.05902320501826e-07	3.05902320501826e-07	2.03934880334551e-07	1.359565868897e-07	9.06377245931337e-08	6.04251497287556e-08	4.02834331525038e-08	2.68556221016692e-08	1.79037480677795e-08	1.19358320451863e-08	7.95722136345753e-09	5.30481424230502e-09
0.00139488380575887	0.00250928571262449	0.00390747653346534	0.00534873991593649	0.00663806223983942	0.00788305844762195	0.00961794872952276	0.0125480947790251	0.0171246580457916	0.0232640449146408	0.0303505606808856	0.037429884187645	0.0433680305570357	0.047217746928172	0.0488601995478385	0.0493985444304688	0.0506418925325812	0.0539439704113773	0.059271800110747	0.0653943069707022	0.0708739775923832	0.0749287520363869	0.0774141366358323	0.0783523993022528	0.0775405028239572	0.0746193478370307	0.0693134074908095	0.0616169083128377	0.0518885602949946	0.0410102852526973	0.0304012972769283	0.0215202600716207	0.0152073384732138	0.0113096940849538	0.0090077081201129	0.00743355718977184	0.00608243619645364	0.00477787697321194	0.00353571850022112	0.00242238549135454	0.00150992946245735	0.000839443737456568	0.000410372282636211	0.000174640295468483	6.31207721406604e-05	2.01649809626872e-05	5.5169230715713e-06	1.29261633040912e-06	3.05902320501826e-07	2.03934880334551e-07	1.359565868897e-07	9.06377245931337e-08	6.04251497287558e-08	4.02834331525039e-08	2.68556221016692e-08	1.79037480677795e-08	1.19358320451863e-08	7.95722136345756e-09	5.30481424230504e-09	3.53654282820335e-09
0.000418203772885399	0.000763733485049828	0.00123057175252322	0.00181119004056178	0.00257387701191682	0.00372734833269953	0.00559431477649401	0.00839422336728378	0.0120068193882132	0.0159493343732221	0.0196353333827193	0.0227681772188104	0.0254886877842111	0.0283021989910913	0.031917097790969	0.0369272136429296	0.043309915890572	0.050145752343328	0.0558908814879294	0.0592379272577826	0.0599089611691589	0.058721900200877	0.0568740964409867	0.0551456595714823	0.0535363456693822	0.0515010456884318	0.0484366026214344	0.044019132814754	0.0383426525315732	0.0319875586122581	0.025945383619665	0.0211410194559649	0.0178704441536727	0.015591841353711	0.0134054908263371	0.0107688750626887	0.00781760776780555	0.00504991952860221	0.00290137872629285	0.00150138321660696	0.000708736033674166	0.000309268055593089	0.000125048224886693	4.65043837629238e-05	1.34175336645514e-05	4.29508421558203e-06	1.17757220703657e-06	2.76517313778625e-07	3.05902320501826e-07	2.03934880334551e-07	1.359565868897e-07	9.06377245931335e-08	6.04251497287557e-08	4.02834331525038e-08	2.68556221016692e-08	1.79037480677795e-08	1.19358320451863e-08	7.95722136345754e-09	5.30481424230502e-09	3.53654282820335e-09
7.68712368390063e-05	0.000146796267580862	0.000259177960467224	0.000448013919308943	0.000794706680834638	0.00143319206671347	0.00250743356765854	0.00405861239503389	0.00592293087505638	0.00779111683950029	0.00943247980125562	0.0110339700621588	0.0133011154236675	0.0172370714485744	0.0236213285007653	0.0323414895643185	0.0419661497534641	0.0501167910803295	0.054624655192041	0.0547855573960221	0.0517328458695798	0.0475717405951205	0.0440449929634026	0.0417676989853927	0.0403946312300228	0.0392611269803036	0.0378711569831888	0.0359293623418611	0.0332681333254443	0.029938595508193	0.0263800458010106	0.0231928901806655	0.0206502755768005	0.0184000672681516	0.0157920034586309	0.0125143189197759	0.00889347527270365	0.00557655385948543	0.00306970352259171	0.00149667491016084	0.000651846162061319	0.000259784203715566	9.60926306976275e-05	3.32995937699001e-05	8.12431080860266e-06	2.70362119126885e-06	7.70807681074365e-07	1.88270308683187e-07	3.05902320501826e-07	2.03934880334551e-07	1.359565868897e-07	9.06377245931335e-08	6.04251497287557e-08	4.02834331525038e-08	2.68556221016692e-08	1.79037480677795e-08	1.19358320451863e-08	7.95722136345754e-09	5.30481424230502e-09	3.53654282820335e-09
9.03948264820676e-06	1.93010626646727e-05	4.09666371346509e-05	8.92576837107549e-05	0.000195453683483431	0.000406160113714493	0.000765219363791151	0.00128632694814907	0.00192428010307811	0.00264513027509826	0.00352601328412392	0.00495867385769208	0.00766743717019348	0.0124945224722105	0.0198800908218794	0.0292532841232645	0.0387707659636595	0.0459146861408277	0.0487998762267642	0.0473179772016621	0.0431626877105933	0.0385966359403731	0.0350702704254701	0.0327472256107211	0.031118100888099	0.029827474975106	0.0289140372277507	0.0283838296542112	0.0278429560086448	0.0266507248592077	0.0244969282475576	0.0216338475597958	0.0185934191122795	0.0156903773063645	0.0128990436355941	0.0101267538706442	0.00746592500286334	0.00514080372018523	0.00332324869449063	0.00203610230729975	0.00117438074420184	0.000631295514097644	0.000308101765207422	0.00013380872731751	4.91027907532628e-05	1.64978428579352e-05	4.74702750049696e-06	1.16974158895504e-06	3.05902320501826e-07	2.03934880334551e-07	1.359565868897e-07	9.06377245931335e-08	6.04251497287557e-08	4.02834331525038e-08	2.68556221016692e-08	1.79037480677795e-08	1.19358320451863e-08	7.95722136345754e-09	5.30481424230502e-09	3.53654282820335e-09
2.56061556137072e-07	1.08145754144809e-06	3.91154350457598e-06	1.21242150937052e-05	3.22865445239685e-05	7.61023642453559e-05	0.000155018338845815	0.000290485535495642	0.000517071006272076	0.000949534145918908	0.00180615200160272	0.00349572838093169	0.00652802568553976	0.0113150014540152	0.0178281491247758	0.0253347973312552	0.0324131531994233	0.037445477196931	0.03940950969397	0.0384449484392421	0.0357023261452563	0.0324832452814908	0.0294623487668771	0.0266003930536998	0.0237453559473072	0.0211677627744259	0.0194535682019932	0.0188804068293511	0.0189956379081104	0.0188274895348407	0.0176343953074317	0.0153989742360087	0.0127654106384747	0.0104982827028893	0.00902930272698396	0.00832757887461573	0.00802085044226355	0.00762062650983114	0.00676812742930176	0.00541693938320964	0.00381658378130652	0.00234124039591626	0.00124004031594858	0.000565014196566241	0.000220251715436773	7.40014596874027e-05	2.1292902789655e-05	5.2469032336612e-06	3.05902320501826e-07	2.03934880334551e-07	1.359565868897e-07	9.06377245931335e-08	6.04251497287557e-08	4.02834331525038e-08	2.68556221016692e-08	1.79037480677795e-08	1.19358320451863e-08	7.95722136345754e-09	5.30481424230502e-09	3.53654282820335e-09
3.01572561262365e-08	1.27366999400884e-07	4.60676022968746e-07	1.42694718358697e-06	3.79515794720997e-06	1.33814047449507e-05	3.77021975327398e-05	0.000109652331406392	0.000306747645498518	0.00081128047134496	0.00191018801267859	0.0039845011214363	0.00730882034277103	0.0118391522255586	0.0170644173285222	0.0221687958938078	0.0263876223789436	0.0293339001999448	0.031059364628896	0.031838635470395	0.0318545944438195	0.030992281036546	0.0289491070492258	0.0255955106787501	0.0213386487826211	0.017117085077118	0.0139317135795645	0.0122308262215824	0.0116505195054343	0.0113048568706671	0.010494690919735	0.00917702329440719	0.00799263600572124	0.00779824973186594	0.00912084715074291	0.0117393558645506	0.0146332968375806	0.0164142759143585	0.0160766817197852	0.013594108067211	0.00987840404085611	0.00615961549252173	0.00329186474097029	0.00150727569936969	0.000590985299875643	0.000198562697947065	5.71336868610203e-05	1.40786312370579e-05	3.05902320501826e-07	2.03934880334551e-07	1.359565868897e-07	9.06377245931337e-08	6.04251497287558e-08	4.02834331525039e-08	2.68556221016692e-08	1.79037480677795e-08	1.19358320451863e-08	7.95722136345756e-09	5.30481424230504e-09	3.53654282820335e-09
3.05902320501826e-07	3.05902320501826e-07	3.05902320501826e-07	3.05902320501826e-07	3.05902320501826e-07	5.3360642424956e-06	2.3442997083526e-05	8.89960972910778e-05	0.000287647707403961	0.000803212574323512	0.00191688621097412	0.00394603654919445	0.00701012825998524	0.0108356727293002	0.0147219071437149	0.0179341601363696	0.0202348492226983	0.0221032571447925	0.0243556225416692	0.0274139876124944	0.0307982587398212	0.0332660488308218	0.0335186091086309	0.0310172783484472	0.0263868233228148	0.0211192817575471	0.0167368914573628	0.0139644553862127	0.0124852103675245	0.0113840408636467	0.0100123096941679	0.00849289561326148	0.00769172444181091	0.00865655600411261	0.011958199516899	0.0171120080203803	0.0224591641944376	0.0257960909179836	0.0255477344647544	0.0217181263489069	0.0158254418642915	0.00988017448266783	0.00528348498221192	0.00241988393004242	0.000949169915432042	0.00031887693671667	9.17451042391372e-05	2.25975870192611e-05	3.05902320501826e-07	3.05902320501826e-07	2.03934880334551e-07	1.359565868897e-07	9.06377245931337e-08	6.04251497287556e-08	4.02834331525038e-08	2.68556221016692e-08	1.79037480677795e-08	1.19358320451863e-08	7.95722136345753e-09	5.30481424230502e-09
2.03934880334551e-07	2.03934880334551e-07	2.03934880334551e-07	2.03934880334551e-07	3.05902320501826e-07	3.59166691962061e-06	1.57793147337154e-05	5.94946423148116e-05	0.000191830455040751	0.000531540741377699	0.00126010810240391	0.00257056277995929	0.00450721959693101	0.00684995939611241	0.00911505971907189	0.0108864546582513	0.0122334068360036	0.013851458606298	0.0166913666946485	0.0212542030175919	0.027012726774087	0.032452855993028	0.0357531385676877	0.0358053935186209	0.0329394881966609	0.0287809769012255	0.0252062878458882	0.0231040985537469	0.0219327148591241	0.020392978409911	0.0177096820204853	0.0143218279380153	0.0116289535428666	0.0110775683774818	0.0133274987838318	0.0177756174169192	0.0226189136841905	0.0255996415781151	0.0251527841437982	0.0212834762386934	0.0154698333519426	0.00964788047184	0.00516027790728289	0.00236693929138644	0.00093095930617609	0.000314253740367839	9.10505105965649e-05	2.2575866187083e-05	2.54779140557557e-07	6.33641651852765e-08	3.05902320501826e-07	2.03934880334551e-07	1.359565868897e-07	9.06377245931335e-08	6.04251497287557e-08	4.02834331525038e-08	2.68556221016692e-08	1.79037480677795e-08	1.19358320451863e-08	7.95722136345754e-09
1.359565868897e-07	1.359565868897e-07	1.359565868897e-07	2.03934880334551e-07	3.05902320501826e-07	1.44615657000572e-06	6.35341755876433e-06	2.39161839982885e-05	7.70718492255137e-05	0.000212994966825536	0.00050388287941572	0.00102520196117856	0.00179040725311263	0.00271372745876018	0.00361323705721198	0.00437491582048333	0.00516253399945255	0.00650247870042834	0.00911204295698575	0.0134882595389509	0.0194057768032781	0.025738257055723	0.0307942721531967	0.0332276072763223	0.0329704047880681	0.0313659910618916	0.0301694924508085	0.030114559560002	0.0303455114589091	0.0292644685006031	0.0260696170349728	0.0215027658426287	0.0173053817571409	0.0150044121317795	0.0150767531394374	0.0168408115945914	0.0188554834657858	0.0196244031297091	0.0182805424743291	0.0149764598137178	0.0107104572196437	0.00666108520991995	0.00359827221639671	0.00168920467166237	0.00068925789374647	0.000245854742511749	7.66833740490974e-05	2.04664859336153e-05	2.31997875004614e-06	5.76625466459968e-07	3.05902320501826e-07	2.03934880334551e-07	1.359565868897e-07	9.06377245931335e-08	6.04251497287557e-08	4.02834331525038e-08	2.68556221016692e-08	1.79037480677795e-08	1.19358320451863e-08	7.95722136345754e-09
9.06377245931335e-08	9.06377245931335e-08	1.359565868897e-07	2.03934880334551e-07	3.05902320501826e-07	3.48320335744894e-07	1.53028004235223e-06	5.75753513124315e-06	1.85513652983269e-05	5.12178381962741e-05	0.000121075185152288	0.000246197530950861	0.000429540511835912	0.000656886900484466	0.000896632720399231	0.00116414542660157	0.00160749853581628	0.00256674785580163	0.00453432632229331	0.00795123589324037	0.0128120436609198	0.0183807936675013	0.0232886307535705	0.0262509527996406	0.0269819170046348	0.026469378690594	0.0261941499602569	0.0268591371628303	0.0278578221630532	0.0280094723271665	0.0268257785129893	0.0250117187373499	0.0238187304535998	0.0239635341243418	0.0251194245425537	0.026225213101298	0.0261430801471876	0.0242511667290702	0.0206542734576602	0.0160422800059491	0.0113326431345847	0.00726323019474165	0.0042106075690728	0.00219769355688585	0.00102353334696982	0.000425009912411835	0.000155447209248476	4.79232376478319e-05	1.26410330799203e-05	3.13991678622724e-06	3.05902320501826e-07	2.03934880334551e-07	1.359565868897e-07	9.06377245931335e-08	6.04251497287557e-08	4.02834331525038e-08	2.68556221016692e-08	1.79037480677795e-08	1.19358320451863e-08	7.95722136345754e-09
6.04251497287556e-08	9.06377245931335e-08	1.359565868897e-07	2.03934880334551e-07	3.05902320501826e-07	5.01864643699283e-08	2.20484815097816e-07	8.29553437082032e-07	2.67290576522606e-06	7.37558592267897e-06	1.74294227600751e-05	3.54444721687592e-05	6.18382130223802e-05	0.000100045185301539	0.000154243667374851	0.000261727036782307	0.000532829155297257	0.00119684380996484	0.00260100226789989	0.00508774757574673	0.00869744477742719	0.0128981385947175	0.0166086048767001	0.0187394058499039	0.0189421410344872	0.0179055455183765	0.016873862704485	0.0167558966507578	0.0177101737878607	0.0195252181862339	0.022251667681041	0.0262818842429341	0.0318198381444472	0.0382624500349807	0.0441684780644484	0.0478428884967515	0.0480807727443603	0.0446776330322918	0.0384145961557743	0.0306156130821538	0.0226110645736095	0.0153940466349483	0.0095640534452301	0.00535263111360013	0.00265926168537681	0.00116511641286991	0.000444997912396085	0.000143264915763619	4.12155891182633e-05	1.02310155000492e-05	3.05902320501826e-07	2.03934880334551e-07	1.359565868897e-07	9.06377245931337e-08	6.04251497287558e-08	4.02834331525039e-08	2.68556221016693e-08	1.79037480677795e-08	1.19358320451863e-08	7.95722136345756e-09
6.04251497287557e-08	9.06377245931335e-08	1.359565868897e-07	2.03934880334551e-07	3.05902320501826e-07	4.32552300698173e-09	1.90033737656e-08	7.14984114276275e-08	2.30375172432095e-07	6.35694643945368e-07	1.50222515360716e-06	3.05715163986225e-06	5.33893493189284e-06	1.2157072724874e-05	2.89990217368553e-05	8.14089053965367e-05	0.000234989537938795	0.000623787807335372	0.0014529086833976	0.0029257283204872	0.005065499436252	0.00753970919933889	0.00966784189878886	0.0107496288203589	0.0105275289557396	0.00940715960737092	0.00825908219574624	0.00796611533391183	0.00919056957819723	0.0124520950765172	0.0182087669237456	0.0265830981663207	0.0370030062823454	0.0480177068840354	0.0576339201354141	0.0639666051326244	0.0658384569400035	0.0630915198428051	0.0564693487871517	0.0472090754818347	0.0366694132462137	0.0261723413732179	0.0169189343537969	0.00976273351109566	0.00496144420416836	0.00220614791191422	0.000850980078233799	0.000278089239036685	8.04123477567389e-05	1.99479214103392e-05	3.05902320501826e-07	2.03934880334551e-07	2.03934880334551e-07	1.359565868897e-07	9.06377245931337e-08	6.04251497287558e-08	4.02834331525039e-08	2.68556221016692e-08	1.79037480677795e-08	1.19358320451863e-08
4.02834331525038e-08	6.04251497287556e-08	9.06377245931337e-08	1.359565868897e-07	2.03934880334551e-07	3.05902320501826e-07	3.05902320501826e-07	3.05902320501826e-07	3.05902320501826e-07	3.05902320501826e-07	3.05902320501826e-07	3.05902320501826e-07	3.05902320501826e-07	1.66125125510576e-06	7.34079630279759e-06	2.75692205274567e-05	8.86897079018834e-05	0.000244393269559026	0.00057686393861115	0.00116691508301648	0.00202238855255953	0.0030052910445083	0.00383440493699229	0.00422144885419299	0.00406112715896165	0.00354085653197431	0.0031200749344426	0.00340094346812239	0.0050632153041731	0.00880897820732513	0.0151671550624833	0.0240577608262075	0.0345647296358786	0.0450517148417359	0.0537442516000375	0.0593497010534127	0.0613308842576475	0.0597803703857243	0.0550976585655055	0.0477821589961877	0.0385205041800112	0.0283957005454252	0.0188193502723827	0.0110522492573997	0.00568393168135505	0.00254588483611202	0.000986370801914638	0.000324761757329651	9.38789232057076e-05	2.32732385322192e-05	3.05902320501826e-07	3.05902320501826e-07	3.05902320501826e-07	2.03934880334551e-07	1.359565868897e-07	9.06377245931337e-08	6.04251497287556e-08	4.02834331525038e-08	2.68556221016692e-08	1.79037480677795e-08
2.68556221016692e-08	4.02834331525039e-08	6.04251497287558e-08	9.06377245931337e-08	1.359565868897e-07	2.03934880334551e-07	2.03934880334551e-07	2.03934880334551e-07	2.03934880334551e-07	2.03934880334551e-07	2.03934880334551e-07	2.03934880334551e-07	3.05902320501826e-07	4.15431777237063e-07	1.82721241016804e-06	6.86542040100878e-06	2.20919138859607e-05	6.08820445904725e-05	0.000143693308312972	0.000290524126562281	0.000503113683271483	0.000746544663431305	0.000949829619778442	0.00104652283108208	0.00102428022145603	0.000972761026053078	0.00113182534770117	0.00190660363119501	0.00386821550755415	0.00763906849844545	0.0135788106185535	0.0213326080898574	0.0297175099410384	0.0370894345410644	0.0421080523373241	0.0442976035228862	0.0439888399835939	0.0417913113346648	0.0381033872291951	0.0330446025627821	0.0267819586383403	0.0198754026823997	0.0132593038189204	0.00783865401726784	0.00406349791618263	0.00184123451109414	0.000725676211332434	0.000245227048775156	7.37124416273663e-05	1.9357187883788e-05	1.01856847568832e-06	2.85757723162799e-07	6.86561302831421e-08	3.05902320501826e-07	2.03934880334551e-07	1.359565868897e-07	9.06377245931335e-08	6.04251497287557e-08	4.02834331525038e-08	2.68556221016692e-08
1.79037480677795e-08	2.68556221016693e-08	4.02834331525039e-08	6.04251497287558e-08	9.06377245931337e-08	1.359565868897e-07	1.359565868897e-07	1.359565868897e-07	1.359565868897e-07	1.359565868897e-07	1.359565868897e-07	2.03934880334551e-07	3.05902320501826e-07	6.28940214434317e-08	2.75854981980815e-07	1.03615779254672e-06	3.33307097398421e-06	9.18199018027181e-06	2.1662206159968e-05	4.37709416377516e-05	7.57460248824431e-05	0.000112277350366569	0.000142593803886741	0.000170777287925028	0.000216820352279975	0.000370820758614364	0.000857114464292377	0.00209390376554901	0.00466822240250396	0.00912740887167004	0.0155439294677969	0.0231042817597097	0.0302010851400761	0.0351305979335454	0.0369793793273448	0.0359693260242752	0.0330239083422213	0.0290582483764699	0.0246125787941469	0.0199487099880701	0.0152968705593973	0.0109662119695835	0.00727944334112379	0.00444312252014467	0.00248540669736859	0.00127488134852278	0.000596673915692434	0.000249912180671383	9.66234313667732e-05	3.32609896078284e-05	8.67245051410318e-06	2.43304183499047e-06	5.84562458570105e-07	3.05902320501826e-07	2.03934880334551e-07	1.359565868897e-07	9.06377245931335e-08	6.04251497287557e-08	4.02834331525038e-08	2.68556221016692e-08
1.19358320451864e-08	1.79037480677795e-08	2.68556221016693e-08	4.02834331525039e-08	6.04251497287556e-08	9.06377245931335e-08	9.06377245931335e-08	9.06377245931335e-08	9.06377245931335e-08	9.06377245931335e-08	1.359565868897e-07	2.03934880334551e-07	3.05902320501826e-07	5.69591199188705e-09	2.49824333668905e-08	9.38382291449175e-08	3.01855064993781e-07	8.31554522622455e-07	1.96180840413055e-06	3.96365685871605e-06	6.85818359623264e-06	1.01623877817375e-05	1.28960294734896e-05	3.87984835724424e-05	0.000117461076334609	0.000372692474015704	0.00108602471518767	0.00276993121504603	0.00608964945778566	0.0115421538247081	0.0189020022507038	0.0268649992058833	0.0334003561308216	0.0367914716947095	0.0365812887602978	0.0336172724464201	0.0292220841146145	0.0243963635526312	0.0196793429171424	0.0154269945719666	0.0119372825253118	0.00930543804033152	0.00733085574033841	0.0056752974178238	0.00414205108025571	0.00274155659179664	0.00160366230521013	0.00081291821242599	0.000359345360744338	0.000136532094509655	4.41710461344604e-05	1.2392114889058e-05	2.97732864361508e-06	3.05902320501826e-07	2.03934880334551e-07	1.359565868897e-07	9.06377245931335e-08	6.04251497287557e-08	4.02834331525038e-08	2.68556221016692e-08
7.95722136345758e-09	1.19358320451864e-08	1.79037480677795e-08	2.68556221016692e-08	4.02834331525038e-08	6.04251497287557e-08	6.04251497287557e-08	6.04251497287557e-08	6.04251497287557e-08	6.04251497287556e-08	9.06377245931337e-08	1.359565868897e-07	2.03934880334551e-07	3.05902320501826e-07	3.05902320501826e-07	3.05902320501826e-07	3.05902320501826e-07	3.05902320501826e-07	3.05902320501826e-07	3.05902320501826e-07	3.05902320501826e-07	3.05902320501826e-07	3.05902320501826e-07	2.53476198337844e-05	0.000103288486442373	0.000355801161235095	0.00105038312654691	0.00266412973127428	0.00579182468176089	0.0108192486162158	0.0174048184653741	0.0242082123226246	0.029320473709118	0.0313170703211573	0.0300756996713531	0.0267071312878989	0.0226665340696381	0.019013370755241	0.0163160232228508	0.0148517962564667	0.01456836179889	0.0148810078416522	0.0147976811560249	0.0134963196618803	0.010902756387844	0.00765685608669809	0.00463618026072104	0.00240790285108685	0.00107497427120778	0.00041106632203201	0.000134579154308553	3.77559620568452e-05	9.07124476374465e-06	3.05902320501826e-07	2.03934880334551e-07	1.359565868897e-07	9.06377245931335e-08	6.04251497287557e-08	4.02834331525038e-08	2.68556221016692e-08
5.30481424230506e-09	7.95722136345758e-09	1.19358320451863e-08	1.79037480677795e-08	2.68556221016692e-08	4.02834331525038e-08	4.02834331525038e-08	4.02834331525038e-08	4.02834331525038e-08	4.02834331525039e-08	6.04251497287558e-08	9.06377245931337e-08	1.359565868897e-07	2.03934880334551e-07	2.03934880334551e-07	2.03934880334551e-07	2.03934880334551e-07	2.03934880334551e-07	2.03934880334551e-07	2.03934880334551e-07	2.03934880334551e-07	2.03934880334551e-07	3.05902320501826e-07	1.56440953920919e-05	6.30477992191381e-05	0.000216677243831425	0.000637868077534874	0.00161166077727606	0.00348818005158457	0.00647933698220306	0.0103471008955992	0.014251663110243	0.0170317146645555	0.0178773388626406	0.0168019485679015	0.0146520247479522	0.0125650532629688	0.0115187736972496	0.0121739768599598	0.0147575418600098	0.0187551831698425	0.0227273334998	0.0247821737981254	0.0236431120189996	0.0195001502959244	0.0138269295731342	0.00841026888170236	0.00438240135719619	0.00195743733247422	0.000748757508800015	0.000245280012575075	6.88129071375692e-05	1.6532984184323e-05	3.05902320501826e-07	2.03934880334551e-07	1.359565868897e-07	9.06377245931335e-08	6.04251497287557e-08	4.02834331525038e-08	2.68556221016692e-08
3.53654282820338e-09	5.30481424230504e-09	7.95722136345756e-09	1.19358320451863e-08	1.79037480677795e-08	2.68556221016692e-08	2.68556221016692e-08	2.68556221016692e-08	2.68556221016692e-08	2.68556221016693e-08	4.02834331525039e-08	6.04251497287558e-08	9.06377245931337e-08	1.359565868897e-07	1.359565868897e-07	1.359565868897e-07	1.359565868897e-07	1.359565868897e-07	1.359565868897e-07	1.359565868897e-07	1.359565868897e-07	2.03934880334551e-07	3.05902320501826e-07	5.78184438919409e-06	2.32173354303532e-05	7.97309226531275e-05	0.000234502458331759	0.00059161377623394	0.00127827423448108	0.0023688883672458	0.0037703731907386	0.00516723868577715	0.00612721837616736	0.00637415321859091	0.00594242775362038	0.00525829719882805	0.00496134803569288	0.0057548092422735	0.00824837106006381	0.0126499029160252	0.0183209667251285	0.0236141539597811	0.0264614859332359	0.0255472639090215	0.0211770090097672	0.0150487814338593	0.00916221453894325	0.00477759279994111	0.00213400819375442	0.000816312848149099	0.00026741808826523	7.50237081346738e-05	1.80251907910258e-05	3.05902320501826e-07	2.03934880334551e-07	1.359565868897e-07	9.06377245931335e-08	6.04251497287557e-08	4.02834331525038e-08	2.68556221016692e-08
2.35769521880224e-09	3.53654282820336e-09	5.30481424230504e-09	7.95722136345756e-09	1.19358320451863e-08	1.79037480677795e-08	1.79037480677795e-08	1.79037480677795e-08	1.79037480677795e-08	1.79037480677795e-08	2.68556221016693e-08	4.02834331525039e-08	6.04251497287556e-08	9.06377245931335e-08	9.06377245931335e-08	9.06377245931335e-08	9.06377245931335e-08	9.06377245931335e-08	9.06377245931335e-08	9.06377245931335e-08	1.359565868897e-07	2.03934880334551e-07	3.05902320501826e-07	1.27850063288401e-06	5.12488301840503e-06	1.75930267927469e-05	5.17214593177258e-05	0.000130374258159103	0.000281427658530369	0.000520826094389143	0.00082722714142636	0.00112990772572859	0.0013323721452545	0.00138722221075405	0.00131602785753119	0.00127745599055978	0.00154390451673171	0.00248467524925933	0.00447251106604841	0.00764400017016872	0.0115803553598774	0.015202017888308	0.0171640225924105	0.0166237317562223	0.0137979848322865	0.00981056792404742	0.00597443022853084	0.00311588920524845	0.00139177476467084	0.0005323895313315	0.000174406896821361	4.89295702047738e-05	1.17558150642293e-05	3.05902320501826e-07	2.03934880334551e-07	1.359565868897e-07	9.06377245931335e-08	6.04251497287557e-08	4.02834331525038e-08	2.68556221016692e-08
1.57179681253483e-09	2.35769521880224e-09	3.53654282820336e-09	5.30481424230504e-09	7.95722136345753e-09	1.19358320451863e-08	1.19358320451863e-08	1.19358320451863e-08	1.19358320451863e-08	1.19358320451864e-08	1.79037480677795e-08	2.68556221016692e-08	4.02834331525038e-08	6.04251497287557e-08	6.04251497287557e-08	6.04251497287557e-08	6.04251497287557e-08	6.04251497287557e-08	6.04251497287556e-08	9.06377245931335e-08	1.359565868897e-07	2.03934880334551e-07	3.05902320501826e-07	1.69114073549959e-07	6.77895514024446e-07	2.32712315541335e-06	6.84147230763448e-06	1.72408691182881e-05	3.72071957438153e-05	6.8824524055061e-05	0.000109210928337524	0.000148898522950307	0.000174964213232886	0.00018645156153014	0.000191227988477186	0.000234432641299741	0.000401862324661879	0.000824707181812146	0.00164497989937796	0.00291711848059872	0.00447899764862323	0.0059100449001182	0.00668653923341999	0.00648160615363834	0.00538171314341028	0.00382704335873337	0.00233073655565632	0.001215623639158	0.000542982818987149	0.000207704849850467	6.80425819541716e-05	1.90892352958427e-05	4.58637831716721e-06	3.05902320501826e-07	2.03934880334551e-07	1.359565868897e-07	9.06377245931335e-08	6.04251497287557e-08	4.02834331525038e-08	2.68556221016692e-08
1.04786454168989e-09	1.57179681253483e-09	2.35769521880224e-09	3.53654282820335e-09	5.30481424230502e-09	7.95722136345754e-09	7.95722136345754e-09	7.95722136345754e-09	7.95722136345754e-09	7.95722136345758e-09	1.19358320451863e-08	1.79037480677795e-08	2.68556221016692e-08	4.02834331525038e-08	4.02834331525038e-08	4.02834331525038e-08	4.02834331525038e-08	4.02834331525038e-08	6.04251497287557e-08	9.06377245931335e-08	1.359565868897e-07	2.03934880334551e-07	3.05902320501826e-07	1.33814387110307e-08	5.36396355606736e-08	1.84137577810665e-07	5.4134313281017e-07	1.36293905414948e-06	2.93869043025878e-06	5.42631298165457e-06	8.58083278315879e-06	1.16205754931846e-05	1.34771925230096e-05	1.53078933608174e-05	1.89077079325281e-05	3.3502979929683e-05	7.75277887058887e-05	0.000180608033073968	0.000375625053000503	0.000675356712426687	0.00104203407898883	0.00137752485979284	0.00155967106849879	0.00151233743093617	0.00125586008927956	0.000893115064856077	0.000543935206156042	0.000283700774962305	0.000126720673714909	4.84739066992986e-05	1.58796954986869e-05	4.45502265044755e-06	1.07036342576548e-06	3.05902320501826e-07	2.03934880334551e-07	1.359565868897e-07	9.06377245931335e-08	6.04251497287557e-08	4.02834331525038e-08	2.68556221016692e-08
6.98576361126592e-10	1.04786454168989e-09	1.57179681253482e-09	2.35769521880224e-09	3.53654282820335e-09	5.30481424230502e-09	5.30481424230502e-09	5.30481424230502e-09	5.30481424230502e-09	5.30481424230504e-09	7.95722136345756e-09	1.19358320451863e-08	1.79037480677795e-08	2.68556221016692e-08	2.68556221016692e-08	2.68556221016692e-08	2.68556221016692e-08	2.68556221016692e-08	4.02834331525038e-08	6.04251497287556e-08	9.06377245931337e-08	1.359565868897e-07	2.03934880334551e-07	3.05902320501826e-07	3.05902320501826e-07	3.05902320501826e-07	3.05902320501826e-07	3.05902320501826e-07	3.05902320501826e-07	3.05902320501826e-07	3.05902320501826e-07	3.05902320501826e-07	3.05902320501826e-07	2.68334598462969e-07	1.05010626025151e-06	3.51935778395257e-06	1.01010655908973e-05	2.4828161433672e-05	5.22631435320637e-05	9.42150090554782e-05	0.000145451518149005	0.000192304754265319	0.000217738577976845	0.000211132136100876	0.000175326232009808	0.000124684668625976	7.5936890555639e-05	3.96064723427412e-05	1.76910297809724e-05	6.76727247320871e-06	2.2169087154008e-06	6.21950121266608e-07	1.49429691987605e-07	3.05902320501826e-07	2.03934880334551e-07	1.359565868897e-07	9.06377245931335e-08	6.04251497287557e-08	4.02834331525038e-08	2.68556221016692e-08
4.65717574084395e-10	6.9857636112659e-10	1.04786454168988e-09	1.57179681253482e-09	2.35769521880224e-09	3.53654282820335e-09	3.53654282820335e-09	3.53654282820335e-09	3.53654282820335e-09	3.53654282820336e-09	5.30481424230504e-09	7.95722136345756e-09	1.19358320451863e-08	1.79037480677795e-08	1.79037480677795e-08	1.79037480677795e-08	1.79037480677795e-08	1.79037480677795e-08	2.68556221016692e-08	4.02834331525039e-08	6.04251497287558e-08	9.06377245931337e-08	1.359565868897e-07	2.03934880334551e-07	2.03934880334551e-07	2.03934880334551e-07	2.03934880334551e-07	2.03934880334551e-07	2.03934880334551e-07	2.03934880334551e-07	2.03934880334551e-07	2.03934880334551e-07	3.05902320501826e-07	2.24092111491348e-08	8.76966781391476e-08	2.93909291391017e-07	8.43562153200736e-07	2.07345424406292e-06	4.36460980222489e-06	7.86810215095399e-06	1.21469754583775e-05	1.60597920208517e-05	1.8183826450799e-05	1.76321079926089e-05	1.46418783697481e-05	1.04126902840858e-05	6.34165636566204e-06	3.30762341749732e-06	1.47741671807616e-06	5.65149774291182e-07	1.8513891159149e-07	5.19404194297994e-08	1.24792014853147e-08	3.05902320501826e-07	2.03934880334551e-07	1.359565868897e-07	9.06377245931335e-08	6.04251497287557e-08	4.02834331525038e-08	2.68556221016692e-08
3.10478382722929e-10	4.65717574084393e-10	6.9857636112659e-10	1.04786454168988e-09	1.57179681253482e-09	2.35769521880223e-09	2.35769521880223e-09	2.35769521880223e-09	2.35769521880223e-09	2.35769521880224e-09	3.53654282820336e-09	5.30481424230504e-09	7.95722136345753e-09	1.19358320451863e-08	1.19358320451863e-08	1.19358320451863e-08	1.19358320451863e-08	1.19358320451863e-08	1.79037480677795e-08	2.68556221016693e-08	4.02834331525039e-08	6.04251497287558e-08	9.06377245931337e-08	1.359565868897e-07	1.359565868897e-07	1.359565868897e-07	1.359565868897e-07	1.359565868897e-07	1.359565868897e-07	1.359565868897e-07	1.359565868897e-07	1.359565868897e-07	2.03934880334551e-07	3.05902320501826e-07	3.05902320501826e-07	3.05902320501826e-07	3.05902320501826e-07	3.05902320501826e-07	3.05902320501826e-07	3.05902320501826e-07	3.05902320501826e-07	3.05902320501826e-07	3.05902320501826e-07	3.05902320501826e-07	3.05902320501826e-07	3.05902320501826e-07	3.05902320501826e-07	3.05902320501826e-07	3.05902320501826e-07	3.05902320501826e-07	3.05902320501826e-07	3.05902320501826e-07	3.05902320501826e-07	2.03934880334551e-07	1.359565868897e-07	9.06377245931337e-08	6.04251497287556e-08	4.02834331525038e-08	2.68556221016692e-08	1.79037480677795e-08
2.06985588481953e-10	3.10478382722929e-10	4.65717574084393e-10	6.9857636112659e-10	1.04786454168988e-09	1.57179681253482e-09	1.57179681253482e-09	1.57179681253482e-09	1.57179681253482e-09	1.57179681253483e-09	2.35769521880224e-09	3.53654282820335e-09	5.30481424230502e-09	7.95722136345754e-09	7.95722136345754e-09	7.95722136345754e-09	7.95722136345754e-09	7.95722136345758e-09	1.19358320451864e-08	1.79037480677795e-08	2.68556221016693e-08	4.02834331525039e-08	6.04251497287556e-08	9.06377245931335e-08	9.06377245931335e-08	9.06377245931335e-08	9.06377245931335e-08	9.06377245931335e-08	9.06377245931335e-08	9.06377245931335e-08	9.06377245931335e-08	9.06377245931337e-08	1.359565868897e-07	2.03934880334551e-07	2.03934880334551e-07	2.03934880334551e-07	2.03934880334551e-07	2.03934880334551e-07	2.03934880334551e-07	2.03934880334551e-07	2.03934880334551e-07	2.03934880334551e-07	2.03934880334551e-07	2.03934880334551e-07	2.03934880334551e-07	2.03934880334551e-07	2.03934880334551e-07	2.03934880334551e-07	2.03934880334551e-07	2.03934880334551e-07	2.03934880334551e-07	2.03934880334551e-07	2.03934880334551e-07	1.359565868897e-07	9.06377245931337e-08	6.04251497287558e-08	4.02834331525039e-08	2.68556221016692e-08	1.79037480677795e-08	1.19358320451863e-08
1.37990392321302e-10	2.06985588481953e-10	3.10478382722929e-10	4.65717574084392e-10	6.98576361126587e-10	1.04786454168988e-09	1.04786454168988e-09	1.04786454168988e-09	1.04786454168988e-09	1.04786454168989e-09	1.57179681253482e-09	2.35769521880224e-09	3.53654282820335e-09	5.30481424230502e-09	5.30481424230502e-09	5.30481424230502e-09	5.30481424230502e-09	5.30481424230506e-09	7.95722136345758e-09	1.19358320451864e-08	1.79037480677795e-08	2.68556221016692e-08	4.02834331525038e-08	6.04251497287557e-08	6.04251497287557e-08	6.04251497287557e-08	6.04251497287557e-08	6.04251497287557e-08	6.04251497287557e-08	6.04251497287557e-08	6.04251497287557e-08	6.04251497287558e-08	9.06377245931337e-08	1.359565868897e-07	1.359565868897e-07	1.359565868897e-07	1.359565868897e-07	1.359565868897e-07	1.359565868897e-07	1.359565868897e-07	1.359565868897e-07	1.359565868897e-07	1.359565868897e-07	1.359565868897e-07	1.359565868897e-07	1.359565868897e-07	1.359565868897e-07	1.359565868897e-07	1.359565868897e-07	1.359565868897e-07	1.359565868897e-07	1.359565868897e-07	1.359565868897e-07	9.06377245931337e-08	6.04251497287558e-08	4.02834331525039e-08	2.68556221016693e-08	1.79037480677795e-08	1.19358320451863e-08	7.95722136345756e-09
9.19935948808681e-11	1.37990392321302e-10	2.06985588481952e-10	3.10478382722928e-10	4.65717574084392e-10	6.98576361126588e-10	6.98576361126588e-10	6.98576361126588e-10	6.98576361126588e-10	6.9857636112659e-10	1.04786454168988e-09	1.57179681253482e-09	2.35769521880224e-09	3.53654282820335e-09	3.53654282820335e-09	3.53654282820335e-09	3.53654282820335e-09	3.53654282820338e-09	5.30481424230506e-09	7.95722136345758e-09	1.19358320451863e-08	1.79037480677795e-08	2.68556221016692e-08	4.02834331525038e-08	4.02834331525038e-08	4.02834331525038e-08	4.02834331525038e-08	4.02834331525038e-08	4.02834331525038e-08	4.02834331525038e-08	4.02834331525038e-08	4.02834331525039e-08	6.04251497287556e-08	9.06377245931335e-08	9.06377245931335e-08	9.06377245931335e-08	9.06377245931335e-08	9.06377245931335e-08	9.06377245931335e-08	9.06377245931335e-08	9.06377245931335e-08	9.06377245931335e-08	9.06377245931335e-08	9.06377245931335e-08	9.06377245931335e-08	9.06377245931335e-08	9.06377245931335e-08	9.06377245931335e-08	9.06377245931335e-08	9.06377245931335e-08	9.06377245931335e-08	9.06377245931335e-08	9.06377245931335e-08	6.04251497287556e-08	4.02834331525039e-08	2.68556221016693e-08	1.79037480677795e-08	1.19358320451864e-08	7.95722136345758e-09	5.30481424230504e-09
6.13290632539121e-11	9.19935948808677e-11	1.37990392321302e-10	2.06985588481952e-10	3.10478382722928e-10	4.65717574084392e-10	4.65717574084392e-10	4.65717574084392e-10	4.65717574084392e-10	4.65717574084393e-10	6.9857636112659e-10	1.04786454168988e-09	1.57179681253482e-09	2.35769521880223e-09	2.35769521880223e-09	2.35769521880223e-09	2.35769521880223e-09	2.35769521880225e-09	3.53654282820338e-09	5.30481424230504e-09	7.95722136345756e-09	1.19358320451863e-08	1.79037480677795e-08	2.68556221016692e-08	2.68556221016692e-08	2.68556221016692e-08	2.68556221016692e-08	2.68556221016692e-08	2.68556221016692e-08	2.68556221016692e-08	2.68556221016692e-08	2.68556221016692e-08	4.02834331525038e-08	6.04251497287557e-08	6.04251497287557e-08	6.04251497287557e-08	6.04251497287557e-08	6.04251497287557e-08	6.04251497287557e-08	6.04251497287557e-08	6.04251497287557e-08	6.04251497287557e-08	6.04251497287557e-08	6.04251497287557e-08	6.04251497287557e-08	6.04251497287557e-08	6.04251497287557e-08	6.04251497287557e-08	6.04251497287557e-08	6.04251497287557e-08	6.04251497287557e-08	6.04251497287557e-08	6.04251497287557e-08	4.02834331525038e-08	2.68556221016692e-08	1.79037480677795e-08	1.19358320451864e-08	7.95722136345758e-09	5.30481424230506e-09	3.53654282820338e-09
4.08860421692746e-11	6.13290632539119e-11	9.19935948808677e-11	1.37990392321302e-10	2.06985588481952e-10	3.10478382722928e-10	3.10478382722928e-10	3.10478382722928e-10	3.10478382722928e-10	3.10478382722929e-10	4.65717574084393e-10	6.9857636112659e-10	1.04786454168988e-09	1.57179681253482e-09	1.57179681253482e-09	1.57179681253482e-09	1.57179681253482e-09	1.57179681253484e-09	2.35769521880224e-09	3.53654282820336e-09	5.30481424230504e-09	7.95722136345756e-09	1.19358320451863e-08	1.79037480677795e-08	1.79037480677795e-08	1.79037480677795e-08	1.79037480677795e-08	1.79037480677795e-08	1.79037480677795e-08	1.79037480677795e-08	1.79037480677795e-08	1.79037480677795e-08	2.68556221016692e-08	4.02834331525038e-08	4.02834331525038e-08	4.02834331525038e-08	4.02834331525038e-08	4.02834331525038e-08	4.02834331525038e-08	4.02834331525038e-08	4.02834331525038e-08	4.02834331525038e-08	4.02834331525038e-08	4.02834331525038e-08	4.02834331525038e-08	4.02834331525038e-08	4.02834331525038e-08	4.02834331525038e-08	4.02834331525038e-08	4.02834331525038e-08	4.02834331525038e-08	4.02834331525038e-08	4.02834331525038e-08	2.68556221016692e-08	1.79037480677795e-08	1.19358320451863e-08	7.95722136345758e-09	5.30481424230506e-09	3.53654282820338e-09	2.35769521880225e-09
2.72573614461831e-11	4.08860421692746e-11	6.13290632539119e-11	9.19935948808677e-11	1.37990392321301e-10	2.06985588481952e-10	2.06985588481952e-10	2.06985588481952e-10	2.06985588481952e-10	2.06985588481953e-10	3.10478382722929e-10	4.65717574084392e-10	6.98576361126587e-10	1.04786454168988e-09	1.04786454168988e-09	1.04786454168988e-09	1.04786454168988e-09	1.04786454168989e-09	1.57179681253483e-09	2.35769521880224e-09	3.53654282820336e-09	5.30481424230504e-09	7.95722136345753e-09	1.19358320451863e-08	1.19358320451863e-08	1.19358320451863e-08	1.19358320451863e-08	1.19358320451863e-08	1.19358320451863e-08	1.19358320451863e-08	1.19358320451863e-08	1.19358320451863e-08	1.79037480677795e-08	2.68556221016692e-08	2.68556221016692e-08	2.68556221016692e-08	2.68556221016692e-08	2.68556221016692e-08	2.68556221016692e-08	2.68556221016692e-08	2.68556221016692e-08	2.68556221016692e-08	2.68556221016692e-08	2.68556221016692e-08	2.68556221016692e-08	2.68556221016692e-08	2.68556221016692e-08	2.68556221016692e-08	2.68556221016692e-08	2.68556221016692e-08	2.68556221016692e-08	2.68556221016692e-08	2.68556221016692e-08	1.79037480677795e-08	1.19358320451863e-08	7.95722136345756e-09	5.30481424230504e-09	3.53654282820338e-09	2.35769521880225e-09	1.57179681253484e-09
1.81715742974554e-11	2.72573614461831e-11	4.08860421692746e-11	6.13290632539117e-11	9.19935948808674e-11	1.37990392321301e-10	1.37990392321301e-10	1.37990392321301e-10	1.37990392321301e-10	1.37990392321302e-10	2.06985588481952e-10	3.10478382722928e-10	4.65717574084392e-10	6.98576361126588e-10	6.98576361126588e-10	6.98576361126588e-10	6.98576361126588e-10	6.98576361126592e-10	1.04786454168989e-09	1.57179681253483e-09	2.35769521880224e-09	3.53654282820335e-09	5.30481424230502e-09	7.95722136345754e-09	7.95722136345754e-09	7.95722136345754e-09	7.95722136345754e-09	7.95722136345754e-09	7.95722136345754e-09	7.95722136345754e-09	7.95722136345754e-09	7.95722136345756e-09	1.19358320451863e-08	1.79037480677795e-08	1.79037480677795e-08	1.79037480677795e-08	1.79037480677795e-08	1.79037480677795e-08	1.79037480677795e-08	1.79037480677795e-08	1.79037480677795e-08	1.79037480677795e-08	1.79037480677795e-08	1.79037480677795e-08	1.79037480677795e-08	1.79037480677795e-08	1.79037480677795e-08	1.79037480677795e-08	1.79037480677795e-08	1.79037480677795e-08	1.79037480677795e-08	1.79037480677795e-08	1.79037480677795e-08	1.19358320451863e-08	7.95722136345756e-09	5.30481424230504e-09	3.53654282820336e-09	2.35769521880224e-09	1.57179681253484e-09	1.04786454168989e-09
1.21143828649703e-11	1.81715742974554e-11	2.7257361446183e-11	4.08860421692745e-11	6.13290632539117e-11	9.19935948808675e-11	9.19935948808675e-11	9.19935948808675e-11	9.19935948808675e-11	9.19935948808677e-11	1.37990392321302e-10	2.06985588481952e-10	3.10478382722928e-10	4.65717574084392e-10	4.65717574084392e-10	4.65717574084392e-10	4.65717574084392e-10	4.65717574084395e-10	6.98576361126592e-10	1.04786454168989e-09	1.57179681253482e-09	2.35769521880224e-09	3.53654282820335e-09	5.30481424230502e-09	5.30481424230502e-09	5.30481424230502e-09	5.30481424230502e-09	5.30481424230502e-09	5.30481424230502e-09	5.30481424230502e-09	5.30481424230502e-09	5.30481424230504e-09	7.95722136345753e-09	1.19358320451863e-08	1.19358320451863e-08	1.19358320451863e-08	1.19358320451863e-08	1.19358320451863e-08	1.19358320451863e-08	1.19358320451863e-08	1.19358320451863e-08	1.19358320451863e-08	1.19358320451863e-08	1.19358320451863e-08	1.19358320451863e-08	1.19358320451863e-08	1.19358320451863e-08	1.19358320451863e-08	1.19358320451863e-08	1.19358320451863e-08	1.19358320451863e-08	1.19358320451863e-08	1.19358320451863e-08	7.95722136345753e-09	5.30481424230504e-09	3.53654282820336e-09	2.35769521880224e-09	1.57179681253483e-09	1.04786454168989e-09	6.98576361126595e-10
8.07625524331352e-12	1.21143828649702e-11	1.81715742974553e-11	2.7257361446183e-11	4.08860421692745e-11	6.13290632539117e-11	6.13290632539117e-11	6.13290632539117e-11	6.13290632539117e-11	6.13290632539119e-11	9.19935948808677e-11	1.37990392321302e-10	2.06985588481952e-10	3.10478382722928e-10	3.10478382722928e-10	3.10478382722928e-10	3.10478382722928e-10	3.1047838272293e-10	4.65717574084395e-10	6.9857636112659e-10	1.04786454168988e-09	1.57179681253482e-09	2.35769521880224e-09	3.53654282820335e-09	3.53654282820335e-09	3.53654282820335e-09	3.53654282820335e-09	3.53654282820335e-09	3.53654282820335e-09	3.53654282820335e-09	3.53654282820335e-09	3.53654282820335e-09	5.30481424230502e-09	7.95722136345754e-09	7.95722136345754e-09	7.95722136345754e-09	7.95722136345754e-09	7.95722136345754e-09	7.95722136345754e-09	7.95722136345754e-09	7.95722136345754e-09	7.95722136345754e-09	7.95722136345754e-09	7.95722136345754e-09	7.95722136345754e-09	7.95722136345754e-09	7.95722136345754e-09	7.95722136345754e-09	7.95722136345754e-09	7.95722136345754e-09	7.95722136345754e-09	7.95722136345754e-09	7.95722136345754e-09	5.30481424230502e-09	3.53654282820335e-09	2.35769521880224e-09	1.57179681253483e-09	1.04786454168989e-09	6.98576361126592e-10	4.65717574084395e-10
5.384170162209e-12	8.07625524331349e-12	1.21143828649702e-11	1.81715742974553e-11	2.7257361446183e-11	4.08860421692744e-11	4.08860421692744e-11	4.08860421692744e-11	4.08860421692744e-11	4.08860421692746e-11	6.13290632539119e-11	9.19935948808677e-11	1.37990392321301e-10	2.06985588481952e-10	2.06985588481952e-10	2.06985588481952e-10	2.06985588481952e-10	2.06985588481954e-10	3.10478382722929e-10	4.65717574084393e-10	6.9857636112659e-10	1.04786454168988e-09	1.57179681253482e-09	2.35769521880223e-09	2.35769521880223e-09	2.35769521880223e-09	2.35769521880223e-09	2.35769521880223e-09	2.35769521880223e-09	2.35769521880223e-09	2.35769521880223e-09	2.35769521880224e-09	3.53654282820335e-09	5.30481424230502e-09	5.30481424230502e-09	5.30481424230502e-09	5.30481424230502e-09	5.30481424230502e-09	5.30481424230502e-09	5.30481424230502e-09	5.30481424230502e-09	5.30481424230502e-09	5.30481424230502e-09	5.30481424230502e-09	5.30481424230502e-09	5.30481424230502e-09	5.30481424230502e-09	5.30481424230502e-09	5.30481424230502e-09	5.30481424230502e-09	5.30481424230502e-09	5.30481424230502e-09	5.30481424230502e-09	3.53654282820335e-09	2.35769521880224e-09	1.57179681253482e-09	1.04786454168989e-09	6.98576361126592e-10	4.65717574084395e-10	3.1047838272293e-10
