3.05902320501826e-07	3.05902320501826e-07	3.05902320501826e-07	3.05902320501826e-07	3.05902320501826e-07	3.05902320501826e-07	3.05902320501826e-07	3.05902320501826e-07	3.05902320501826e-07	3.05902320501826e-07	3.05902320501826e-07	3.05902320501826e-07	3.05902320501826e-07	3.05902320501826e-07	3.05902320501826e-07	2.03934880334551e-07	1.359565868897e-07	1.359565868897e-07	1.359565868897e-07	1.359565868897e-07	9.06377245931337e-08	6.04251497287558e-08	4.02834331525039e-08	2.68556221016693e-08	1.79037480677795e-08	1.79037480677795e-08	1.79037480677795e-08	1.19358320451863e-08	7.95722136345756e-09	5.30481424230504e-09	5.30481424230502e-09	3.53654282820335e-09	3.53654282820335e-09	3.53654282820335e-09	3.53654282820335e-09	3.53654282820335e-09	2.35769521880224e-09	1.57179681253482e-09	1.04786454168988e-09	1.04786454168988e-09	6.98576361126587e-10	4.65717574084392e-10	3.10478382722929e-10	2.06985588481953e-10	1.37990392321302e-10	1.37990392321301e-10	1.37990392321301e-10	1.37990392321301e-10	1.37990392321301e-10	1.37990392321301e-10	9.19935948808674e-11	6.13290632539117e-11	4.08860421692746e-11	2.72573614461831e-11	1.81715742974554e-11	1.21143828649703e-11	8.07625524331352e-12	5.38417016220904e-12	3.58944677480603e-12	2.39296451653735e-12
1.58690521231202e-07	7.5912189371294e-07	2.79825426206613e-06	7.94836783646583e-06	1.73973807030382e-05	2.93430263404206e-05	3.81365204951775e-05	3.81937547965428e-05	2.94753364693728e-05	1.75283208266062e-05	8.03224565718295e-06	2.83627787811091e-06	7.71748331751005e-07	1.61814616227725e-07	2.6144173818123e-08	3.05902320501826e-07	2.03934880334551e-07	2.03934880334551e-07	2.03934880334551e-07	2.03934880334551e-07	1.359565868897e-07	9.06377245931337e-08	6.04251497287558e-08	4.02834331525039e-08	2.68556221016693e-08	2.68556221016692e-08	2.68556221016692e-08	1.79037480677795e-08	1.19358320451863e-08	7.95722136345756e-09	7.95722136345754e-09	5.30481424230502e-09	5.30481424230502e-09	5.30481424230502e-09	5.30481424230502e-09	5.30481424230502e-09	3.53654282820335e-09	2.35769521880224e-09	1.57179681253482e-09	1.57179681253482e-09	1.04786454168988e-09	6.9857636112659e-10	4.65717574084393e-10	3.10478382722929e-10	2.06985588481953e-10	2.06985588481952e-10	2.06985588481952e-10	2.06985588481952e-10	2.06985588481952e-10	2.06985588481952e-10	1.37990392321301e-10	9.19935948808677e-11	6.13290632539119e-11	4.08860421692746e-11	2.72573614461831e-11	1.81715742974554e-11	1.21143828649703e-11	8.07625524331355e-12	5.38417016220904e-12	3.58944677480603e-12
1.42744503342685e-06	6.82841526096812e-06	2.51707166733186e-05	7.14967605121337e-05	0.00015649204808526	0.000263944921791027	0.000343043720259197	0.000343558551382012	0.000265135071240278	0.000157669874130654	7.22512540865979e-05	2.55127448011169e-05	6.94199196439989e-06	1.45554673636501e-06	2.35170763698962e-07	3.05902320501826e-07	3.05902320501826e-07	3.05902320501826e-07	3.05902320501826e-07	3.05902320501826e-07	2.03934880334551e-07	1.359565868897e-07	9.06377245931337e-08	6.04251497287558e-08	4.02834331525039e-08	4.02834331525038e-08	4.02834331525038e-08	2.68556221016692e-08	1.79037480677795e-08	1.19358320451863e-08	1.19358320451863e-08	7.95722136345753e-09	7.95722136345754e-09	7.95722136345754e-09	7.95722136345754e-09	7.95722136345754e-09	5.30481424230502e-09	3.53654282820335e-09	2.35769521880224e-09	2.35769521880223e-09	1.57179681253482e-09	1.04786454168988e-09	6.9857636112659e-10	4.65717574084393e-10	3.10478382722929e-10	3.10478382722928e-10	3.10478382722928e-10	3.10478382722928e-10	3.10478382722928e-10	3.10478382722928e-10	2.06985588481952e-10	1.37990392321302e-10	9.19935948808677e-11	6.13290632539119e-11	4.08860421692746e-11	2.72573614461832e-11	1.81715742974555e-11	1.21143828649703e-11	8.07625524331355e-12	5.38417016220904e-12
7.92659846816634e-06	3.79181717545043e-05	0.000139772922636744	0.00039702132066956	0.000869012224331341	0.00146575947020486	0.00190526418783504	0.00190900675491499	0.00147567363506682	0.00088271188359417	0.000412938608692772	0.000156450450801992	5.28988757440262e-05	1.88199892270379e-05	7.49684005818105e-06	2.750623614446e-06	9.41718377621317e-07	2.48442591575455e-07	5.05063730765607e-08	7.91191185958631e-09	3.05902320501826e-07	2.03934880334551e-07	1.359565868897e-07	9.06377245931337e-08	6.04251497287558e-08	6.04251497287557e-08	6.04251497287557e-08	4.02834331525038e-08	2.68556221016692e-08	1.79037480677795e-08	1.79037480677795e-08	1.19358320451863e-08	1.19358320451863e-08	1.19358320451863e-08	1.19358320451863e-08	1.19358320451863e-08	7.95722136345753e-09	5.30481424230504e-09	3.53654282820336e-09	3.53654282820335e-09	2.35769521880224e-09	1.57179681253482e-09	1.04786454168988e-09	6.9857636112659e-10	4.65717574084395e-10	4.65717574084392e-10	4.65717574084392e-10	4.65717574084392e-10	4.65717574084392e-10	4.65717574084392e-10	3.10478382722928e-10	2.06985588481952e-10	1.37990392321302e-10	9.19935948808677e-11	6.13290632539121e-11	4.08860421692747e-11	2.72573614461832e-11	1.81715742974555e-11	1.21143828649703e-11	8.07625524331358e-12
2.81925304810903e-05	0.000133142455070479	0.000486680075315742	0.00137485376860646	0.00299871894982576	0.00504664725085196	0.00655187481722894	0.00656488775620458	0.00508943809810526	0.00308113009491965	0.00150276163544049	0.000645502437644433	0.000287238230559203	0.000143733876942967	7.13750864158237e-05	2.97228493297358e-05	1.01760754550634e-05	2.68463546873665e-06	5.45764716503529e-07	8.54949993439932e-08	3.05902320501826e-07	2.03934880334551e-07	2.03934880334551e-07	1.359565868897e-07	9.06377245931337e-08	9.06377245931335e-08	9.06377245931335e-08	6.04251497287556e-08	4.02834331525039e-08	2.68556221016693e-08	2.68556221016692e-08	1.79037480677795e-08	1.79037480677795e-08	1.79037480677795e-08	1.79037480677795e-08	1.79037480677795e-08	1.19358320451863e-08	7.95722136345756e-09	5.30481424230504e-09	5.30481424230502e-09	3.53654282820335e-09	2.35769521880224e-09	1.57179681253482e-09	1.04786454168989e-09	6.98576361126592e-10	6.98576361126588e-10	6.98576361126588e-10	6.98576361126588e-10	6.98576361126588e-10	6.98576361126588e-10	4.65717574084392e-10	3.10478382722928e-10	2.06985588481952e-10	1.37990392321302e-10	9.19935948808681e-11	6.13290632539121e-11	4.08860421692747e-11	2.72573614461832e-11	1.81715742974555e-11	1.21143828649704e-11
6.78189080218422e-05	0.000307014603607598	0.00109023098934478	0.00302059057888195	0.00650497410742443	0.0108600576559215	0.0140407550347733	0.014077630929318	0.0110351472840181	0.00695896351266997	0.00383268502969467	0.00215250435932802	0.00135322979897758	0.000854067837067868	0.000465494591710273	0.000201924754381115	6.89936503611221e-05	1.81802299138525e-05	3.68957289698936e-06	5.77978060635e-07	3.05902320501826e-07	3.05902320501826e-07	3.05902320501826e-07	2.03934880334551e-07	1.359565868897e-07	1.359565868897e-07	1.359565868897e-07	9.06377245931337e-08	6.04251497287558e-08	4.02834331525039e-08	4.02834331525038e-08	2.68556221016692e-08	2.68556221016692e-08	2.68556221016692e-08	2.68556221016692e-08	2.68556221016692e-08	1.79037480677795e-08	1.19358320451863e-08	7.95722136345756e-09	7.95722136345754e-09	5.30481424230502e-09	3.53654282820335e-09	2.35769521880224e-09	1.57179681253483e-09	1.04786454168989e-09	1.04786454168988e-09	1.04786454168988e-09	1.04786454168988e-09	1.04786454168988e-09	1.04786454168988e-09	6.98576361126587e-10	4.65717574084392e-10	3.10478382722929e-10	2.06985588481953e-10	1.37990392321302e-10	9.19935948808681e-11	6.13290632539121e-11	4.08860421692749e-11	2.72573614461833e-11	1.81715742974555e-11
0.00013953099719228	0.000558771592057075	0.0018009038664631	0.0046402553779846	0.00949221295442581	0.015314544234791	0.0194295367286638	0.0194752458315155	0.0158156218885038	0.0112142050898504	0.00800019536187953	0.00630577673386432	0.00501628084747415	0.00348768222177423	0.00196102857940527	0.000866731344314842	0.000301995824100402	8.39598906408458e-05	1.93786437132313e-05	3.99930663009366e-06	4.9115559644702e-07	1.18595237782848e-07	2.20663514000126e-08	3.05902320501826e-07	2.03934880334551e-07	2.03934880334551e-07	2.03934880334551e-07	1.359565868897e-07	9.06377245931337e-08	6.04251497287558e-08	6.04251497287557e-08	4.02834331525038e-08	4.02834331525038e-08	4.02834331525038e-08	4.02834331525038e-08	4.02834331525038e-08	2.68556221016692e-08	1.79037480677795e-08	1.19358320451863e-08	1.19358320451863e-08	7.95722136345753e-09	5.30481424230504e-09	3.53654282820336e-09	2.35769521880224e-09	1.57179681253483e-09	1.57179681253482e-09	1.57179681253482e-09	1.57179681253482e-09	1.57179681253482e-09	1.57179681253482e-09	1.04786454168988e-09	6.9857636112659e-10	4.65717574084393e-10	3.10478382722929e-10	2.06985588481953e-10	1.37990392321302e-10	9.19935948808684e-11	6.13290632539123e-11	4.08860421692749e-11	2.72573614461833e-11
0.000308908740780546	0.00105879185741523	0.00290651552876951	0.00642852620689002	0.011522847525518	0.0167928860636253	0.0200580324534351	0.0201428906349341	0.0181942693877193	0.0165545454325543	0.0161861203860296	0.0157852000813685	0.0136255401316927	0.0096805554307182	0.0055057187253351	0.00250197028021945	0.000930676897530149	0.000298133492955445	8.79643944673247e-05	2.48802092545527e-05	5.66256752987897e-06	1.33585527591042e-06	2.48555106333817e-07	3.05902320501826e-07	3.05902320501826e-07	3.05902320501826e-07	3.05902320501826e-07	2.03934880334551e-07	1.359565868897e-07	9.06377245931337e-08	9.06377245931335e-08	6.04251497287556e-08	6.04251497287557e-08	6.04251497287557e-08	6.04251497287557e-08	6.04251497287557e-08	4.02834331525038e-08	2.68556221016692e-08	1.79037480677795e-08	1.79037480677795e-08	1.19358320451863e-08	7.95722136345756e-09	5.30481424230504e-09	3.53654282820336e-09	2.35769521880224e-09	2.35769521880223e-09	2.35769521880223e-09	2.35769521880223e-09	2.35769521880223e-09	2.35769521880223e-09	1.57179681253482e-09	1.04786454168988e-09	6.9857636112659e-10	4.65717574084393e-10	3.10478382722929e-10	2.06985588481954e-10	1.37990392321302e-10	9.19935948808684e-11	6.13290632539123e-11	4.08860421692749e-11
0.000621393572714956	0.00197605649001131	0.00491858810862032	0.00964072074069769	0.015103491233823	0.0193878464005096	0.0214514202758889	0.0223565934282155	0.0242414356155842	0.0278901474486062	0.0314757676126464	0.0318472423193514	0.0273353249510573	0.0194146512490184	0.0114098590418398	0.00569923338965844	0.00255900557489601	0.00109395546058758	0.000449842756854627	0.000173442266057629	6.00152743272507e-05	2.00209325002921e-05	6.29482298189783e-06	1.54824473800598e-06	4.09212306671265e-07	8.30181862548867e-08	1.32266849763551e-08	3.05902320501826e-07	2.03934880334551e-07	1.359565868897e-07	1.359565868897e-07	9.06377245931337e-08	9.06377245931335e-08	9.06377245931335e-08	9.06377245931335e-08	9.06377245931335e-08	6.04251497287556e-08	4.02834331525039e-08	2.68556221016693e-08	2.68556221016692e-08	1.79037480677795e-08	1.19358320451863e-08	7.95722136345756e-09	5.30481424230504e-09	3.53654282820338e-09	3.53654282820335e-09	3.53654282820335e-09	3.53654282820335e-09	3.53654282820335e-09	3.53654282820335e-09	2.35769521880224e-09	1.57179681253482e-09	1.04786454168988e-09	6.9857636112659e-10	4.65717574084395e-10	3.1047838272293e-10	2.06985588481954e-10	1.37990392321302e-10	9.19935948808684e-11	6.13290632539125e-11
0.000879395584275455	0.00274484339884579	0.00666100802515608	0.0126192625769353	0.0190240983199502	0.0237787310433539	0.0269025641205216	0.0310511517850424	0.0383733463306078	0.047277874236186	0.053190944079203	0.0522877375393795	0.0443500407747562	0.0326462021745029	0.0213777287360662	0.0129474671330741	0.00746187528431552	0.00405890163300018	0.00202582092423434	0.00092296112994232	0.000388510999961406	0.000153638417546128	5.54942173035083e-05	1.61521989122686e-05	4.23661272217091e-06	8.54363288508207e-07	1.33001668760072e-07	3.05902320501826e-07	2.03934880334551e-07	2.03934880334551e-07	2.03934880334551e-07	1.359565868897e-07	1.359565868897e-07	1.359565868897e-07	1.359565868897e-07	1.359565868897e-07	9.06377245931337e-08	6.04251497287558e-08	4.02834331525039e-08	4.02834331525038e-08	2.68556221016692e-08	1.79037480677795e-08	1.19358320451863e-08	7.95722136345758e-09	5.30481424230506e-09	5.30481424230502e-09	5.30481424230502e-09	5.30481424230502e-09	5.30481424230502e-09	5.30481424230502e-09	3.53654282820335e-09	2.35769521880224e-09	1.57179681253482e-09	1.04786454168989e-09	6.98576361126592e-10	4.65717574084395e-10	3.1047838272293e-10	2.06985588481954e-10	1.37990392321303e-10	9.19935948808687e-11
0.000795774553500052	0.00248696768388212	0.00607575364353376	0.0116912429697245	0.0182904994345861	0.0246947944232626	0.031635944516835	0.0414240203739399	0.0545094625695394	0.067208896176285	0.0742638723333685	0.073186571766532	0.0653881074116115	0.0540413225175458	0.041886107074003	0.0304610314267557	0.0205303698179422	0.0126564153251537	0.00715221033177739	0.0037776871862712	0.0018735151828023	0.000845446890081952	0.000331155648091752	0.000104148688661256	2.72173174866213e-05	5.46757204182088e-06	8.42652211772545e-07	3.05902320501826e-07	3.05902320501826e-07	3.05902320501826e-07	3.05902320501826e-07	2.03934880334551e-07	2.03934880334551e-07	2.03934880334551e-07	2.03934880334551e-07	2.03934880334551e-07	1.359565868897e-07	9.06377245931337e-08	6.04251497287558e-08	6.04251497287557e-08	4.02834331525038e-08	2.68556221016692e-08	1.79037480677795e-08	1.19358320451864e-08	7.95722136345758e-09	7.95722136345754e-09	7.95722136345754e-09	7.95722136345754e-09	7.95722136345754e-09	7.95722136345754e-09	5.30481424230502e-09	3.53654282820335e-09	2.35769521880224e-09	1.57179681253483e-09	1.04786454168989e-09	6.98576361126592e-10	4.65717574084395e-10	3.10478382722931e-10	2.06985588481954e-10	1.37990392321303e-10
0.000454135983035786	0.00144490260361668	0.00367062460634037	0.00756708615075695	0.0133140395329987	0.0212578206943593	0.0323940186729215	0.0473444518557258	0.064418734248093	0.0796559645842801	0.0899279598978805	0.0950055599713663	0.0955403579631289	0.0906475018440327	0.0793062816669416	0.063026265753293	0.0456217686379526	0.0306513699747775	0.0195639750251392	0.011912179613577	0.0066984668485935	0.00330457723947083	0.00138073749104262	0.00047694558124941	0.000142090932559989	3.74875059449438e-05	9.32724648400367e-06	1.84506666540907e-06	4.5329534908145e-07	8.80937680212492e-08	9.61207356351909e-09	3.05902320501826e-07	3.05902320501826e-07	3.05902320501826e-07	3.05902320501826e-07	3.05902320501826e-07	2.03934880334551e-07	1.359565868897e-07	9.06377245931337e-08	9.06377245931335e-08	6.04251497287556e-08	4.02834331525039e-08	2.68556221016693e-08	1.79037480677795e-08	1.19358320451864e-08	1.19358320451863e-08	1.19358320451863e-08	1.19358320451863e-08	1.19358320451863e-08	1.19358320451863e-08	7.95722136345753e-09	5.30481424230504e-09	3.53654282820336e-09	2.35769521880224e-09	1.57179681253483e-09	1.04786454168989e-09	6.98576361126595e-10	4.65717574084397e-10	3.10478382722931e-10	2.06985588481954e-10
0.00016892775020189	0.000569333149940312	0.00161720661322066	0.0039143594700453	0.0084639615891718	0.0166558736350727	0.0296790200887689	0.0473016156146874	0.0673768552075751	0.0874415875068089	0.106976968453477	0.126075167684588	0.140918649538492	0.143853615552503	0.130800937152322	0.106548973966624	0.0805170880863015	0.0589282681500812	0.0423517403581304	0.0289210024330981	0.0177931186148567	0.00951565758192335	0.00443458623663911	0.00186777382834248	0.000757956152961329	0.000307013221557815	0.000133498344338372	7.40307728713838e-05	5.61250836144581e-05	4.30358591517872e-05	2.76858668186434e-05	1.40456740772022e-05	5.53559528325827e-06	1.68133522340019e-06	3.93560314888449e-07	7.09960327915317e-08	3.05902320501826e-07	2.03934880334551e-07	1.359565868897e-07	1.359565868897e-07	9.06377245931337e-08	6.04251497287558e-08	4.02834331525039e-08	2.68556221016693e-08	1.79037480677795e-08	1.79037480677795e-08	1.79037480677795e-08	1.79037480677795e-08	1.79037480677795e-08	1.79037480677795e-08	1.19358320451863e-08	7.95722136345756e-09	5.30481424230504e-09	3.53654282820336e-09	2.35769521880224e-09	1.57179681253484e-09	1.04786454168989e-09	6.98576361126595e-10	4.65717574084397e-10	3.10478382722931e-10
5.27380286322124e-05	0.000206151905358571	0.000724699329277621	0.00214941779567479	0.00555826092807178	0.0125655384354171	0.0247723982189476	0.0429119102295748	0.0666935994676763	0.0959820533816214	0.131127561471776	0.169071752561608	0.198750865745487	0.205982503726067	0.18681349684664	0.152753413464866	0.119791139302351	0.0949581931551747	0.0753373421400149	0.0564878956709702	0.0383037875524164	0.0235207724858395	0.0136023727283001	0.00767840100653084	0.00421422506871375	0.00222368277687077	0.00122070668480305	0.000809727037015817	0.000635082636893712	0.00047694519955935	0.000298967352074811	0.000148627862752235	5.76803854435731e-05	1.73155167231073e-05	4.00188239045513e-06	7.17750272556279e-07	3.05902320501826e-07	3.05902320501826e-07	2.03934880334551e-07	2.03934880334551e-07	1.359565868897e-07	9.06377245931337e-08	6.04251497287558e-08	4.02834331525039e-08	2.68556221016692e-08	2.68556221016692e-08	2.68556221016692e-08	2.68556221016692e-08	2.68556221016692e-08	2.68556221016692e-08	1.79037480677795e-08	1.19358320451863e-08	7.95722136345756e-09	5.30481424230504e-09	3.53654282820338e-09	2.35769521880225e-09	1.57179681253484e-09	1.04786454168989e-09	6.98576361126595e-10	4.65717574084395e-10
5.40363526622617e-05	0.000233083882044997	0.000841037793020842	0.00240834665854767	0.00577811265800335	0.012116867051439	0.0229688248312032	0.040315331792579	0.0664441963904638	0.103741884553754	0.152920026215069	0.207759704770849	0.251318141706736	0.264384846817711	0.242761527882378	0.202749103314234	0.165766573092465	0.14024190220015	0.120726917101599	0.100243132917978	0.0784857514193884	0.0589770586938383	0.0431653736543942	0.0301025073486328	0.0193148600333789	0.011527624239305	0.00709937870496111	0.00511053123936134	0.00408868356731177	0.00305569554946424	0.00190616764883338	0.000949335388588024	0.000372255489402992	0.000114236790355607	2.74136638505526e-05	5.23214443072205e-06	1.96250571856455e-07	3.03051703795368e-08	3.05902320501826e-07	3.05902320501826e-07	2.03934880334551e-07	1.359565868897e-07	9.06377245931337e-08	6.04251497287556e-08	4.02834331525038e-08	4.02834331525038e-08	4.02834331525038e-08	4.02834331525038e-08	4.02834331525038e-08	4.02834331525038e-08	2.68556221016692e-08	1.79037480677795e-08	1.19358320451863e-08	7.95722136345758e-09	5.30481424230506e-09	3.53654282820338e-09	2.35769521880225e-09	1.57179681253484e-09	1.04786454168989e-09	6.98576361126592e-10
0.000139422033825356	0.000593715170972109	0.00200607531186459	0.0052703077975422	0.0111241959538084	0.0196840008741536	0.0311218448923435	0.0471989153851453	0.0716070892918807	0.10869290793557	0.160900111336511	0.223802602843251	0.281234967171691	0.311227862137595	0.303617155801074	0.270496381867348	0.234747531493062	0.209612187589563	0.192769871131109	0.177025607659482	0.159808453989863	0.141233400144504	0.11934383936035	0.0927325425351166	0.0649209420250479	0.0423378271164793	0.0284482069010818	0.0214814773602849	0.0172154809829949	0.0127511955203241	0.0079575264083523	0.00402907129603023	0.00164279774661578	0.000543361068814349	0.000148968736276648	3.54229157366264e-05	5.20878368279822e-06	1.14846955660026e-06	1.61352948764512e-07	2.68532386268244e-08	3.05902320501826e-07	2.03934880334551e-07	1.359565868897e-07	9.06377245931335e-08	6.04251497287556e-08	6.04251497287557e-08	6.04251497287557e-08	6.04251497287557e-08	6.04251497287557e-08	6.04251497287557e-08	4.02834331525038e-08	2.68556221016692e-08	1.79037480677795e-08	1.19358320451864e-08	7.95722136345758e-09	5.30481424230506e-09	3.53654282820338e-09	2.35769521880224e-09	1.57179681253483e-09	1.04786454168989e-09
0.000263475137326314	0.00111922007322507	0.00372135263369313	0.00957751751919491	0.0194646950814787	0.0321651642527789	0.0456677992508751	0.060468090071771	0.0806661468709455	0.111943305791687	0.159342069022543	0.22417203965424	0.2970329160347	0.356407327365822	0.382403842258256	0.374066634584776	0.348791851740141	0.324881423270138	0.309049418182072	0.29945605608431	0.292196736024672	0.280666036841392	0.255241486242001	0.211905498464023	0.159229277779466	0.112309476290876	0.0803622761124011	0.0616851366155991	0.0486842510049957	0.0357073818717097	0.0225731414552741	0.0119191230017003	0.00525082200081205	0.00196081686348362	0.000636035647027593	0.000183952801340766	4.15219554331025e-05	9.58582487186166e-06	1.50759679058997e-06	2.50902488493294e-07	3.05902320501826e-07	2.03934880334551e-07	1.359565868897e-07	9.06377245931335e-08	9.06377245931335e-08	9.06377245931335e-08	9.06377245931335e-08	9.06377245931335e-08	9.06377245931335e-08	9.06377245931335e-08	6.04251497287556e-08	4.02834331525039e-08	2.68556221016693e-08	1.79037480677795e-08	1.19358320451864e-08	7.95722136345758e-09	5.30481424230504e-09	3.53654282820336e-09	2.35769521880224e-09	1.57179681253483e-09
0.000312787643224374	0.00132902239555571	0.00439935990963235	0.0112687613436746	0.0226721574326187	0.0367393818465989	0.0504756274241454	0.0640292778833014	0.0822055360503763	0.111974604603307	0.160333811185469	0.232871250497905	0.326293306600864	0.421667037393384	0.492382078151086	0.523271863237354	0.519608629523141	0.498577878208464	0.476434898121485	0.462898236236153	0.458774105913711	0.453255091360673	0.428286235736437	0.373858974328546	0.298847230177157	0.224004972996634	0.165447039304128	0.125565416694194	0.0966910570467016	0.070985554911331	0.046811124335576	0.0269409128033708	0.0134804333924258	0.0059044372594267	0.00227296542712485	0.000765526519867964	0.000211789398867042	5.08763356628748e-05	8.69586041145037e-06	1.44721256402344e-06	3.05902320501826e-07	2.03934880334551e-07	1.359565868897e-07	1.359565868897e-07	1.359565868897e-07	1.359565868897e-07	1.359565868897e-07	1.359565868897e-07	1.359565868897e-07	1.359565868897e-07	9.06377245931337e-08	6.04251497287558e-08	4.02834331525039e-08	2.68556221016693e-08	1.79037480677795e-08	1.19358320451863e-08	7.95722136345756e-09	5.30481424230504e-09	3.53654282820336e-09	2.35769521880224e-09
0.000230964826572064	0.000981900913789514	0.00324480168404959	0.00831549254029863	0.0167370823152285	0.027242852300501	0.0381047013692097	0.0507468700347945	0.0709415854031424	0.106604429470444	0.165563503020084	0.254287464616883	0.371426785762279	0.500749868115365	0.614988062555567	0.691095368871095	0.721646075720983	0.715209245837939	0.689976151578191	0.665342064726601	0.651061106394561	0.639711263714394	0.611323032121874	0.550045187117552	0.458150586910441	0.354933386115776	0.262897194902588	0.193942513926818	0.145647421023441	0.1087957116682	0.0769403514929176	0.0494846619753729	0.0282765393371732	0.0141664240608663	0.00614021454977403	0.00226546199178124	0.000687698150710215	0.000170627933901761	3.09748900043672e-05	5.1532206396136e-06	3.05902320501826e-07	2.03934880334551e-07	2.03934880334551e-07	2.03934880334551e-07	2.03934880334551e-07	2.03934880334551e-07	2.03934880334551e-07	2.03934880334551e-07	2.03934880334551e-07	2.03934880334551e-07	1.359565868897e-07	9.06377245931337e-08	6.04251497287558e-08	4.02834331525039e-08	2.68556221016692e-08	1.79037480677795e-08	1.19358320451863e-08	7.95722136345756e-09	5.30481424230504e-09	3.53654282820335e-09
0.00010600841075678	0.000450934070959478	0.00148938620336568	0.00384932816113455	0.00786744049478402	0.0133536092993413	0.0205523620948697	0.0322930656296751	0.0544837550996423	0.0947756729238186	0.160886914465104	0.258892187679074	0.387794307052094	0.534478567846441	0.676510976290818	0.792987651717162	0.87182435746357	0.910894786744709	0.917087486315774	0.903804600472891	0.882548948925949	0.854381022808858	0.808939727212346	0.732471004517936	0.620579591545606	0.487183969605328	0.358984912921793	0.258072040124303	0.18907000729154	0.142346055387335	0.105742556954187	0.0734022661680761	0.0456659510495072	0.0248152661957493	0.0115380808750059	0.00450283517992732	0.00144042564311093	0.000369600621559044	7.10876741091409e-05	1.20069492427056e-05	1.22773381914026e-07	3.05902320501826e-07	3.05902320501826e-07	3.05902320501826e-07	3.05902320501826e-07	3.05902320501826e-07	3.05902320501826e-07	3.05902320501826e-07	3.05902320501826e-07	3.05902320501826e-07	2.03934880334551e-07	1.359565868897e-07	9.06377245931337e-08	6.04251497287556e-08	4.02834331525038e-08	2.68556221016692e-08	1.79037480677795e-08	1.19358320451863e-08	7.95722136345753e-09	5.30481424230502e-09
3.02381343988752e-05	0.000128698382190211	0.000425187645759785	0.00114095115865832	0.00248084985609093	0.00484958127572944	0.00943431137971166	0.0192156024316275	0.0389110712096844	0.0744286005905049	0.132334239469521	0.218405896609337	0.333154878695647	0.468394445524113	0.610669962607417	0.750001961211748	0.881115344427772	0.996963117809271	1.0853663261473	1.13489166167386	1.14127461352868	1.10866346561855	1.04321555874306	0.944844661736243	0.810746771759475	0.650225090221665	0.488529061528406	0.351569810079525	0.250099891464719	0.17934801435741	0.128079360476355	0.0878321801589565	0.0554647915069008	0.0311728878642248	0.0151373640154726	0.00619852061811502	0.00209196576721323	0.000570207941946058	0.000121646099638153	2.48077052596538e-05	6.87940623628032e-06	8.14112102893817e-06	8.86194113722832e-06	7.44316492196926e-06	4.8172762219038e-06	2.40248443853606e-06	9.2328279708393e-07	2.73416066221626e-07	6.23919334292255e-08	1.09710446812905e-08	3.05902320501826e-07	2.03934880334551e-07	1.359565868897e-07	9.06377245931335e-08	6.04251497287557e-08	4.02834331525038e-08	2.68556221016692e-08	1.79037480677795e-08	1.19358320451863e-08	7.95722136345754e-09
5.3593087049154e-06	2.28225244835722e-05	7.54696707188124e-05	0.000237909075432478	0.000634132201814771	0.00170068866312471	0.0044981923028211	0.0111394210798549	0.024557700417506	0.0484191077138225	0.087450750290585	0.146702391432198	0.228367635984762	0.329656811711647	0.446805810191286	0.582852229764355	0.745540926355938	0.933559970995024	1.12438697763351	1.27958930988581	1.36544897407993	1.3733298598691	1.31803256682748	1.21628357298001	1.07462465243736	0.899911907843002	0.709723893884373	0.526900209324811	0.369458669163561	0.246705876698026	0.158735116144524	0.0992326433254972	0.0598143177646817	0.0338942074170496	0.0173894779756644	0.00779607327795548	0.0029546735532216	0.000930731369614041	0.000248538533061275	8.52131837875268e-05	7.45841146789124e-05	9.67458723852947e-05	0.000105333488527644	8.84698414012284e-05	5.72583931439989e-05	2.8556053704903e-05	1.09741868523433e-05	3.24983743726791e-06	7.41593732379531e-07	1.30402401818979e-07	3.05902320501826e-07	2.03934880334551e-07	1.359565868897e-07	9.06377245931335e-08	6.04251497287557e-08	4.02834331525038e-08	2.68556221016692e-08	1.79037480677795e-08	1.19358320451863e-08	7.95722136345754e-09
5.90048329065988e-07	2.51401673664946e-06	8.31781328112316e-06	4.60979544690589e-05	0.00018147616388604	0.000672388129850102	0.00213110187435867	0.00573063248293117	0.0130750922710141	0.026247228889046	0.0481218994845127	0.0820672113693851	0.130420546334851	0.194052524843619	0.275958956209314	0.387222186219489	0.545413429407801	0.761112877269084	1.01908245739421	1.27254444674526	1.46389963637293	1.56060815023726	1.56819839833367	1.50802228279403	1.39275401557253	1.22706952390599	1.01996404128737	0.790331372183522	0.565434467902092	0.373533724684686	0.231632181056474	0.139223145601791	0.083482675840159	0.0497431552580483	0.0281622928739564	0.0142774339940002	0.00614651980415661	0.00221070920636251	0.000734685669484983	0.000418308583892586	0.000532004050128042	0.000714835897453231	0.000775431831638025	0.000650139413641172	0.000420435027233221	0.000209601866119674	8.05367219047525e-05	2.38461516726078e-05	5.44155114313791e-06	9.56846461483903e-07	3.05902320501826e-07	2.03934880334551e-07	1.359565868897e-07	9.06377245931335e-08	6.04251497287557e-08	4.02834331525038e-08	2.68556221016692e-08	1.79037480677795e-08	1.19358320451863e-08	7.95722136345754e-09
3.05902320501826e-07	3.05902320501826e-07	5.26095290283513e-09	8.95174556626835e-06	6.3190399072221e-05	0.000290257205529411	0.00104048658685934	0.00303935480368458	0.00732777888681124	0.0150607506327846	0.0272430967459472	0.0448410448875523	0.0692227908462437	0.103331193284114	0.153518059365244	0.232382320280289	0.359029216456377	0.551882213211998	0.811173012141485	1.10303370695232	1.36882894044571	1.56104760487272	1.66634825490112	1.69229470006226	1.64384826526692	1.52013097419707	1.32484919995373	1.07547283234334	0.80607566578069	0.558870376582468	0.3654366681368	0.233399953732128	0.149882552529755	0.0957075840718379	0.0576055315723644	0.0306709250632094	0.0137688930268432	0.00522816224605289	0.00206978394533977	0.00167635430596975	0.00242080934577438	0.00327479560924571	0.00353109221913819	0.00295215857923813	0.00190662259477884	0.000949943673770339	0.000364900750114327	0.000108017475838078	2.46489507906953e-05	4.33429011746217e-06	3.05902320501826e-07	2.03934880334551e-07	1.359565868897e-07	9.06377245931335e-08	6.04251497287557e-08	4.02834331525038e-08	2.68556221016692e-08	1.79037480677795e-08	1.19358320451863e-08	7.95722136345754e-09
2.03934880334551e-07	2.03934880334551e-07	3.05902320501826e-07	2.0331481608237e-06	3.96251470464309e-05	0.000203996875068603	0.000814674364447072	0.00256969233859457	0.00641427215889687	0.0128658282021329	0.0211852411900596	0.0300119069610626	0.0396110624082409	0.0539667172232641	0.0805058181676076	0.129832207651969	0.216724416167958	0.358997347545505	0.566915288013235	0.826882821337459	1.10032247695664	1.34600496620588	1.53842894046952	1.66314316602675	1.70589642462219	1.6552561095273	1.51102210021454	1.2897126230548	1.02563863885018	0.763458098221923	0.540853395629149	0.373446251183525	0.254434346028779	0.167680525300107	0.102003299709129	0.0545018145537312	0.024810974042447	0.0100088702210875	0.00488048643238753	0.00489668268585615	0.00713965594324942	0.0094300312974288	0.0100104781153682	0.00830796572599521	0.00534738097989147	0.00266002965740681	0.00102104433308217	0.000302056930509552	6.89276097071489e-05	1.21202829325604e-05	3.05902320501826e-07	2.03934880334551e-07	1.359565868897e-07	9.06377245931337e-08	6.04251497287558e-08	4.02834331525039e-08	2.68556221016692e-08	1.79037480677795e-08	1.19358320451863e-08	7.95722136345756e-09
1.359565868897e-07	2.03934880334551e-07	3.05902320501826e-07	2.87276642519769e-07	3.46913083720953e-05	0.000186394899921959	0.000771670847961804	0.00247548603454596	0.00615897702265156	0.0119613563566878	0.0183166831982615	0.0227957872214327	0.0249928983682213	0.0286836828901025	0.0405649350115668	0.0683660282621568	0.121173511148272	0.210879008604772	0.34874680301497	0.536107094434377	0.759599801584866	0.998076910738963	1.22830036681583	1.42249092557889	1.54875465353645	1.58231460608689	1.51626443342277	1.36392844358478	1.15435164741228	0.924178648329361	0.706272074529511	0.51953266505864	0.366919970402943	0.243690128895168	0.147388124506062	0.0789118932015698	0.0373109782236744	0.0170246902528945	0.0103041612670024	0.0107658258938667	0.0142483564820602	0.0175195927317024	0.017898061418351	0.0145801333237045	0.00930239762716161	0.00460841477124953	0.00176554142349541	0.000521437958785907	0.000118989066230184	2.09231272449221e-05	3.05902320501826e-07	3.05902320501826e-07	2.03934880334551e-07	1.359565868897e-07	9.06377245931337e-08	6.04251497287556e-08	4.02834331525038e-08	2.68556221016692e-08	1.79037480677795e-08	1.19358320451863e-08
1.359565868897e-07	2.03934880334551e-07	3.05902320501826e-07	2.55517715611836e-08	2.36812481629294e-05	0.000127792586282722	0.000531173815534038	0.00170340540864126	0.00421612037841	0.0080750297721827	0.0120337052453731	0.0142002546339029	0.0141778186200588	0.014585458747768	0.0200626821661041	0.0353870350286903	0.064935724090307	0.114202331081545	0.19059040460913	0.301215509266148	0.449290604449354	0.632714442123725	0.840542347873513	1.04795011775326	1.21860262804251	1.31922268783504	1.33468550845119	1.27136473048044	1.14854860480821	0.988440483576137	0.810582751602753	0.630260936271005	0.459398383400982	0.308995086788178	0.189188029290351	0.105157915259114	0.0545174864189536	0.0292838271118312	0.0200697290566013	0.0189874639299652	0.0208195536358596	0.0221884171813149	0.020823958042574	0.0162310809358514	0.0101433937332663	0.00498454453670656	0.00190871936825621	0.000565845210760643	0.000130977749856121	2.36187090425386e-05	3.22353520788886e-07	6.06128151516921e-08	3.05902320501826e-07	2.03934880334551e-07	1.359565868897e-07	9.06377245931335e-08	6.04251497287557e-08	4.02834331525038e-08	2.68556221016692e-08	1.79037480677795e-08
9.06377245931337e-08	1.359565868897e-07	2.03934880334551e-07	3.05902320501826e-07	1.03176389575018e-05	5.56750437557711e-05	0.000231450092931854	0.000741626513093474	0.00183189968769184	0.00349200102188498	0.00516593145351988	0.00602074807685561	0.00595828450360371	0.0063567466750867	0.0096597534386214	0.0182103425352156	0.0334653494721532	0.0568497095536169	0.0916652902183031	0.144377624351926	0.223316136299429	0.335909356804162	0.482726892438484	0.650540909961608	0.812223710014613	0.938522194664193	1.01234050612451	1.03239905822595	1.00466326154198	0.933470473446752	0.821219398664072	0.675225341053892	0.512929763014928	0.358296573572958	0.231137886030657	0.139403123172032	0.0807947432873487	0.048231563964982	0.0331996681451937	0.0271733982853011	0.0240465327316784	0.0209064964268232	0.0168860360156002	0.0120687695765255	0.00728775735763923	0.00360032033751989	0.00143712902288546	0.000461513112167419	0.000122845921508358	2.71529070799553e-05	3.04617314866974e-06	5.7277838792798e-07	3.05902320501826e-07	2.03934880334551e-07	1.359565868897e-07	9.06377245931335e-08	6.04251497287557e-08	4.02834331525038e-08	2.68556221016692e-08	1.79037480677795e-08
9.06377245931335e-08	1.359565868897e-07	2.03934880334551e-07	3.05902320501826e-07	2.79094628298406e-06	1.50539365522489e-05	6.25653183363598e-05	0.000200384215591035	0.000494605610095431	0.000941283284952545	0.001395490738166	0.00164943129906767	0.001762131908322	0.00232980493161095	0.00439818698421901	0.00889889908682453	0.0160187400293132	0.0255023954302177	0.0381545306567592	0.0577603146238882	0.0911933082067811	0.146577629458532	0.22864334828766	0.333260762458421	0.446822617091146	0.553518314434761	0.643373535377212	0.712392005290001	0.755274012728696	0.760842536613643	0.717480405763609	0.625427119759205	0.502527775774681	0.375047484238908	0.262728883773661	0.173549663895174	0.108768729443174	0.0668963559586341	0.0433451050458524	0.0306855390042182	0.0225633545662376	0.0161592016423125	0.0111535545814266	0.00752837221811663	0.00490765943698966	0.00295860743017695	0.00157490422607967	0.000708093200067976	0.00026385466313753	7.87824853933722e-05	1.77703430210018e-05	3.34139522992697e-06	3.05902320501826e-07	2.03934880334551e-07	1.359565868897e-07	9.06377245931335e-08	6.04251497287557e-08	4.02834331525038e-08	2.68556221016692e-08	1.79037480677795e-08
9.06377245931335e-08	1.359565868897e-07	2.03934880334551e-07	3.05902320501826e-07	4.66059845362441e-07	2.51339172051879e-06	1.04446478023222e-05	3.34458737693102e-05	8.25289688995907e-05	0.000156952746013275	0.000238607061680053	0.000312051428011434	0.000472651141815344	0.00104997572378166	0.00262281200202611	0.00566501462398614	0.00989901637911772	0.0142143241948135	0.0178760024665979	0.0224663589742325	0.032349971182273	0.0531316065092166	0.088712922737709	0.138787924770627	0.199414191551665	0.266805889736809	0.339308443424278	0.414043115366431	0.481208422783467	0.52404295227801	0.527582309187999	0.489861442561617	0.423262374178796	0.344013674591929	0.262860837518664	0.186455098541185	0.121917260557139	0.0749639215393971	0.0456024199208015	0.0285714575508067	0.0182966811935683	0.0119757550056225	0.00878879267318507	0.00774001130812403	0.00717198924305338	0.00588482531599968	0.00392059942328393	0.00205257740449413	0.000836698941130692	0.000263758035212865	6.39964810753462e-05	1.20333938599019e-05	3.05902320501826e-07	2.03934880334551e-07	1.359565868897e-07	9.06377245931335e-08	6.04251497287557e-08	4.02834331525038e-08	2.68556221016692e-08	1.79037480677795e-08
9.06377245931335e-08	1.359565868897e-07	2.03934880334551e-07	3.05902320501826e-07	4.80453048772989e-08	2.5910121348149e-07	1.07672071085277e-06	3.44787738768722e-06	8.50776893020336e-06	1.61768770727864e-05	3.29827638834004e-05	8.50666856775313e-05	0.000306093638681538	0.00107319034669613	0.00306048486695932	0.00680690476175403	0.0117394327793338	0.0157799981167101	0.0168424006156805	0.0152781371011832	0.0143492848827701	0.0181817577894032	0.0295785656924968	0.0494973855341038	0.0781620176758583	0.116442126055298	0.165112195736998	0.221523649952723	0.276658079439545	0.317807024933246	0.336164062569548	0.331865936176367	0.310192042756645	0.274339945314423	0.225202248436527	0.16778962417797	0.112981934201089	0.0705626873469588	0.0428448266242916	0.0260828184838347	0.0161730989830428	0.0113732031216718	0.0109145794406599	0.0127915927205025	0.01389822940369	0.0122487177105759	0.00842742317463256	0.00448629894698556	0.00184258168465955	0.000583298280880978	0.000142277241255039	2.67526909691558e-05	3.05902320501826e-07	2.03934880334551e-07	1.359565868897e-07	9.06377245931335e-08	6.04251497287557e-08	4.02834331525038e-08	2.68556221016692e-08	1.79037480677795e-08
6.04251497287556e-08	9.06377245931337e-08	1.359565868897e-07	2.03934880334551e-07	3.05902320501826e-07	3.05902320501826e-07	3.05902320501826e-07	3.05902320501826e-07	3.05902320501826e-07	3.05902320501826e-07	1.04951103705702e-05	6.64437454265735e-05	0.000324217633519534	0.00121914537314755	0.00353323031343843	0.00789232005044886	0.0135916781113252	0.0180630333919649	0.0185907984794605	0.0150644659887426	0.010449399823861	0.00850587724814683	0.0119047595457107	0.0222340091900074	0.0405091741275553	0.0669838891344309	0.10041097857477	0.137030315347229	0.170168739851856	0.193234053621386	0.204458400724362	0.207161290729308	0.203703069648727	0.191140738815577	0.165248591246858	0.128277040756706	0.089839553930274	0.0592285678389449	0.0387633823372554	0.0254345359721574	0.0167381851554654	0.0127108432152362	0.0135207828708153	0.0168891426510612	0.0188026790426376	0.0167130356805323	0.0115342026728474	0.00614989019577726	0.00252718322180999	0.000800255951565209	0.000195269239460916	3.67168886112692e-05	3.05902320501826e-07	2.03934880334551e-07	1.359565868897e-07	9.06377245931335e-08	6.04251497287557e-08	4.02834331525038e-08	2.68556221016692e-08	1.79037480677795e-08
4.02834331525039e-08	6.04251497287558e-08	9.06377245931337e-08	1.359565868897e-07	2.03934880334551e-07	2.03934880334551e-07	2.03934880334551e-07	2.03934880334551e-07	2.03934880334551e-07	3.05902320501826e-07	8.00853007543606e-06	5.07502790549985e-05	0.000247827873577508	0.000932564831633385	0.00270415744875024	0.00604240918763754	0.0104046896847514	0.0138087583474242	0.0141471007638922	0.0112794140369223	0.00743750491618699	0.00562259281982248	0.00836608718416929	0.0175639184504351	0.0339300231294719	0.0559631617769291	0.0801881289858196	0.102463514680362	0.118736596984203	0.126489070789106	0.127033849668068	0.124912567355274	0.122981633618525	0.118805064879138	0.107332466826811	0.0874610736446581	0.0644926109651242	0.0451653171707205	0.0316618945263684	0.0220498471459415	0.0149741162069739	0.0112782293348754	0.0116603078520405	0.0143588300199732	0.0159345203638554	0.0141577860477383	0.00976979521320049	0.0052100985603456	0.00214107853111068	0.000678007317395443	0.000165444102898442	3.1108805023688e-05	3.05902320501826e-07	2.03934880334551e-07	1.359565868897e-07	9.06377245931335e-08	6.04251497287557e-08	4.02834331525038e-08	2.68556221016692e-08	1.79037480677795e-08
2.68556221016693e-08	4.02834331525039e-08	6.04251497287558e-08	9.06377245931337e-08	1.359565868897e-07	1.359565868897e-07	1.359565868897e-07	1.359565868897e-07	2.03934880334551e-07	3.05902320501826e-07	3.81184828729872e-06	2.41588502744842e-05	0.000118029075668334	0.000444269463018908	0.001288744273801	0.00288121804142656	0.00496497488278725	0.0065957389736977	0.00677094428648934	0.00543367861980306	0.00374505369713796	0.00346162019151504	0.00649360071679156	0.014590811980112	0.0281985581685045	0.045141840251248	0.0613317114827475	0.0732025006483462	0.0790584094666077	0.0790573045566988	0.0753309654491779	0.0716008854948534	0.0707119861447514	0.0716258416703635	0.0695523040424795	0.0606874166028488	0.0466206447712312	0.0325782750331367	0.0219622248940689	0.0145893575764444	0.00947597546261038	0.00668677975542333	0.00641114507457183	0.0076062692975247	0.00835807419205991	0.00740961553820025	0.00510990631231366	0.00272510006355717	0.00111987387064393	0.000354626263270534	8.6534204699152e-05	1.62712097603037e-05	3.05902320501826e-07	2.03934880334551e-07	1.359565868897e-07	9.06377245931335e-08	6.04251497287557e-08	4.02834331525038e-08	2.68556221016692e-08	1.79037480677795e-08
1.79037480677795e-08	2.68556221016693e-08	4.02834331525039e-08	6.04251497287556e-08	9.06377245931335e-08	9.06377245931335e-08	9.06377245931335e-08	1.359565868897e-07	2.03934880334551e-07	3.05902320501826e-07	1.12179524068262e-06	7.10974866145205e-06	3.51015864861073e-05	0.000132885448127846	0.000388898283646532	0.000881312235571115	0.00155036194163013	0.00212467177461256	0.00228801040487215	0.00198230688977182	0.00159490694966022	0.00191139628596053	0.00413760192707663	0.00965865554152016	0.0190289450749097	0.0306678947661237	0.0410260254895401	0.0468171251240929	0.0472173236934366	0.0440497800450776	0.0403737446426976	0.0391841601992366	0.0422532449596592	0.0482981700985458	0.0522517284679021	0.0488610293567625	0.0380193347739098	0.0248340718619914	0.0143187491493848	0.00781074575519201	0.00427048700805238	0.0026082806887903	0.00222352703184105	0.00249805937204372	0.00270919317100168	0.00239449826709635	0.00164993370833058	0.000879909540487523	0.000361596888165649	0.000114505531937006	2.79410922598904e-05	5.25382274758609e-06	3.05902320501826e-07	2.03934880334551e-07	1.359565868897e-07	9.06377245931335e-08	6.04251497287557e-08	4.02834331525038e-08	2.68556221016692e-08	1.79037480677795e-08
1.19358320451864e-08	1.79037480677795e-08	2.68556221016692e-08	4.02834331525038e-08	6.04251497287557e-08	6.04251497287556e-08	9.06377245931335e-08	1.359565868897e-07	2.03934880334551e-07	3.05902320501826e-07	2.03803030188272e-07	1.29166916432915e-06	8.38911525268419e-06	3.58901609628141e-05	0.000123512576565452	0.000343381888124222	0.000771297477839258	0.00139402382217243	0.00201661995680217	0.00232681037627472	0.00221495301806174	0.00204938764468169	0.00276450399566171	0.00556484703437861	0.0112343315531049	0.0190615230898905	0.0263777008180317	0.0300495955790496	0.0291766016865268	0.0260631316149533	0.0241502054235384	0.0255724226026024	0.0305249294022458	0.0371564953337488	0.0413725495281377	0.0390226400352152	0.0299451692185783	0.0184746921596229	0.00930645887838452	0.00401535720760806	0.00162554419172601	0.0007347357212233	0.000498857384763335	0.000508569766864614	0.000542668520602707	0.000477804039348084	0.000328882773266601	0.000175393161821078	7.20774336472093e-05	2.28244908917665e-05	5.56952310516073e-06	1.04724922386461e-06	3.05902320501826e-07	2.03934880334551e-07	1.359565868897e-07	9.06377245931335e-08	6.04251497287557e-08	4.02834331525038e-08	2.68556221016692e-08	1.79037480677795e-08
7.95722136345758e-09	1.19358320451863e-08	1.79037480677795e-08	2.68556221016692e-08	4.02834331525038e-08	6.04251497287557e-08	9.06377245931335e-08	1.359565868897e-07	2.03934880334551e-07	3.05902320501826e-07	2.2857395269198e-08	1.44866308507934e-07	7.75754279004114e-06	4.38277025954062e-05	0.00019293902785067	0.000659425301878929	0.00174538214702699	0.00357151942467116	0.00564449310763214	0.00688708676977537	0.00652249180377342	0.00492771658845693	0.00348704292446677	0.00365308998560877	0.0062274926421625	0.0108538767812497	0.0157964947597424	0.0189206651665817	0.0198081313309401	0.0204412192967193	0.0228689276074519	0.0267732120551747	0.0301629522158877	0.031519313586576	0.0301148650647655	0.02548927895857	0.0182839915821766	0.0107134645631055	0.00503984692506451	0.00191148266898525	0.000607428198640687	0.000185988878964281	8.03946039838295e-05	6.42083639721139e-05	6.71815572430864e-05	5.88728711366347e-05	4.04701500313503e-05	2.15827284076626e-05	8.86937471550898e-06	2.80863166411637e-06	6.85348865889708e-07	1.28867598594651e-07	3.05902320501826e-07	2.03934880334551e-07	1.359565868897e-07	9.06377245931335e-08	6.04251497287557e-08	4.02834331525038e-08	2.68556221016692e-08	1.79037480677795e-08
5.30481424230504e-09	7.95722136345756e-09	1.19358320451863e-08	1.79037480677795e-08	2.68556221016692e-08	4.02834331525038e-08	6.04251497287556e-08	9.06377245931337e-08	1.359565868897e-07	2.03934880334551e-07	3.05902320501826e-07	3.05902320501826e-07	1.47453041556505e-05	8.60977143932483e-05	0.000387386637641028	0.00134311369214838	0.00358836029971227	0.00738744799001496	0.0117196082537097	0.0143272886559345	0.01351112340563	0.00987613027840586	0.00579895590541122	0.003359964119669	0.0032478595563172	0.00499133875160147	0.00760733665859734	0.010407560959289	0.0139561681282312	0.0196480227074216	0.0272483336501328	0.0334379892155693	0.0343651180395351	0.0295360362156795	0.0218783648279971	0.014465140128554	0.00861072690251372	0.00448292011402109	0.00195665585955928	0.000690556207730542	0.000194704730686916	4.57927657873561e-05	9.13366039549884e-06	7.87879191091863e-07	1.9568355740041e-07	3.74510644613322e-08	3.05902320501826e-07	3.05902320501826e-07	3.05902320501826e-07	3.05902320501826e-07	3.05902320501826e-07	3.05902320501826e-07	2.03934880334551e-07	1.359565868897e-07	9.06377245931337e-08	6.04251497287556e-08	4.02834331525038e-08	2.68556221016692e-08	1.79037480677795e-08	1.19358320451863e-08
3.53654282820336e-09	5.30481424230504e-09	7.95722136345756e-09	1.19358320451863e-08	1.79037480677795e-08	2.68556221016692e-08	4.02834331525039e-08	6.04251497287558e-08	9.06377245931337e-08	1.359565868897e-07	2.03934880334551e-07	3.05902320501826e-07	1.90385753632894e-05	0.000111166091033441	0.000500178878482728	0.00173417726616605	0.00463315420798071	0.00953839160017486	0.0151317464314517	0.0184977701140028	0.0174284605753967	0.0126689307808119	0.0071616459804059	0.00333020195250256	0.00174926026827391	0.0018124028190192	0.00294610633583833	0.00532244426645873	0.00999763401655154	0.0177850737261824	0.0270594723956599	0.0333194864544516	0.0325794622096188	0.0253135459809858	0.0158658881827396	0.0082705832819141	0.0037442943858859	0.00152492362248086	0.000558291129823496	0.000172274931509732	4.34991565819704e-05	9.46922990941943e-06	1.58957904804795e-06	3.05902320501826e-07	3.05902320501826e-07	3.05902320501826e-07	2.03934880334551e-07	2.03934880334551e-07	2.03934880334551e-07	2.03934880334551e-07	2.03934880334551e-07	2.03934880334551e-07	1.359565868897e-07	9.06377245931337e-08	6.04251497287558e-08	4.02834331525039e-08	2.68556221016692e-08	1.79037480677795e-08	1.19358320451863e-08	7.95722136345756e-09
3.53654282820335e-09	5.30481424230502e-09	7.95722136345754e-09	1.19358320451863e-08	1.79037480677795e-08	2.68556221016692e-08	4.02834331525038e-08	6.04251497287557e-08	9.06377245931335e-08	1.359565868897e-07	2.03934880334551e-07	3.05902320501826e-07	1.51751928011132e-05	8.86078307955447e-05	0.000398680614026183	0.00138227119746161	0.00369297634102222	0.00760282367683229	0.0120611422109353	0.0147440598226475	0.0138893383239455	0.0100850326201466	0.00565446722654636	0.00248153172683005	0.000963956219097444	0.000612890039930431	0.0010900866549528	0.00270214862095133	0.00627897647289572	0.0121787588589767	0.0188468791498283	0.0228931506027007	0.021725738962958	0.0161179482027504	0.00939142840173776	0.00434375664304093	0.00162916265297768	0.000513727027500366	0.000142583578568089	3.18773639873261e-05	6.40565005955974e-06	1.39723361470448e-06	2.35007920063755e-07	3.05902320501826e-07	2.03934880334551e-07	2.03934880334551e-07	1.359565868897e-07	1.359565868897e-07	1.359565868897e-07	1.359565868897e-07	1.359565868897e-07	1.359565868897e-07	9.06377245931337e-08	6.04251497287558e-08	4.02834331525039e-08	2.68556221016693e-08	1.79037480677795e-08	1.19358320451863e-08	7.95722136345756e-09	5.30481424230504e-09
3.53654282820335e-09	5.30481424230502e-09	7.95722136345754e-09	1.19358320451863e-08	1.79037480677795e-08	2.68556221016692e-08	4.02834331525038e-08	6.04251497287557e-08	9.06377245931335e-08	1.359565868897e-07	2.03934880334551e-07	3.05902320501826e-07	7.46711853381502e-06	4.36004460863271e-05	0.00019617512878316	0.000680161564508566	0.00181716914192777	0.003741052013681	0.00593481609905124	0.00725497486643412	0.0068341516759593	0.00496107850357791	0.00277650276656537	0.00120190572856333	0.0004260728357901	0.000207630019765256	0.000393368242682459	0.00114879903606682	0.00286241198469834	0.00564329742515983	0.00867920933617026	0.0103755321500077	0.00963551588839731	0.00695648632883258	0.00391106573195883	0.0017179096571431	0.000593389996346974	0.000163328077483834	3.67465984690281e-05	4.96037437460591e-06	5.85530087243184e-07	1.27953786166716e-07	2.15594667231923e-08	3.05902320501826e-07	2.03934880334551e-07	1.359565868897e-07	9.06377245931337e-08	9.06377245931335e-08	9.06377245931335e-08	9.06377245931335e-08	9.06377245931335e-08	9.06377245931335e-08	6.04251497287556e-08	4.02834331525039e-08	2.68556221016693e-08	1.79037480677795e-08	1.19358320451864e-08	7.95722136345758e-09	5.30481424230504e-09	3.53654282820336e-09
3.53654282820335e-09	5.30481424230502e-09	7.95722136345754e-09	1.19358320451863e-08	1.79037480677795e-08	2.68556221016692e-08	4.02834331525038e-08	6.04251497287557e-08	9.06377245931335e-08	1.359565868897e-07	2.03934880334551e-07	3.05902320501826e-07	2.26825006091133e-06	1.32442941736115e-05	5.95911589988311e-05	0.000206609350466261	0.000551992578957761	0.00113640106548154	0.00180279004775525	0.00220380821707564	0.00207595325755679	0.00150687237008279	0.000842850396279283	0.000363278459632899	0.000124950679582091	5.46683745004358e-05	0.000107787020074675	0.000336670180023189	0.00085638154020109	0.00168848431290284	0.00257478864024073	0.00303860190075628	0.00277711704775875	0.00196709918700087	0.00108070932140064	0.000460877146042633	0.000152682033097323	3.93208397550538e-05	7.87680040044342e-06	5.60161068331033e-07	3.05902320501826e-07	3.05902320501826e-07	3.05902320501826e-07	2.03934880334551e-07	1.359565868897e-07	9.06377245931337e-08	6.04251497287558e-08	6.04251497287557e-08	6.04251497287557e-08	6.04251497287557e-08	6.04251497287557e-08	6.04251497287557e-08	4.02834331525038e-08	2.68556221016692e-08	1.79037480677795e-08	1.19358320451864e-08	7.95722136345758e-09	5.30481424230506e-09	3.53654282820338e-09	2.35769521880224e-09
3.53654282820335e-09	5.30481424230502e-09	7.95722136345754e-09	1.19358320451863e-08	1.79037480677795e-08	2.68556221016692e-08	4.02834331525038e-08	6.04251497287557e-08	9.06377245931335e-08	1.359565868897e-07	2.03934880334551e-07	3.05902320501826e-07	4.25351408131914e-07	2.48362350939189e-06	1.11747746993035e-05	3.87442194617358e-05	0.000103511876747715	0.000213102515342147	0.000338066467447071	0.00041326701343025	0.000389291135282961	0.000282574789938403	0.0001580547088172	6.8123443270961e-05	2.34629677263993e-05	1.0411742913697e-05	2.08175700892953e-05	6.48168020530889e-05	0.000163931840523543	0.000320992258790979	0.000485499147597649	0.000567471485978166	0.000512849016215579	0.000358577549220489	0.000194093890461388	8.13932991560709e-05	2.64634133338089e-05	6.67614980693529e-06	1.30788399469914e-06	6.69258796356837e-08	3.05902320501826e-07	2.03934880334551e-07	2.03934880334551e-07	1.359565868897e-07	9.06377245931337e-08	6.04251497287558e-08	4.02834331525039e-08	4.02834331525038e-08	4.02834331525038e-08	4.02834331525038e-08	4.02834331525038e-08	4.02834331525038e-08	2.68556221016692e-08	1.79037480677795e-08	1.19358320451863e-08	7.95722136345758e-09	5.30481424230506e-09	3.53654282820338e-09	2.35769521880225e-09	1.57179681253484e-09
3.53654282820335e-09	5.30481424230502e-09	7.95722136345754e-09	1.19358320451863e-08	1.79037480677795e-08	2.68556221016692e-08	4.02834331525038e-08	6.04251497287557e-08	9.06377245931335e-08	1.359565868897e-07	2.03934880334551e-07	3.05902320501826e-07	4.92406612515237e-08	2.8751583176694e-07	1.2936439964949e-06	4.48521140284638e-06	1.19830172440924e-05	2.46697402881431e-05	3.91361497477349e-05	4.78417154044941e-05	4.50661560164496e-05	3.27121745539448e-05	1.82971496679806e-05	7.88628726568708e-06	2.71913646064761e-06	1.21868693162743e-06	2.45180681140108e-06	7.58127614400452e-06	1.89924316017766e-05	3.67609173247999e-05	5.4828609979508e-05	6.30149009319122e-05	5.58077362448094e-05	3.80855894393846e-05	2.00282075343776e-05	8.1159359498069e-06	2.53425472830797e-06	6.09785434434093e-07	1.13062596242152e-07	3.05902320501826e-07	2.03934880334551e-07	1.359565868897e-07	1.359565868897e-07	9.06377245931337e-08	6.04251497287558e-08	4.02834331525039e-08	2.68556221016693e-08	2.68556221016692e-08	2.68556221016692e-08	2.68556221016692e-08	2.68556221016692e-08	2.68556221016692e-08	1.79037480677795e-08	1.19358320451863e-08	7.95722136345756e-09	5.30481424230504e-09	3.53654282820338e-09	2.35769521880225e-09	1.57179681253484e-09	1.04786454168989e-09
2.35769521880224e-09	3.53654282820335e-09	5.30481424230502e-09	7.95722136345753e-09	1.19358320451863e-08	1.79037480677795e-08	2.68556221016692e-08	4.02834331525038e-08	6.04251497287556e-08	9.06377245931337e-08	1.359565868897e-07	2.03934880334551e-07	3.05902320501826e-07	3.05902320501826e-07	3.05902320501826e-07	3.05902320501826e-07	3.05902320501826e-07	3.05902320501826e-07	3.05902320501826e-07	3.05902320501826e-07	3.05902320501826e-07	3.05902320501826e-07	3.05902320501826e-07	3.05902320501826e-07	3.05902320501826e-07	3.05902320501826e-07	3.05902320501826e-07	3.05902320501826e-07	3.05902320501826e-07	3.05902320501826e-07	3.05902320501826e-07	3.05902320501826e-07	3.05902320501826e-07	3.05902320501826e-07	3.05902320501826e-07	3.05902320501826e-07	3.05902320501826e-07	3.05902320501826e-07	3.05902320501826e-07	2.03934880334551e-07	1.359565868897e-07	9.06377245931337e-08	9.06377245931335e-08	6.04251497287556e-08	4.02834331525039e-08	2.68556221016693e-08	1.79037480677795e-08	1.79037480677795e-08	1.79037480677795e-08	1.79037480677795e-08	1.79037480677795e-08	1.79037480677795e-08	1.19358320451863e-08	7.95722136345756e-09	5.30481424230504e-09	3.53654282820336e-09	2.35769521880224e-09	1.57179681253484e-09	1.04786454168989e-09	6.98576361126595e-10
1.57179681253482e-09	2.35769521880224e-09	3.53654282820335e-09	5.30481424230504e-09	7.95722136345756e-09	1.19358320451863e-08	1.79037480677795e-08	2.68556221016692e-08	4.02834331525039e-08	6.04251497287558e-08	9.06377245931337e-08	1.359565868897e-07	2.03934880334551e-07	2.03934880334551e-07	2.03934880334551e-07	2.03934880334551e-07	2.03934880334551e-07	2.03934880334551e-07	2.03934880334551e-07	2.03934880334551e-07	2.03934880334551e-07	3.05902320501826e-07	9.93970399763718e-08	5.42236725859627e-07	2.27939469603692e-06	7.38355074639378e-06	1.84300333580982e-05	3.54488462628328e-05	5.25403806800934e-05	6.00066596383753e-05	5.28105651270049e-05	3.58143690519959e-05	1.8715822625158e-05	7.53660342210923e-06	2.33860854523477e-06	5.59183731415047e-07	1.03030699845625e-07	3.05902320501826e-07	2.03934880334551e-07	1.359565868897e-07	9.06377245931337e-08	6.04251497287558e-08	6.04251497287557e-08	4.02834331525038e-08	2.68556221016692e-08	1.79037480677795e-08	1.19358320451864e-08	1.19358320451863e-08	1.19358320451863e-08	1.19358320451863e-08	1.19358320451863e-08	1.19358320451863e-08	7.95722136345753e-09	5.30481424230504e-09	3.53654282820336e-09	2.35769521880224e-09	1.57179681253483e-09	1.04786454168989e-09	6.98576361126595e-10	4.65717574084397e-10
1.04786454168988e-09	1.57179681253482e-09	2.35769521880224e-09	3.53654282820336e-09	5.30481424230504e-09	7.95722136345756e-09	1.19358320451863e-08	1.79037480677795e-08	2.68556221016693e-08	4.02834331525039e-08	6.04251497287558e-08	9.06377245931337e-08	1.359565868897e-07	1.359565868897e-07	1.359565868897e-07	1.359565868897e-07	1.359565868897e-07	1.359565868897e-07	1.359565868897e-07	1.359565868897e-07	2.03934880334551e-07	3.05902320501826e-07	8.21595704137541e-07	4.48201842527481e-06	1.88410126774702e-05	6.10309278421241e-05	0.00015233890503907	0.00029301294900833	0.000434288094200564	0.000496002836606124	0.000436521383853456	0.000296034285995952	0.000154701180959567	6.2296030111814e-05	1.93304623043199e-05	4.62209892430816e-06	8.51630797130099e-07	3.05902320501826e-07	2.03934880334551e-07	1.359565868897e-07	9.06377245931335e-08	6.04251497287557e-08	4.02834331525038e-08	2.68556221016692e-08	1.79037480677795e-08	1.19358320451863e-08	7.95722136345758e-09	7.95722136345754e-09	7.95722136345754e-09	7.95722136345754e-09	7.95722136345754e-09	7.95722136345754e-09	5.30481424230502e-09	3.53654282820335e-09	2.35769521880224e-09	1.57179681253483e-09	1.04786454168989e-09	6.98576361126592e-10	4.65717574084395e-10	3.10478382722931e-10
6.9857636112659e-10	1.04786454168989e-09	1.57179681253483e-09	2.35769521880224e-09	3.53654282820336e-09	5.30481424230504e-09	7.95722136345758e-09	1.19358320451864e-08	1.79037480677795e-08	2.68556221016693e-08	4.02834331525039e-08	6.04251497287556e-08	9.06377245931335e-08	9.06377245931335e-08	9.06377245931335e-08	9.06377245931335e-08	9.06377245931335e-08	9.06377245931335e-08	9.06377245931335e-08	1.359565868897e-07	2.03934880334551e-07	3.05902320501826e-07	4.19239241045095e-06	2.28705918677464e-05	9.6140861200283e-05	0.000311425190515926	0.000777346407832831	0.00149517001780808	0.00221606089334037	0.00253097541440108	0.00222745679833838	0.00151058712648153	0.000789400496712083	0.000317880683317535	9.86383972640294e-05	2.35853867699618e-05	4.34565379591714e-06	3.05902320501826e-07	2.03934880334551e-07	1.359565868897e-07	9.06377245931335e-08	6.04251497287557e-08	4.02834331525038e-08	2.68556221016692e-08	1.79037480677795e-08	1.19358320451863e-08	7.95722136345754e-09	5.30481424230502e-09	5.30481424230502e-09	5.30481424230502e-09	5.30481424230502e-09	5.30481424230502e-09	3.53654282820335e-09	2.35769521880224e-09	1.57179681253482e-09	1.04786454168989e-09	6.98576361126592e-10	4.65717574084395e-10	3.1047838272293e-10	2.06985588481954e-10
4.65717574084395e-10	6.98576361126592e-10	1.04786454168989e-09	1.57179681253483e-09	2.35769521880224e-09	3.53654282820338e-09	5.30481424230506e-09	7.95722136345758e-09	1.19358320451864e-08	1.79037480677795e-08	2.68556221016692e-08	4.02834331525038e-08	6.04251497287557e-08	6.04251497287557e-08	6.04251497287557e-08	6.04251497287557e-08	6.04251497287557e-08	6.04251497287556e-08	9.06377245931335e-08	1.359565868897e-07	2.03934880334551e-07	3.05902320501826e-07	1.32064092162433e-05	7.204439986825e-05	0.000302852269326672	0.000981017066996709	0.00244871036857756	0.00470991862636909	0.0069807890436522	0.00797279781241571	0.00701668715863255	0.00475848389081457	0.00248668182136226	0.00100135244386125	0.00031071973020842	7.42960674270428e-05	1.36891962207397e-05	3.05902320501826e-07	2.03934880334551e-07	1.359565868897e-07	9.06377245931335e-08	6.04251497287557e-08	4.02834331525038e-08	2.68556221016692e-08	1.79037480677795e-08	1.19358320451863e-08	7.95722136345754e-09	5.30481424230502e-09	3.53654282820335e-09	3.53654282820335e-09	3.53654282820335e-09	3.53654282820335e-09	2.35769521880224e-09	1.57179681253482e-09	1.04786454168988e-09	6.9857636112659e-10	4.65717574084395e-10	3.1047838272293e-10	2.06985588481954e-10	1.37990392321302e-10
3.1047838272293e-10	4.65717574084395e-10	6.98576361126592e-10	1.04786454168989e-09	1.57179681253484e-09	2.35769521880225e-09	3.53654282820338e-09	5.30481424230506e-09	7.95722136345758e-09	1.19358320451863e-08	1.79037480677795e-08	2.68556221016692e-08	4.02834331525038e-08	4.02834331525038e-08	4.02834331525038e-08	4.02834331525038e-08	4.02834331525038e-08	6.04251497287557e-08	9.06377245931335e-08	1.359565868897e-07	2.03934880334551e-07	3.05902320501826e-07	2.56818693525438e-05	0.000140101282241286	0.000588942254220219	0.0019077367462033	0.00476188937797563	0.00915915241175087	0.0135752049827624	0.0155043167631718	0.0136450143218365	0.00925359494765431	0.00483573063744103	0.00194728197635015	0.000604241727316417	0.000144479991936208	2.66207220392629e-05	3.05902320501826e-07	2.03934880334551e-07	1.359565868897e-07	9.06377245931335e-08	6.04251497287557e-08	4.02834331525038e-08	2.68556221016692e-08	1.79037480677795e-08	1.19358320451863e-08	7.95722136345754e-09	5.30481424230502e-09	3.53654282820335e-09	2.35769521880224e-09	2.35769521880223e-09	2.35769521880223e-09	1.57179681253482e-09	1.04786454168988e-09	6.9857636112659e-10	4.65717574084393e-10	3.10478382722929e-10	2.06985588481954e-10	1.37990392321302e-10	9.19935948808684e-11
2.06985588481954e-10	3.1047838272293e-10	4.65717574084395e-10	6.98576361126595e-10	1.04786454168989e-09	1.57179681253484e-09	2.35769521880225e-09	3.53654282820338e-09	5.30481424230504e-09	7.95722136345756e-09	1.19358320451863e-08	1.79037480677795e-08	2.68556221016692e-08	2.68556221016692e-08	2.68556221016692e-08	2.68556221016692e-08	4.02834331525038e-08	6.04251497287557e-08	9.06377245931335e-08	1.359565868897e-07	2.03934880334551e-07	3.05902320501826e-07	3.08309972313853e-05	0.000168191115124833	0.000707023182777418	0.00229023150663212	0.00571663208052211	0.0109955314689955	0.0162969876333234	0.0186128797961712	0.0163807935085957	0.0111089094136845	0.00580527826257717	0.00233770542157326	0.00072539014844473	0.000173447741292812	3.19580867040232e-05	3.05902320501826e-07	2.03934880334551e-07	1.359565868897e-07	9.06377245931335e-08	6.04251497287557e-08	4.02834331525038e-08	2.68556221016692e-08	1.79037480677795e-08	1.19358320451863e-08	7.95722136345754e-09	5.30481424230502e-09	3.53654282820335e-09	2.35769521880223e-09	1.57179681253482e-09	1.57179681253482e-09	1.04786454168988e-09	6.9857636112659e-10	4.65717574084393e-10	3.10478382722929e-10	2.06985588481953e-10	1.37990392321302e-10	9.19935948808684e-11	6.13290632539123e-11
1.37990392321302e-10	2.06985588481954e-10	3.10478382722931e-10	4.65717574084397e-10	6.98576361126595e-10	1.04786454168989e-09	1.57179681253484e-09	2.35769521880224e-09	3.53654282820336e-09	5.30481424230504e-09	7.95722136345756e-09	1.19358320451863e-08	1.79037480677795e-08	1.79037480677795e-08	1.79037480677795e-08	2.68556221016692e-08	4.02834331525038e-08	6.04251497287557e-08	9.06377245931335e-08	1.359565868897e-07	2.03934880334551e-07	3.05902320501826e-07	2.28490195916931e-05	0.000124647349412491	0.000523978722900899	0.00169730301526802	0.00423662710051373	0.00814884812419892	0.0120777860970492	0.0137941063640851	0.012139895086636	0.00823287313513268	0.00430232326776073	0.00173248619161627	0.000537590580967726	0.000128543063631429	2.36843117247571e-05	3.05902320501826e-07	2.03934880334551e-07	1.359565868897e-07	9.06377245931335e-08	6.04251497287557e-08	4.02834331525038e-08	2.68556221016692e-08	1.79037480677795e-08	1.19358320451863e-08	7.95722136345754e-09	5.30481424230502e-09	3.53654282820335e-09	2.35769521880223e-09	1.57179681253482e-09	1.04786454168988e-09	6.98576361126587e-10	4.65717574084392e-10	3.10478382722929e-10	2.06985588481953e-10	1.37990392321302e-10	9.19935948808681e-11	6.13290632539121e-11	4.08860421692749e-11
9.19935948808684e-11	1.37990392321303e-10	2.06985588481954e-10	3.10478382722931e-10	4.65717574084397e-10	6.98576361126595e-10	1.04786454168989e-09	1.57179681253483e-09	2.35769521880224e-09	3.53654282820336e-09	5.30481424230504e-09	7.95722136345753e-09	1.19358320451863e-08	1.19358320451863e-08	1.79037480677795e-08	2.68556221016692e-08	4.02834331525038e-08	6.04251497287557e-08	9.06377245931335e-08	1.359565868897e-07	2.03934880334551e-07	3.05902320501826e-07	1.04536179958042e-05	5.70272072164279e-05	0.00023972465799481	0.000776530357179482	0.0019382924121411	0.00372816632478929	0.00552568838181084	0.00631091929108685	0.00555410376517731	0.0037666084716337	0.00196834895935673	0.00079262695528286	0.000245952197162199	5.88095291275356e-05	1.08357711485428e-05	3.05902320501826e-07	2.03934880334551e-07	1.359565868897e-07	9.06377245931335e-08	6.04251497287557e-08	4.02834331525038e-08	2.68556221016692e-08	1.79037480677795e-08	1.19358320451863e-08	7.95722136345754e-09	5.30481424230502e-09	3.53654282820335e-09	2.35769521880223e-09	1.57179681253482e-09	1.04786454168988e-09	6.98576361126588e-10	4.65717574084392e-10	3.10478382722928e-10	2.06985588481952e-10	1.37990392321301e-10	9.19935948808675e-11	6.13290632539117e-11	4.08860421692744e-11
6.13290632539125e-11	9.19935948808687e-11	1.37990392321303e-10	2.06985588481954e-10	3.10478382722931e-10	4.65717574084395e-10	6.98576361126592e-10	1.04786454168989e-09	1.57179681253483e-09	2.35769521880224e-09	3.53654282820335e-09	5.30481424230502e-09	7.95722136345753e-09	1.19358320451863e-08	1.79037480677795e-08	2.68556221016692e-08	4.02834331525038e-08	6.04251497287557e-08	9.06377245931335e-08	1.359565868897e-07	2.03934880334551e-07	3.05902320501826e-07	2.95246487293499e-06	1.61064644007145e-05	6.77065712741861e-05	0.000219319148954966	0.000547441112026477	0.00105296368384779	0.001560646357331	0.00178242284444873	0.00156867184872299	0.00106382108156826	0.000555930125102283	0.000223865387443214	6.94654446751392e-05	1.66098540249498e-05	3.06039819898488e-06	3.05902320501826e-07	2.03934880334551e-07	1.359565868897e-07	9.06377245931335e-08	6.04251497287557e-08	4.02834331525038e-08	2.68556221016692e-08	1.79037480677795e-08	1.19358320451863e-08	7.95722136345754e-09	5.30481424230502e-09	3.53654282820335e-09	2.35769521880223e-09	1.57179681253482e-09	1.04786454168988e-09	6.98576361126588e-10	4.65717574084392e-10	3.10478382722928e-10	2.06985588481952e-10	1.37990392321301e-10	9.19935948808675e-11	6.13290632539117e-11	4.08860421692744e-11
6.13290632539117e-11	9.19935948808675e-11	1.37990392321301e-10	2.06985588481952e-10	3.10478382722928e-10	4.65717574084392e-10	6.98576361126588e-10	1.04786454168988e-09	1.57179681253482e-09	2.35769521880223e-09	3.53654282820335e-09	5.30481424230502e-09	7.95722136345754e-09	1.19358320451863e-08	1.79037480677795e-08	2.68556221016692e-08	4.02834331525038e-08	6.04251497287557e-08	9.06377245931335e-08	1.359565868897e-07	2.03934880334551e-07	3.05902320501826e-07	5.1478029059949e-07	2.8082604811782e-06	1.18050543989615e-05	3.82396336931986e-05	9.54497028291327e-05	0.000183590652044926	0.000272108228184016	0.000310776313800598	0.000273507521645165	0.00018548370567782	9.69298141280428e-05	3.90322981518239e-05	1.2111724723398e-05	2.89602953794975e-06	5.33599125485101e-07	3.05902320501826e-07	2.03934880334551e-07	1.359565868897e-07	9.06377245931335e-08	6.04251497287557e-08	4.02834331525038e-08	2.68556221016692e-08	1.79037480677795e-08	1.19358320451863e-08	7.95722136345754e-09	5.30481424230502e-09	3.53654282820335e-09	2.35769521880223e-09	1.57179681253482e-09	1.04786454168988e-09	6.98576361126588e-10	4.65717574084392e-10	3.10478382722928e-10	2.06985588481952e-10	1.37990392321301e-10	9.19935948808675e-11	6.13290632539117e-11	4.08860421692744e-11
6.13290632539117e-11	9.19935948808675e-11	1.37990392321301e-10	2.06985588481952e-10	3.10478382722928e-10	4.65717574084392e-10	6.98576361126588e-10	1.04786454168988e-09	1.57179681253482e-09	2.35769521880223e-09	3.53654282820335e-09	5.30481424230502e-09	7.95722136345754e-09	1.19358320451863e-08	1.79037480677795e-08	2.68556221016692e-08	4.02834331525038e-08	6.04251497287557e-08	9.06377245931335e-08	1.359565868897e-07	2.03934880334551e-07	3.05902320501826e-07	5.54087228584159e-08	3.02269005937732e-07	1.27064497119508e-06	4.11594869540617e-06	1.02737929706255e-05	1.97609033296646e-05	2.92885521809402e-05	3.34506175873286e-05	2.94391660739005e-05	1.99646634308506e-05	1.04331057459172e-05	4.20126766761573e-06	1.30365363785521e-06	3.11716087403372e-07	5.7434300810285e-08	3.05902320501826e-07	2.03934880334551e-07	1.359565868897e-07	9.06377245931335e-08	6.04251497287557e-08	4.02834331525038e-08	2.68556221016692e-08	1.79037480677795e-08	1.19358320451863e-08	7.95722136345754e-09	5.30481424230502e-09	3.53654282820335e-09	2.35769521880223e-09	1.57179681253482e-09	1.04786454168988e-09	6.98576361126588e-10	4.65717574084392e-10	3.10478382722928e-10	2.06985588481952e-10	1.37990392321301e-10	9.19935948808675e-11	6.13290632539117e-11	4.08860421692744e-11
4.08860421692745e-11	6.13290632539117e-11	9.19935948808674e-11	1.37990392321301e-10	2.06985588481952e-10	3.10478382722928e-10	4.65717574084392e-10	6.98576361126587e-10	1.04786454168988e-09	1.57179681253482e-09	2.35769521880224e-09	3.53654282820335e-09	5.30481424230502e-09	7.95722136345753e-09	1.19358320451863e-08	1.79037480677795e-08	2.68556221016692e-08	4.02834331525038e-08	6.04251497287556e-08	9.06377245931337e-08	1.359565868897e-07	2.03934880334551e-07	3.05902320501826e-07	3.05902320501826e-07	3.05902320501826e-07	3.05902320501826e-07	3.05902320501826e-07	3.05902320501826e-07	3.05902320501826e-07	3.05902320501826e-07	3.05902320501826e-07	3.05902320501826e-07	3.05902320501826e-07	3.05902320501826e-07	3.05902320501826e-07	3.05902320501826e-07	3.05902320501826e-07	2.03934880334551e-07	1.359565868897e-07	9.06377245931337e-08	6.04251497287556e-08	4.02834331525038e-08	2.68556221016692e-08	1.79037480677795e-08	1.19358320451863e-08	7.95722136345753e-09	5.30481424230502e-09	3.53654282820335e-09	2.35769521880224e-09	1.57179681253482e-09	1.04786454168988e-09	6.98576361126587e-10	4.65717574084392e-10	3.10478382722928e-10	2.06985588481952e-10	1.37990392321301e-10	9.19935948808674e-11	6.13290632539117e-11	4.08860421692745e-11	2.7257361446183e-11
2.7257361446183e-11	4.08860421692745e-11	6.13290632539117e-11	9.19935948808677e-11	1.37990392321302e-10	2.06985588481952e-10	3.10478382722928e-10	4.65717574084392e-10	6.9857636112659e-10	1.04786454168988e-09	1.57179681253482e-09	2.35769521880224e-09	3.53654282820335e-09	5.30481424230504e-09	7.95722136345756e-09	1.19358320451863e-08	1.79037480677795e-08	2.68556221016692e-08	4.02834331525039e-08	6.04251497287558e-08	9.06377245931337e-08	1.359565868897e-07	2.03934880334551e-07	2.03934880334551e-07	2.03934880334551e-07	2.03934880334551e-07	2.03934880334551e-07	2.03934880334551e-07	2.03934880334551e-07	2.03934880334551e-07	2.03934880334551e-07	2.03934880334551e-07	2.03934880334551e-07	2.03934880334551e-07	2.03934880334551e-07	2.03934880334551e-07	2.03934880334551e-07	1.359565868897e-07	9.06377245931337e-08	6.04251497287558e-08	4.02834331525039e-08	2.68556221016692e-08	1.79037480677795e-08	1.19358320451863e-08	7.95722136345756e-09	5.30481424230504e-09	3.53654282820335e-09	2.35769521880224e-09	1.57179681253482e-09	1.04786454168988e-09	6.9857636112659e-10	4.65717574084392e-10	3.10478382722928e-10	2.06985588481952e-10	1.37990392321302e-10	9.19935948808677e-11	6.13290632539117e-11	4.08860421692745e-11	2.7257361446183e-11	1.81715742974553e-11
1.81715742974553e-11	2.7257361446183e-11	4.08860421692746e-11	6.13290632539119e-11	9.19935948808677e-11	1.37990392321302e-10	2.06985588481952e-10	3.10478382722929e-10	4.65717574084393e-10	6.9857636112659e-10	1.04786454168988e-09	1.57179681253482e-09	2.35769521880224e-09	3.53654282820336e-09	5.30481424230504e-09	7.95722136345756e-09	1.19358320451863e-08	1.79037480677795e-08	2.68556221016693e-08	4.02834331525039e-08	6.04251497287558e-08	9.06377245931337e-08	1.359565868897e-07	1.359565868897e-07	1.359565868897e-07	1.359565868897e-07	1.359565868897e-07	1.359565868897e-07	1.359565868897e-07	1.359565868897e-07	1.359565868897e-07	1.359565868897e-07	1.359565868897e-07	1.359565868897e-07	1.359565868897e-07	1.359565868897e-07	1.359565868897e-07	9.06377245931337e-08	6.04251497287558e-08	4.02834331525039e-08	2.68556221016693e-08	1.79037480677795e-08	1.19358320451863e-08	7.95722136345756e-09	5.30481424230504e-09	3.53654282820336e-09	2.35769521880224e-09	1.57179681253482e-09	1.04786454168988e-09	6.9857636112659e-10	4.65717574084393e-10	3.10478382722929e-10	2.06985588481952e-10	1.37990392321302e-10	9.19935948808677e-11	6.13290632539119e-11	4.08860421692746e-11	2.7257361446183e-11	1.81715742974553e-11	1.21143828649702e-11
1.21143828649702e-11	1.81715742974554e-11	2.72573614461831e-11	4.08860421692746e-11	6.13290632539119e-11	9.19935948808677e-11	1.37990392321302e-10	2.06985588481953e-10	3.10478382722929e-10	4.65717574084393e-10	6.9857636112659e-10	1.04786454168989e-09	1.57179681253483e-09	2.35769521880224e-09	3.53654282820336e-09	5.30481424230504e-09	7.95722136345758e-09	1.19358320451864e-08	1.79037480677795e-08	2.68556221016693e-08	4.02834331525039e-08	6.04251497287556e-08	9.06377245931335e-08	9.06377245931335e-08	9.06377245931335e-08	9.06377245931335e-08	9.06377245931335e-08	9.06377245931335e-08	9.06377245931335e-08	9.06377245931335e-08	9.06377245931335e-08	9.06377245931335e-08	9.06377245931335e-08	9.06377245931335e-08	9.06377245931335e-08	9.06377245931335e-08	9.06377245931335e-08	6.04251497287556e-08	4.02834331525039e-08	2.68556221016693e-08	1.79037480677795e-08	1.19358320451864e-08	7.95722136345758e-09	5.30481424230504e-09	3.53654282820336e-09	2.35769521880224e-09	1.57179681253483e-09	1.04786454168989e-09	6.9857636112659e-10	4.65717574084393e-10	3.10478382722929e-10	2.06985588481953e-10	1.37990392321302e-10	9.19935948808677e-11	6.13290632539119e-11	4.08860421692746e-11	2.72573614461831e-11	1.81715742974554e-11	1.21143828649702e-11	8.07625524331349e-12
