0.000704624709862039	0.0010774131713441	0.00144938551433798	0.00172365403238169	0.00183857301901706	0.00178123644780201	0.00156918325505783	0.00124213347257841	0.000867022716576825	0.000523899265841858	0.00027014811431563	0.000117701332350111	4.29172407152647e-05	1.31590079155976e-05	3.34108366457898e-06	6.72539999477631e-07	4.86356578361811e-08	3.05902320501826e-07	3.05902320501826e-07	2.03934880334551e-07	2.03934880334551e-07	2.03934880334551e-07	2.03934880334551e-07	1.359565868897e-07	9.06377245931337e-08	9.06377245931335e-08	9.06377245931335e-08	9.06377245931335e-08	9.06377245931335e-08	6.04251497287556e-08	4.02834331525039e-08	2.68556221016693e-08	1.79037480677795e-08	1.19358320451864e-08	7.95722136345758e-09	5.30481424230504e-09	3.53654282820336e-09	2.35769521880224e-09	1.57179681253483e-09	1.04786454168989e-09	6.9857636112659e-10	4.65717574084393e-10	3.10478382722929e-10	2.06985588481953e-10	1.37990392321302e-10	9.19935948808677e-11	6.13290632539119e-11	4.08860421692746e-11	2.72573614461831e-11	1.81715742974554e-11	1.21143828649702e-11	8.07625524331349e-12	5.384170162209e-12	3.589446774806e-12	2.39296451653734e-12	1.59530967769155e-12	1.0635397851277e-12	7.09026523418469e-13	4.72684348945646e-13	3.15122899297098e-13
0.00275684453837986	0.00400478685185193	0.00518570248527825	0.0059268865816036	0.00599318672110951	0.00539302012038375	0.00433517028863754	0.0031136547703624	0.0019940372280321	0.00113567434047232	0.00057371135555323	0.000256186897952342	0.00010036723265529	3.47797323382286e-05	1.04385248757201e-05	2.60825335923627e-06	6.02442670354529e-07	6.98310985457634e-08	1.50356101593609e-08	3.05902320501826e-07	3.05902320501826e-07	3.05902320501826e-07	3.05902320501826e-07	2.03934880334551e-07	1.359565868897e-07	1.359565868897e-07	1.359565868897e-07	1.359565868897e-07	1.359565868897e-07	9.06377245931337e-08	6.04251497287558e-08	4.02834331525039e-08	2.68556221016693e-08	1.79037480677795e-08	1.19358320451863e-08	7.95722136345756e-09	5.30481424230504e-09	3.53654282820336e-09	2.35769521880224e-09	1.57179681253482e-09	1.04786454168988e-09	6.9857636112659e-10	4.65717574084393e-10	3.10478382722929e-10	2.06985588481952e-10	1.37990392321302e-10	9.19935948808677e-11	6.13290632539119e-11	4.08860421692746e-11	2.7257361446183e-11	1.81715742974553e-11	1.21143828649702e-11	8.07625524331349e-12	5.384170162209e-12	3.58944677480599e-12	2.39296451653733e-12	1.59530967769155e-12	1.0635397851277e-12	7.09026523418469e-13	4.72684348945645e-13
0.00872493923677191	0.0119597764097548	0.0150245185192605	0.017039277529224	0.0174107819025926	0.0160623826055131	0.0133883081731153	0.0100671644706119	0.0068138107102158	0.00414210768731649	0.00225676661434438	0.00110029526033423	0.000481038974348178	0.000192034244166592	7.14211209923636e-05	2.57014650494018e-05	9.69776712465564e-06	3.45458359598606e-06	1.35263418346834e-06	4.4855542268866e-07	1.3466669664465e-07	3.27892096370328e-08	7.09670696363302e-09	3.05902320501826e-07	2.03934880334551e-07	2.03934880334551e-07	2.03934880334551e-07	2.03934880334551e-07	2.03934880334551e-07	1.359565868897e-07	9.06377245931337e-08	6.04251497287558e-08	4.02834331525039e-08	2.68556221016692e-08	1.79037480677795e-08	1.19358320451863e-08	7.95722136345756e-09	5.30481424230504e-09	3.53654282820335e-09	2.35769521880224e-09	1.57179681253482e-09	1.04786454168988e-09	6.9857636112659e-10	4.65717574084392e-10	3.10478382722928e-10	2.06985588481952e-10	1.37990392321302e-10	9.19935948808677e-11	6.13290632539117e-11	4.08860421692745e-11	2.7257361446183e-11	1.81715742974553e-11	1.21143828649702e-11	8.07625524331347e-12	5.38417016220898e-12	3.58944677480599e-12	2.39296451653733e-12	1.59530967769155e-12	1.0635397851277e-12	7.09026523418466e-13
0.0224021278443336	0.028783694824422	0.03467385070889	0.0386352654508875	0.0397260955467217	0.0376896825630344	0.0328852798843691	0.0262287692682591	0.0190003702100282	0.0124316725514355	0.00732161610004702	0.00388644137500342	0.00188114730807287	0.000852618713766212	0.000373624506933226	0.000163124484319608	7.19629292108978e-05	2.98187144087929e-05	1.19906123669875e-05	4.09437725468462e-06	1.22472642997219e-06	2.94682092917943e-07	6.26579677323571e-08	3.05902320501826e-07	3.05902320501826e-07	3.05902320501826e-07	3.05902320501826e-07	3.05902320501826e-07	3.05902320501826e-07	2.03934880334551e-07	1.359565868897e-07	9.06377245931337e-08	6.04251497287556e-08	4.02834331525038e-08	2.68556221016692e-08	1.79037480677795e-08	1.19358320451863e-08	7.95722136345753e-09	5.30481424230502e-09	3.53654282820335e-09	2.35769521880224e-09	1.57179681253482e-09	1.04786454168988e-09	6.98576361126587e-10	4.65717574084392e-10	3.10478382722928e-10	2.06985588481952e-10	1.37990392321301e-10	9.19935948808674e-11	6.13290632539117e-11	4.08860421692745e-11	2.7257361446183e-11	1.81715742974553e-11	1.21143828649702e-11	8.07625524331347e-12	5.38417016220898e-12	3.58944677480599e-12	2.39296451653732e-12	1.59530967769155e-12	1.0635397851277e-12
0.046391533686872	0.0562747583605666	0.0648047515482393	0.0704270681102474	0.0724244968066506	0.0704897853866179	0.0644053755850422	0.0545142865708962	0.0422139326891294	0.029657445111415	0.0188781414693004	0.0109797065876767	0.00596192381012079	0.00311220381558124	0.00159772875137782	0.000809528711049425	0.00039746669706592	0.000181102565329877	7.86624161957935e-05	3.33278243296673e-05	1.64390414736014e-05	9.85496146695711e-06	6.35255109756789e-06	3.6307724455543e-06	1.80919625217574e-06	7.38646856158088e-07	2.4708851185353e-07	6.77224684517982e-08	1.52081900505325e-08	3.05902320501826e-07	2.03934880334551e-07	1.359565868897e-07	9.06377245931335e-08	6.04251497287557e-08	4.02834331525038e-08	2.68556221016692e-08	1.79037480677795e-08	1.19358320451863e-08	7.95722136345754e-09	5.30481424230502e-09	3.53654282820335e-09	2.35769521880223e-09	1.57179681253482e-09	1.04786454168988e-09	6.98576361126588e-10	4.65717574084392e-10	3.10478382722928e-10	2.06985588481952e-10	1.37990392321301e-10	9.19935948808675e-11	6.13290632539117e-11	4.08860421692744e-11	2.7257361446183e-11	1.81715742974553e-11	1.21143828649702e-11	8.07625524331347e-12	5.38417016220898e-12	3.58944677480598e-12	2.39296451653732e-12	1.59530967769155e-12
0.0766440175929057	0.0891361991329628	0.098834184872014	0.104887157416299	0.10776902824825	0.107493274915827	0.102674042013549	0.0919080691747689	0.0757460012432936	0.0570228704045909	0.0393927192025056	0.0253980400886147	0.0156733946046775	0.00943681907830929	0.0055475463833048	0.00312723457037023	0.00164690377078156	0.000793731714124376	0.000364229884110805	0.000175169241816212	0.000103720580416517	7.17787107935947e-05	4.90488151073363e-05	2.88213077995605e-05	1.43615175105824e-05	5.86342678197225e-06	1.96140467645825e-06	5.37585358891121e-07	1.20723601683523e-07	3.05902320501826e-07	2.03934880334551e-07	1.359565868897e-07	9.06377245931335e-08	6.04251497287557e-08	4.02834331525038e-08	2.68556221016692e-08	1.79037480677795e-08	1.19358320451863e-08	7.95722136345754e-09	5.30481424230502e-09	3.53654282820335e-09	2.35769521880223e-09	1.57179681253482e-09	1.04786454168988e-09	6.98576361126588e-10	4.65717574084392e-10	3.10478382722928e-10	2.06985588481952e-10	1.37990392321301e-10	9.19935948808675e-11	6.13290632539117e-11	4.08860421692744e-11	2.7257361446183e-11	1.81715742974553e-11	1.21143828649702e-11	8.07625524331347e-12	5.38417016220898e-12	3.58944677480598e-12	2.39296451653732e-12	1.59530967769155e-12
0.102998526258446	0.1165806481617	0.125676949932356	0.130862131111652	0.134542670632134	0.137476145048228	0.136995077808353	0.129311058694353	0.113266446664802	0.0916693220461488	0.0693722711670977	0.0501493661549333	0.0352512254219541	0.0240789645524328	0.0156871118963381	0.00950546962743658	0.0052559355876857	0.00266023508471936	0.00132148742732808	0.000741593853749708	0.000516131673548948	0.000390215906055118	0.000273826337726495	0.000162614829204379	8.08066687270791e-05	3.29339576754227e-05	1.10070324183311e-05	3.01209842019312e-06	6.76416059137154e-07	3.05902320501826e-07	2.03934880334551e-07	1.359565868897e-07	9.06377245931335e-08	6.04251497287557e-08	4.02834331525038e-08	2.68556221016692e-08	1.79037480677795e-08	1.19358320451863e-08	7.95722136345756e-09	5.30481424230504e-09	3.53654282820336e-09	2.35769521880224e-09	1.57179681253483e-09	1.04786454168989e-09	6.98576361126595e-10	4.65717574084397e-10	3.10478382722931e-10	2.06985588481954e-10	1.37990392321303e-10	9.19935948808684e-11	6.13290632539123e-11	4.08860421692749e-11	2.72573614461833e-11	1.81715742974555e-11	1.21143828649703e-11	8.07625524331355e-12	5.38417016220904e-12	3.58944677480603e-12	2.39296451653735e-12	1.59530967769156e-12
0.121248260545433	0.135508708032953	0.142997117418641	0.146032722224962	0.149552773857327	0.155881320164751	0.161765984710862	0.161088052974916	0.150304592029532	0.131225762603304	0.108983277578738	0.087747615133862	0.0687375710672728	0.0514581340928802	0.0358330357293597	0.022708752217433	0.0130120698082369	0.00692933891173968	0.00379972709100054	0.00247991435860925	0.00193769520082278	0.00153689579848629	0.00109036034449338	0.000649736340476915	0.00032194343706806	0.000130976658267875	4.37331652598004e-05	1.19479062776709e-05	2.68309814350755e-06	3.05902320501826e-07	2.03934880334551e-07	1.359565868897e-07	9.06377245931335e-08	6.04251497287556e-08	4.02834331525039e-08	2.68556221016693e-08	1.79037480677795e-08	1.79037480677795e-08	1.19358320451863e-08	7.95722136345756e-09	5.30481424230504e-09	3.53654282820336e-09	2.35769521880224e-09	1.57179681253484e-09	1.04786454168989e-09	6.98576361126595e-10	4.65717574084397e-10	3.10478382722931e-10	2.06985588481954e-10	1.37990392321302e-10	9.19935948808684e-11	6.13290632539123e-11	4.08860421692749e-11	2.72573614461832e-11	1.81715742974555e-11	1.21143828649703e-11	8.07625524331355e-12	5.38417016220904e-12	3.58944677480602e-12	2.39296451653735e-12
0.140395166896168	0.158028454437068	0.164772408541738	0.164619239077607	0.166179448441282	0.175053737472035	0.188448372017147	0.197566933285774	0.195328543574154	0.181794936652943	0.16226833134575	0.14105722251341	0.118571571206576	0.0938395316956656	0.0680414907813563	0.0445644363459648	0.0265701162030872	0.0151383080075368	0.00924244461781574	0.00672010824334928	0.00552476912075046	0.00441923096283487	0.0031189926603505	0.00185009103633512	0.000911870279987722	0.000369736876262052	0.000123238022808786	3.35643749368777e-05	7.53743040732016e-06	3.05902320501826e-07	2.03934880334551e-07	1.359565868897e-07	1.359565868897e-07	9.06377245931337e-08	6.04251497287558e-08	4.02834331525039e-08	2.68556221016693e-08	2.68556221016692e-08	1.79037480677795e-08	1.19358320451863e-08	7.95722136345756e-09	5.30481424230504e-09	3.53654282820338e-09	2.35769521880225e-09	1.57179681253484e-09	1.04786454168989e-09	6.98576361126595e-10	4.65717574084395e-10	3.1047838272293e-10	2.06985588481954e-10	1.37990392321302e-10	9.19935948808684e-11	6.13290632539121e-11	4.08860421692747e-11	2.72573614461832e-11	1.81715742974555e-11	1.21143828649703e-11	8.07625524331352e-12	5.38417016220902e-12	3.58944677480602e-12
0.171127963418201	0.197924158258111	0.207498115344478	0.205253605344725	0.205084368010604	0.217827824649728	0.241444398908356	0.262785846675719	0.269407172031075	0.259576200843491	0.240210400788091	0.216821565520007	0.188807086806923	0.154120190118216	0.11523885544304	0.0785745188798849	0.0498176826686314	0.0309428233793321	0.0205317421714583	0.0153793328974343	0.012360000151555	0.00955182591913919	0.00656353818482383	0.00382890155014084	0.00186580944729251	0.000751038105232328	0.000249349564752932	6.74430371322903e-05	1.51454391687306e-05	3.05902320501826e-07	2.03934880334551e-07	2.03934880334551e-07	2.03934880334551e-07	1.359565868897e-07	9.06377245931337e-08	6.04251497287558e-08	4.02834331525039e-08	4.02834331525038e-08	2.68556221016692e-08	1.79037480677795e-08	1.19358320451863e-08	7.95722136345758e-09	5.30481424230506e-09	3.53654282820338e-09	2.35769521880225e-09	1.57179681253484e-09	1.04786454168989e-09	6.98576361126592e-10	4.65717574084395e-10	3.1047838272293e-10	2.06985588481954e-10	1.37990392321302e-10	9.19935948808681e-11	6.13290632539121e-11	4.08860421692747e-11	2.72573614461832e-11	1.81715742974554e-11	1.21143828649703e-11	8.07625524331352e-12	5.38417016220902e-12
0.212290648317576	0.253964159732119	0.271500319773008	0.27162067202554	0.274639094887944	0.297535243279703	0.338074433398702	0.376277968364124	0.392474682685612	0.383592465549913	0.360153970135654	0.330399762308932	0.293042362505772	0.244890624399992	0.189774797531984	0.136878570708331	0.0937799279415358	0.0630316259430621	0.0433011077127777	0.0311778809377071	0.0230610723657833	0.0164673208704903	0.0106930609467025	0.0060154262251679	0.00286322805476344	0.00113487261609705	0.000373561888956621	9.95081160252434e-05	2.23461780806094e-05	3.05902320501826e-07	3.05902320501826e-07	3.05902320501826e-07	3.05902320501826e-07	2.03934880334551e-07	1.359565868897e-07	9.06377245931337e-08	6.04251497287558e-08	6.04251497287557e-08	4.02834331525038e-08	2.68556221016692e-08	1.79037480677795e-08	1.19358320451864e-08	7.95722136345758e-09	5.30481424230506e-09	3.53654282820338e-09	2.35769521880224e-09	1.57179681253483e-09	1.04786454168989e-09	6.98576361126592e-10	4.65717574084395e-10	3.10478382722929e-10	2.06985588481953e-10	1.37990392321302e-10	9.19935948808681e-11	6.13290632539121e-11	4.08860421692746e-11	2.72573614461831e-11	1.81715742974554e-11	1.21143828649703e-11	8.07625524331352e-12
0.249726614201348	0.307398539942708	0.336556463266185	0.34558774384244	0.360933346984743	0.404700414447885	0.4727206790429	0.536370041082074	0.567849545110115	0.563201642551758	0.537427967015993	0.501748295757263	0.453977249675822	0.389923193323686	0.315081109977702	0.241093102579335	0.176725663479458	0.125195647191126	0.0865642650631613	0.0589391841672757	0.0394411733043286	0.0252985575007483	0.0150354514784482	0.00793472856024096	0.00361678614360562	0.00139378785030534	0.00045310193047593	0.000118302383353281	2.72509451647009e-05	5.09074259782662e-07	1.58005430712829e-07	4.08119331630762e-08	8.63707806934452e-09	3.05902320501826e-07	2.03934880334551e-07	1.359565868897e-07	9.06377245931337e-08	9.06377245931335e-08	6.04251497287556e-08	4.02834331525039e-08	2.68556221016693e-08	1.79037480677795e-08	1.19358320451864e-08	7.95722136345758e-09	5.30481424230504e-09	3.53654282820336e-09	2.35769521880224e-09	1.57179681253483e-09	1.04786454168989e-09	6.9857636112659e-10	4.65717574084393e-10	3.10478382722929e-10	2.06985588481953e-10	1.37990392321302e-10	9.19935948808677e-11	6.13290632539119e-11	4.08860421692746e-11	2.72573614461831e-11	1.81715742974554e-11	1.21143828649703e-11
0.26314797962881	0.330939873276225	0.37151340448875	0.39543031158859	0.432929710990262	0.508030117613889	0.612806027617801	0.710382186918234	0.766332864440015	0.776702245637264	0.760100360149961	0.728574540560022	0.677151635257648	0.600093031512378	0.504804610124866	0.405423212189122	0.311844739429242	0.228705790751462	0.159241758894036	0.105139331327038	0.065750721036327	0.038546100956812	0.0209131518576363	0.0102278546785153	0.00442133190752308	0.00166048243879223	0.00054692407263824	0.000148521471023824	3.98440855810358e-05	4.85159399344698e-06	1.48391039573657e-06	3.7208423075873e-07	7.72431857702073e-08	3.05902320501826e-07	3.05902320501826e-07	2.03934880334551e-07	1.359565868897e-07	1.359565868897e-07	9.06377245931337e-08	6.04251497287558e-08	4.02834331525039e-08	2.68556221016693e-08	1.79037480677795e-08	1.19358320451863e-08	7.95722136345756e-09	5.30481424230504e-09	3.53654282820336e-09	2.35769521880224e-09	1.57179681253482e-09	1.04786454168988e-09	6.9857636112659e-10	4.65717574084393e-10	3.10478382722929e-10	2.06985588481952e-10	1.37990392321302e-10	9.19935948808677e-11	6.13290632539119e-11	4.08860421692746e-11	2.72573614461831e-11	1.81715742974554e-11
0.238831043221257	0.306200938630084	0.354132610727893	0.395069362157267	0.458803791207522	0.566714279553682	0.70647804871694	0.836994991055588	0.922297334994631	0.960228752046795	0.970402625533293	0.961309775436173	0.922004980362655	0.843991290267109	0.736281136927527	0.615210612244466	0.491598631460705	0.371877531541312	0.263612828614857	0.173880965314829	0.106206124606565	0.059629447921477	0.0307193153600292	0.0144175986129513	0.00618598999420113	0.00245040371829466	0.000929207014579845	0.000323953386148707	0.000118489037946668	3.45467464828294e-05	1.09950436282639e-05	2.89411402574717e-06	6.46331721616617e-07	4.0572591379023e-08	7.85336101278222e-09	3.05902320501826e-07	2.03934880334551e-07	2.03934880334551e-07	1.359565868897e-07	9.06377245931337e-08	6.04251497287558e-08	4.02834331525039e-08	2.68556221016692e-08	1.79037480677795e-08	1.19358320451863e-08	7.95722136345756e-09	5.30481424230504e-09	3.53654282820335e-09	2.35769521880224e-09	1.57179681253482e-09	1.04786454168988e-09	6.9857636112659e-10	4.65717574084392e-10	3.10478382722928e-10	2.06985588481952e-10	1.37990392321302e-10	9.19935948808677e-11	6.13290632539119e-11	4.08860421692746e-11	2.72573614461831e-11
0.182344640525024	0.239597458597677	0.288563770790641	0.341902424394541	0.424458320150773	0.551622046611833	0.708720789315136	0.857644988754108	0.967886736152354	1.04045581313736	1.09192098894108	1.1225562060678	1.11338765287026	1.0528162059704	0.950833452059509	0.824644791326222	0.684374855030751	0.536638956711174	0.392361376324966	0.26471742769706	0.163695423173731	0.0924322101070072	0.0481272036916563	0.0235041794639472	0.0111268098916285	0.00524555138378138	0.00248359245446113	0.00110755176853424	0.000473271678412743	0.000170832429231226	5.56304702641537e-05	1.50060286072755e-05	3.47876863499334e-06	3.27626304435372e-07	6.34163990655266e-08	3.05902320501826e-07	3.05902320501826e-07	3.05902320501826e-07	2.03934880334551e-07	1.359565868897e-07	9.06377245931337e-08	6.04251497287556e-08	4.02834331525038e-08	2.68556221016692e-08	1.79037480677795e-08	1.19358320451863e-08	7.95722136345753e-09	5.30481424230502e-09	3.53654282820335e-09	2.35769521880224e-09	1.57179681253482e-09	1.04786454168988e-09	6.98576361126587e-10	4.65717574084392e-10	3.10478382722928e-10	2.06985588481952e-10	1.37990392321302e-10	9.19935948808677e-11	6.13290632539119e-11	4.08860421692746e-11
0.115965400373432	0.158081245804136	0.201238216905958	0.256246275672851	0.340802047286761	0.464323669459262	0.613827427472091	0.760678284685432	0.884289844099893	0.988162827125742	1.08233052825399	1.15727918111534	1.18748163180092	1.15981344793401	1.08485565424656	0.978896722423801	0.848714296065138	0.69722279749072	0.534535477531878	0.377967625050816	0.245222061865891	0.146603378379751	0.0826627376376601	0.045444982845776	0.0251473748246859	0.0139901419182701	0.0075772547981999	0.0037657242538223	0.00170503776355072	0.000665346828329043	0.000231553482957049	7.04634989465175e-05	2.05232327203153e-05	4.74991336146226e-06	1.53668825292776e-06	3.93577611499623e-07	1.07994430516867e-07	2.42793389030229e-08	3.05902320501826e-07	2.03934880334551e-07	1.359565868897e-07	9.06377245931335e-08	6.04251497287557e-08	4.02834331525038e-08	2.68556221016692e-08	1.79037480677795e-08	1.19358320451863e-08	7.95722136345754e-09	5.30481424230502e-09	3.53654282820335e-09	2.35769521880223e-09	1.57179681253482e-09	1.04786454168988e-09	6.98576361126588e-10	4.65717574084392e-10	3.10478382722928e-10	2.06985588481952e-10	1.37990392321302e-10	9.19935948808677e-11	6.13290632539121e-11
0.061613825541449	0.0885457058880793	0.120864136865332	0.166492386048906	0.236797127820553	0.337624067882972	0.460647802101943	0.588579627713319	0.710487205494249	0.830698828086581	0.952657370417181	1.06039625691074	1.12647842178647	1.13850931234926	1.10701278506173	1.04584343400751	0.956492467888214	0.834170512418143	0.682209943512139	0.517058360945246	0.362527941402872	0.237819802978208	0.149967559615667	0.0933778001541433	0.0579898032784882	0.0352156793202385	0.0202039702639669	0.0105250801379424	0.00494405122511598	0.00204055635491737	0.000767400604362268	0.000264197193413012	9.14773872860457e-05	2.88044265911646e-05	1.01323408452422e-05	2.90626158574751e-06	7.97454061703276e-07	1.79283851315481e-07	3.05902320501826e-07	2.03934880334551e-07	1.359565868897e-07	9.06377245931335e-08	6.04251497287557e-08	4.02834331525038e-08	2.68556221016692e-08	1.79037480677795e-08	1.19358320451863e-08	7.95722136345754e-09	5.30481424230502e-09	3.53654282820335e-09	2.35769521880223e-09	1.57179681253482e-09	1.04786454168988e-09	6.98576361126587e-10	6.98576361126588e-10	4.65717574084392e-10	3.10478382722928e-10	2.06985588481952e-10	1.37990392321302e-10	9.19935948808681e-11
0.0277650963831425	0.0427397996981342	0.0631812055543003	0.0943197266328263	0.143218754899999	0.214102437120098	0.303290350361812	0.402542044445379	0.507917084572951	0.624140907507045	0.751471305835702	0.873375658549427	0.965273419391836	1.01640537190768	1.03549105014001	1.03262419365478	1.00402719335221	0.93639120020703	0.822777980715446	0.67345304044053	0.513717250945597	0.369876250941378	0.256726433006849	0.174264912038413	0.115469613000451	0.0732404467122622	0.0433584327304081	0.0233639596748797	0.0114369048589315	0.00505274863940736	0.0021117263733224	0.00084831352986993	0.000348371429553988	0.00013318867390983	4.96111866029264e-05	1.52131756236224e-05	4.16914624574805e-06	9.34442455922952e-07	3.05902320501826e-07	2.03934880334551e-07	1.359565868897e-07	9.06377245931335e-08	6.04251497287557e-08	4.02834331525038e-08	2.68556221016692e-08	1.79037480677795e-08	1.19358320451863e-08	7.95722136345754e-09	5.30481424230502e-09	3.53654282820335e-09	2.35769521880223e-09	1.57179681253482e-09	1.04786454168988e-09	1.04786454168988e-09	1.04786454168988e-09	6.98576361126587e-10	4.65717574084392e-10	3.10478382722929e-10	2.06985588481953e-10	1.37990392321302e-10
0.0108414002010116	0.0181126205302139	0.0292235448452032	0.0474543458178423	0.0771547078013198	0.121427843257775	0.179371472721355	0.248372705845435	0.329129849625809	0.427515985867278	0.544198823821316	0.666086695744751	0.773425592877338	0.856321411316661	0.919826290754121	0.969764950529354	0.999297968074696	0.990242702544062	0.927286309100383	0.812132112860173	0.665691434978006	0.515730961387253	0.382652432565243	0.273653597654692	0.187849329574312	0.122099878575442	0.0739524917579434	0.0411616109933923	0.0211871789840331	0.0101991071566016	0.00484299134763404	0.0022781904961535	0.00107146371089753	0.000458013476366317	0.000176691821830913	5.62533200767302e-05	1.53934625446603e-05	3.43772414758973e-06	3.05902320501826e-07	2.03934880334551e-07	1.359565868897e-07	9.06377245931335e-08	6.04251497287557e-08	4.02834331525038e-08	2.68556221016692e-08	1.79037480677795e-08	1.19358320451863e-08	7.95722136345754e-09	5.30481424230502e-09	3.53654282820335e-09	2.35769521880223e-09	1.57179681253482e-09	1.57179681253482e-09	1.57179681253482e-09	1.57179681253482e-09	1.04786454168988e-09	6.9857636112659e-10	4.65717574084393e-10	3.10478382722929e-10	2.06985588481953e-10
0.00370853729962608	0.00684260418151768	0.0122859311648507	0.0221030769733727	0.0389517549185174	0.0649054889959417	0.100214588929779	0.145288858731272	0.203714336192031	0.282641247465027	0.384178806474986	0.498869141511768	0.610898569350132	0.71046735882675	0.799188866695684	0.880104605262303	0.946620479275661	0.980884222614552	0.964006670865323	0.889798996895155	0.770341688629204	0.628541737601872	0.486422429874488	0.358011718724924	0.250080542928388	0.16474157480399	0.101645418481674	0.0585900707240748	0.0321209455817277	0.0171642588005094	0.00932373593006585	0.00500627876234481	0.00257315925911126	0.0011653938290697	0.000457163557692623	0.000148209722006309	4.04001057037746e-05	8.926815540273e-06	3.05902320501826e-07	2.03934880334551e-07	1.359565868897e-07	9.06377245931335e-08	6.04251497287557e-08	4.02834331525038e-08	2.68556221016692e-08	1.79037480677795e-08	1.19358320451863e-08	7.95722136345754e-09	5.30481424230502e-09	3.53654282820335e-09	2.35769521880224e-09	2.35769521880223e-09	2.35769521880223e-09	2.35769521880223e-09	2.35769521880223e-09	1.57179681253482e-09	1.04786454168988e-09	6.9857636112659e-10	4.65717574084393e-10	3.10478382722929e-10
0.00114508166841054	0.00242437963024149	0.00506544740742805	0.0104462779045522	0.0202862590618389	0.0360082190832626	0.0583171427671486	0.088986318748757	0.132765013202558	0.196916992653161	0.283928859844578	0.386453292257545	0.491504242393133	0.590101647855041	0.682608493365082	0.771486035908481	0.852267062923026	0.910135638583397	0.926186422057823	0.888629114565816	0.800039803718761	0.67551208932791	0.535660543472252	0.399524018140685	0.280764934634303	0.186221875369307	0.117010642031221	0.0703812269341237	0.0416914166849051	0.0248853249895409	0.015126378923593	0.00883887582040933	0.00474254713049002	0.00219422305731919	0.00086180162928456	0.000280485330080656	7.58138917397663e-05	1.63617280623369e-05	3.05902320501826e-07	2.03934880334551e-07	1.359565868897e-07	9.06377245931335e-08	6.04251497287557e-08	4.02834331525038e-08	2.68556221016692e-08	1.79037480677795e-08	1.19358320451863e-08	7.95722136345754e-09	5.30481424230502e-09	3.53654282820335e-09	3.53654282820335e-09	3.53654282820335e-09	3.53654282820335e-09	3.53654282820335e-09	3.53654282820335e-09	2.35769521880224e-09	1.57179681253482e-09	1.04786454168988e-09	6.9857636112659e-10	4.65717574084395e-10
0.00034031304299562	0.000905382672330991	0.0023365844456252	0.00562488456312958	0.0120205577059944	0.0226687083782589	0.0384738937664693	0.0615133114734307	0.0961910532957436	0.148473840954728	0.220165305501209	0.305457468096152	0.394587548634512	0.481007497416252	0.565474172778111	0.650254755109396	0.732182730015834	0.799190734826102	0.834065411534883	0.822684700360744	0.761111436933587	0.657506475991325	0.529457513965968	0.398001472983811	0.280974774575599	0.188284801628739	0.121726981383265	0.077631841211678	0.0501693212678476	0.0328623144099022	0.0213086093953016	0.0128206361859574	0.0068825766568947	0.0031539131760573	0.00121796150433191	0.000391755993400877	0.000103891961174665	2.11674651364617e-05	3.05902320501826e-07	2.03934880334551e-07	1.359565868897e-07	9.06377245931337e-08	6.04251497287558e-08	4.02834331525039e-08	2.68556221016693e-08	1.79037480677795e-08	1.19358320451863e-08	7.95722136345756e-09	5.30481424230504e-09	5.30481424230502e-09	5.30481424230502e-09	5.30481424230502e-09	5.30481424230502e-09	5.30481424230502e-09	5.30481424230502e-09	3.53654282820335e-09	2.35769521880224e-09	1.57179681253482e-09	1.04786454168989e-09	6.98576361126592e-10
0.000122906282752901	0.000423102263741395	0.00130399062381917	0.00348471574636122	0.00791596728887972	0.0155727797831558	0.0273718342529337	0.0451329514365976	0.0721610618724411	0.112555021028671	0.167300985093813	0.232471235309641	0.302252286098005	0.373399415197334	0.447278722356209	0.525053466123175	0.603184760987482	0.671292814276811	0.714743903298032	0.720158117324535	0.680932192022683	0.600447314550209	0.492207195087147	0.375827685681392	0.27001693994228	0.186137741773333	0.126509717860779	0.0868903711407285	0.06075537155896	0.0420081527138098	0.0275717136679799	0.0162829363290995	0.0084283276225828	0.00371138138557537	0.00137669313961799	0.000428145453979524	0.000109082061107867	1.93292769846512e-05	3.05902320501826e-07	2.03934880334551e-07	2.03934880334551e-07	1.359565868897e-07	9.06377245931337e-08	6.04251497287558e-08	4.02834331525039e-08	2.68556221016692e-08	1.79037480677795e-08	1.19358320451863e-08	7.95722136345756e-09	7.95722136345754e-09	7.95722136345754e-09	7.95722136345754e-09	7.95722136345754e-09	7.95722136345754e-09	7.95722136345754e-09	5.30481424230502e-09	3.53654282820335e-09	2.35769521880224e-09	1.57179681253483e-09	1.04786454168989e-09
5.95626583276218e-05	0.000230839881730216	0.000764661400706721	0.00212811591096267	0.00497114181668747	0.0100373679829585	0.0181197187243634	0.0306508372054836	0.049870679109704	0.0783131926777203	0.116464881618667	0.162228832903424	0.213278352765684	0.269278987443082	0.332160545680593	0.40204229243414	0.474713932903305	0.540949898177875	0.58867460942738	0.606543558572772	0.587640720766488	0.532344148327683	0.449627287951594	0.35509064595385	0.26551791141947	0.192498239806466	0.139321710809555	0.102277348543483	0.0751110067513145	0.0528122158398821	0.0340547531225581	0.0193232565563568	0.00947880920947665	0.00393792558686743	0.00137710180766667	0.000404803184492707	9.62673143045523e-05	1.24586056444533e-05	3.05902320501826e-07	3.05902320501826e-07	3.05902320501826e-07	2.03934880334551e-07	1.359565868897e-07	9.06377245931337e-08	6.04251497287556e-08	4.02834331525038e-08	2.68556221016692e-08	1.79037480677795e-08	1.19358320451863e-08	1.19358320451863e-08	1.19358320451863e-08	1.19358320451863e-08	1.19358320451863e-08	1.19358320451863e-08	1.19358320451863e-08	7.95722136345753e-09	5.30481424230504e-09	3.53654282820336e-09	2.35769521880224e-09	1.57179681253483e-09
2.78187532730869e-05	0.000112384454368328	0.000382805270792188	0.00108621469503976	0.00258376296658133	0.00534547519204976	0.00996142840005257	0.0174897057354635	0.0293974223566126	0.0472205456622861	0.0712644425987086	0.100737116339159	0.135507058036512	0.177064230857217	0.227962978674251	0.28835052009328	0.354354797173603	0.417987090485744	0.469080773042717	0.498046282624044	0.498479728701291	0.469033425341273	0.414400866436206	0.344688129490814	0.272599977593098	0.208889604429006	0.158569719043983	0.120223098514073	0.089298500493871	0.0622807998089396	0.0391733643520692	0.0214461314090491	0.0100591772347106	0.00397249314626601	0.0013165723685121	0.000365416636355022	8.02753361404266e-05	5.85291264096942e-06	5.30299245808591e-08	1.24610688194089e-08	2.39913178937336e-09	3.05902320501826e-07	2.03934880334551e-07	1.359565868897e-07	9.06377245931335e-08	6.04251497287557e-08	4.02834331525038e-08	2.68556221016692e-08	1.79037480677795e-08	1.79037480677795e-08	1.79037480677795e-08	1.79037480677795e-08	1.79037480677795e-08	1.79037480677795e-08	1.79037480677795e-08	1.19358320451863e-08	7.95722136345756e-09	5.30481424230504e-09	3.53654282820336e-09	2.35769521880224e-09
1.06805930907676e-05	4.32367083997618e-05	0.000148480073228587	0.000427760745894953	0.00103707006128114	0.00221578998092588	0.00432626698248987	0.0080544581027952	0.0142955391130643	0.0239920275432489	0.0374683212331397	0.0547540694342231	0.0767714035410064	0.105705606058077	0.14443900737302	0.193860333431912	0.251561363355313	0.311434603821525	0.365027588532248	0.403961841860083	0.422238808439576	0.417237426524486	0.389687908668711	0.343694667848813	0.286827021642047	0.228507022824624	0.176319951048056	0.132885047742324	0.0966956669963017	0.0657295101047971	0.0402397932608321	0.0214501602352036	0.00978852487577993	0.00375747758994872	0.00121300430385986	0.000328636866825691	6.98373403806545e-05	3.45861952159048e-06	4.65888782769479e-07	1.07663756139273e-07	2.07285220602229e-08	3.05902320501826e-07	2.03934880334551e-07	1.359565868897e-07	9.06377245931335e-08	6.04251497287557e-08	4.02834331525038e-08	2.68556221016692e-08	2.68556221016692e-08	2.68556221016692e-08	2.68556221016692e-08	2.68556221016692e-08	2.68556221016692e-08	2.68556221016692e-08	2.68556221016692e-08	1.79037480677795e-08	1.19358320451863e-08	7.95722136345756e-09	5.30481424230504e-09	3.53654282820338e-09
3.01906861734663e-06	1.22330911752786e-05	4.23063666918839e-05	0.000124950191513823	0.000311938495600121	0.000700257528869009	0.00146483910592084	0.0029669981236624	0.0056717278123664	0.0101346867446507	0.0167271353793367	0.0259147544780794	0.0389286829098178	0.0578328736648472	0.0853126647733698	0.122984180800641	0.170441728073214	0.224254560121018	0.278250551239381	0.325235310332659	0.359110214200833	0.375496128079686	0.371153210602923	0.344651059190727	0.298986411734628	0.242665974181026	0.186245359961548	0.136833570114141	0.0961820659967765	0.0633196121097266	0.0378419999872994	0.019882662953373	0.00903588360491744	0.00350183930157424	0.00116909326025817	0.000339905148857961	8.28327324079219e-05	1.05310536355369e-05	2.86839381795682e-06	6.59941036296646e-07	1.26412390557942e-07	3.05902320501826e-07	2.03934880334551e-07	1.359565868897e-07	9.06377245931335e-08	6.04251497287557e-08	4.02834331525038e-08	4.02834331525038e-08	4.02834331525038e-08	4.02834331525038e-08	4.02834331525038e-08	4.02834331525038e-08	4.02834331525038e-08	4.02834331525038e-08	4.02834331525038e-08	2.68556221016692e-08	1.79037480677795e-08	1.19358320451863e-08	7.95722136345758e-09	5.30481424230506e-09
6.19354624563952e-07	2.50958906617371e-06	8.73248370941487e-06	2.69251533206546e-05	7.03932109450908e-05	0.000169979167228888	0.000389607882908662	0.000879735961668098	0.0018364901581076	0.00356115556301358	0.00639534468301119	0.010892600292425	0.0181208085657118	0.0295762621165047	0.0473031442827571	0.0731480204249891	0.108361416363537	0.152375740464925	0.202064097345928	0.25222585191261	0.296909873407725	0.329785986506412	0.343854726380807	0.333236089820841	0.297624573593906	0.244903720075936	0.18762544727775	0.135931874802112	0.0938134438364038	0.0609826638528048	0.0364724797721494	0.0195756003354962	0.0093578550525958	0.00398210980818446	0.00154294390904713	0.0005503867448092	0.000176142629134436	4.41484175243047e-05	1.24596530514105e-05	2.8537491222718e-06	5.44149236141125e-07	3.05902320501826e-07	2.03934880334551e-07	1.359565868897e-07	9.06377245931335e-08	6.04251497287556e-08	6.04251497287557e-08	6.04251497287557e-08	6.04251497287557e-08	6.04251497287557e-08	6.04251497287557e-08	6.04251497287557e-08	6.04251497287557e-08	6.04251497287557e-08	6.04251497287557e-08	4.02834331525038e-08	2.68556221016692e-08	1.79037480677795e-08	1.19358320451864e-08	7.95722136345758e-09
8.88474335784733e-08	3.60004654882671e-07	1.26216863735984e-06	4.2176980585208e-06	1.1887877386696e-05	3.18384094092909e-05	8.14009049866281e-05	0.000215253417173017	0.000507335422023633	0.00112572961960398	0.00235005364908451	0.00465017182252384	0.00875320332207959	0.015455428071864	0.0258341345193785	0.0411956203867363	0.063329077029688	0.0937430135306001	0.132513005862173	0.17751230681717	0.22432818363136	0.265968695550085	0.293025875376569	0.296618507917524	0.273906783173656	0.231275559395144	0.180900206132011	0.133460749841367	0.0939130657527382	0.0627719179034868	0.0393275337775419	0.0228160413084071	0.012274921107799	0.0061309736701514	0.0028456058958287	0.00120214646337767	0.000446317637791938	0.000136749841238244	3.84696110826678e-05	8.75352154568204e-06	1.6533068948072e-06	3.05902320501826e-07	2.03934880334551e-07	1.359565868897e-07	1.359565868897e-07	9.06377245931337e-08	9.06377245931335e-08	9.06377245931335e-08	9.06377245931335e-08	9.06377245931335e-08	9.06377245931335e-08	9.06377245931335e-08	9.06377245931335e-08	9.06377245931335e-08	9.06377245931335e-08	6.04251497287556e-08	4.02834331525039e-08	2.68556221016693e-08	1.79037480677795e-08	1.19358320451864e-08
3.05902320501826e-07	3.05902320501826e-07	7.90153350537029e-09	1.67408865379569e-07	8.24468825796115e-07	3.37020155190886e-06	1.13510965174067e-05	5.12626814340857e-05	0.00016104040121797	0.000469812656267367	0.00123880656782718	0.00288354140061525	0.00587397199610741	0.0104198207451223	0.0165497593150639	0.0244869137333738	0.0354693071794158	0.0517924212063859	0.0758230011541468	0.108508880508595	0.148069109130659	0.188854933352484	0.221463936397309	0.236008491717844	0.227743519106255	0.200419599346092	0.163589292907284	0.126399359592146	0.0937510517557097	0.066893877127564	0.0456933781136109	0.0296676678440895	0.0181733504261325	0.0103253851417481	0.00531918038164041	0.00241359298157678	0.000939027106588041	0.00030390569849768	8.48625223828092e-05	1.91205810153877e-05	3.54565114519169e-06	3.05902320501826e-07	2.03934880334551e-07	2.03934880334551e-07	2.03934880334551e-07	1.359565868897e-07	1.359565868897e-07	1.359565868897e-07	1.359565868897e-07	1.359565868897e-07	1.359565868897e-07	1.359565868897e-07	1.359565868897e-07	1.359565868897e-07	1.359565868897e-07	9.06377245931337e-08	6.04251497287558e-08	4.02834331525039e-08	2.68556221016693e-08	1.79037480677795e-08
2.03934880334551e-07	2.03934880334551e-07	3.05902320501826e-07	1.89417255253376e-08	9.82233662836993e-08	4.17325204336397e-07	1.45277695144377e-06	2.4731453420373e-05	0.0001023106411465	0.000361531430709901	0.00107082358351167	0.00263618344875688	0.00540145871782956	0.00923661609969574	0.0134436421519199	0.0173129250830589	0.021214948175818	0.0272162927576685	0.0384338178766048	0.0574960135192525	0.0848498933946416	0.117235102551803	0.147372524906976	0.166533849034941	0.16931837783554	0.156913375895882	0.135557097996658	0.111916750137892	0.0898584107036474	0.0704366142912165	0.0534435982305655	0.03855018221374	0.0258207344525142	0.0156363487488123	0.00835247930230333	0.0038504561027431	0.0015048876377989	0.000491074632277183	0.000135426784950728	3.00411946217745e-05	5.36717311276807e-06	3.05902320501826e-07	3.05902320501826e-07	3.05902320501826e-07	3.05902320501826e-07	2.03934880334551e-07	2.03934880334551e-07	2.03934880334551e-07	2.03934880334551e-07	2.03934880334551e-07	2.03934880334551e-07	2.03934880334551e-07	2.03934880334551e-07	2.03934880334551e-07	2.03934880334551e-07	1.359565868897e-07	9.06377245931337e-08	6.04251497287558e-08	4.02834331525039e-08	2.68556221016692e-08
1.359565868897e-07	1.359565868897e-07	2.03934880334551e-07	3.05902320501826e-07	3.05902320501826e-07	3.05902320501826e-07	3.05902320501826e-07	1.81279045667593e-05	8.15577883857456e-05	0.000300921305603579	0.000910132417124572	0.00225680025643252	0.00459822804331485	0.00771449360837231	0.0107459522679718	0.0127002506132214	0.0134305948882174	0.0143432838470112	0.0180405245320323	0.0271925749969229	0.0432036108072071	0.0648908276010966	0.0878081624068245	0.105672088082596	0.113768487776759	0.111820400285725	0.103464298408606	0.0929794808131139	0.0825264982571268	0.0718717908237713	0.0599200081138356	0.0463619779656461	0.0323527527185994	0.0198975508626288	0.010598225504892	0.0048236628158583	0.0018559375491246	0.000599495196234112	0.000163899724232522	3.6570082058747e-05	6.5618343911809e-06	3.01755188005351e-07	9.07446600326348e-08	2.23589773527895e-08	4.51385204763213e-09	3.05902320501826e-07	3.05902320501826e-07	3.05902320501826e-07	3.05902320501826e-07	3.05902320501826e-07	3.05902320501826e-07	3.05902320501826e-07	3.05902320501826e-07	3.05902320501826e-07	3.05902320501826e-07	2.03934880334551e-07	1.359565868897e-07	9.06377245931337e-08	6.04251497287556e-08	4.02834331525038e-08
9.06377245931335e-08	9.06377245931337e-08	1.359565868897e-07	2.03934880334551e-07	2.03934880334551e-07	2.03934880334551e-07	3.05902320501826e-07	1.17477330077967e-05	5.28532748577571e-05	0.000194862740272713	0.00058873795632386	0.00145762754297121	0.00295945620748175	0.00493157506957992	0.00676537464159234	0.0077311010758347	0.00760340531230241	0.00715119581981936	0.00799628435527379	0.0120264805819241	0.0206417333221756	0.0338456423075793	0.0494213634185819	0.063407502134033	0.0722877417597345	0.0753675738965345	0.0748835308925876	0.0735807645369063	0.0721572617311876	0.0688887651961108	0.061509761683824	0.049538006883436	0.0350649289484185	0.0214503885670911	0.0112240417503736	0.00499652669772199	0.00189139670937664	0.000614883203502169	0.000177815404153587	4.66964548925703e-05	1.17152003664753e-05	3.77555275261157e-06	3.43637002644895e-06	4.87289790825902e-06	6.75595764048505e-06	7.89164258420502e-06	7.59528179659692e-06	5.98942182885036e-06	3.86981707382363e-06	2.04861570374057e-06	8.88577033936698e-07	3.15786963246747e-07	9.19512918660108e-08	2.19374426920371e-08	4.28823610540567e-09	3.05902320501826e-07	2.03934880334551e-07	1.359565868897e-07	9.06377245931335e-08	6.04251497287557e-08
6.04251497287557e-08	6.04251497287558e-08	9.06377245931337e-08	1.359565868897e-07	1.359565868897e-07	2.03934880334551e-07	3.05902320501826e-07	5.42056380399584e-06	2.43872199365156e-05	8.98968874056796e-05	0.000271531162275345	0.000672002553950618	0.00136300254649039	0.00226658066772247	0.00309382476653103	0.00349584171859473	0.00335257678389805	0.00302032347292121	0.00332889333254632	0.00539673688287503	0.0102944094805611	0.0184359026485381	0.0287763946021294	0.0387937765448867	0.045961094108632	0.0497227304765703	0.0518906172446672	0.0546804809307391	0.0581990083082004	0.0598762544083872	0.056495055793435	0.0470420819487186	0.0337924390267558	0.0207059332911851	0.0108062132319904	0.00485832391508262	0.00194587145284482	0.000741110449041701	0.000289703865424927	0.000116479116283144	4.69195975586713e-05	2.49949757989928e-05	2.60902765713098e-05	3.89283779504286e-05	5.44528116314699e-05	6.37021802650898e-05	6.13099243925924e-05	4.83472515327459e-05	3.12375759798134e-05	1.65366443628316e-05	7.17268854883859e-06	2.5490660332707e-06	7.42240630839032e-07	1.7708137615358e-07	3.46150990102571e-08	3.05902320501826e-07	2.03934880334551e-07	1.359565868897e-07	9.06377245931335e-08	6.04251497287557e-08
4.02834331525038e-08	4.02834331525039e-08	6.04251497287556e-08	9.06377245931335e-08	1.359565868897e-07	2.03934880334551e-07	3.05902320501826e-07	1.77069516213482e-06	7.96639130558221e-06	2.93659459377407e-05	8.8693313624678e-05	0.000219483709759371	0.000445043116250597	0.000739566571091868	0.00100761411384273	0.00113724434408445	0.00109705685010181	0.00104293710396788	0.00136998001743934	0.00271197479799867	0.00579891290735441	0.0110221407153606	0.0177830606624964	0.02435249637666	0.0289656039564842	0.0314039552140902	0.0334179206600799	0.0371173719827895	0.0426288636259841	0.0472950446273694	0.0474390039370928	0.0413490333230805	0.0307733275000378	0.0195378972076397	0.0107976958873771	0.0054762557744273	0.00277209287989922	0.00147940511790537	0.0008009770980731	0.000405481457911843	0.000192503961540927	0.000119590896814299	0.000141789811190309	0.000220108386501348	0.000309910399205107	0.000362951218879317	0.00034932103885752	0.000275464572801939	0.000177980035055753	9.42196201556502e-05	4.08672990564716e-05	1.45236257209628e-05	4.22900975357064e-06	1.00894350944203e-06	1.97223899168271e-07	3.05902320501826e-07	2.03934880334551e-07	1.359565868897e-07	9.06377245931335e-08	6.04251497287557e-08
2.68556221016692e-08	4.02834331525038e-08	6.04251497287557e-08	9.06377245931335e-08	1.359565868897e-07	2.03934880334551e-07	3.05902320501826e-07	4.08272580815078e-07	1.83682612776303e-06	6.77096249679851e-06	2.04501874907315e-05	5.06067800638758e-05	0.00010260880806309	0.000170485096153731	0.00023214281643389	0.000265141743560551	0.000270846612563785	0.000320217792472513	0.000601863854100293	0.00145993505207596	0.00332622954709021	0.00643377280219249	0.0103995658147713	0.0141266873557797	0.0165708106462228	0.0178281901852075	0.0194380639326422	0.0232156354448563	0.0293750932606573	0.0356393576466047	0.0384630696321965	0.0356929934722966	0.0283198693954985	0.019593493243202	0.0124739998570288	0.00792497888390103	0.00526754345073418	0.00350710926506052	0.00215128133871303	0.00115955477480436	0.000587143291419839	0.000413888582403923	0.000550058106031315	0.000880223349928055	0.00124533873493266	0.00145965189397875	0.00140483648890719	0.00110781384522115	0.000715768075009317	0.000378915512213453	0.00016435274870756	5.84085041965123e-05	1.7007470357901e-05	4.05758743288397e-06	7.93159584496565e-07	3.05902320501826e-07	2.03934880334551e-07	1.359565868897e-07	9.06377245931335e-08	6.04251497287557e-08
2.68556221016692e-08	4.02834331525038e-08	6.04251497287557e-08	9.06377245931335e-08	1.359565868897e-07	2.03934880334551e-07	3.05902320501826e-07	6.64452134559059e-08	2.98938282597724e-07	1.10195508966958e-06	3.32821045763642e-06	8.23611102403016e-06	1.66992947226504e-05	2.77420527078502e-05	3.77610082007579e-05	4.51103407275762e-05	5.47771805865498e-05	9.78489955289238e-05	0.000257823019958119	0.000696040944834804	0.0016191189131762	0.00313164809708931	0.00503946899346045	0.00681680943916846	0.00803778120732039	0.00896888694817699	0.0107158444384808	0.0145301662285024	0.0205745105734663	0.0271565845556341	0.0313788098923056	0.0311364007098832	0.0268034735728803	0.0208462070426358	0.0157010734750294	0.0121135113989067	0.00940715556326329	0.00683546154121881	0.0043621496299457	0.00240614364081298	0.00128505161260588	0.00103578204169359	0.00151958066620944	0.00248831823374888	0.00353296972739965	0.00414340517839177	0.00398780476834464	0.00314466869937841	0.00203179755444094	0.00107559925894293	0.000466535913725013	0.000165799873071291	4.82778401089767e-05	1.15179714084854e-05	2.25148307158088e-06	3.05902320501826e-07	2.03934880334551e-07	1.359565868897e-07	9.06377245931335e-08	6.04251497287557e-08
2.68556221016692e-08	4.02834331525038e-08	6.04251497287557e-08	9.06377245931335e-08	1.359565868897e-07	2.03934880334551e-07	3.05902320501826e-07	7.63280664953892e-09	3.43401426910586e-08	1.26585643998343e-07	3.82323806198176e-07	9.46112439420128e-07	1.91830955417492e-06	3.18683187797807e-06	4.33774623478796e-06	5.98274555403343e-06	1.05238256995312e-05	2.91303142122077e-05	9.16334916415693e-05	0.000257710248445773	0.000604635191138978	0.00117881861605385	0.00194052006583802	0.0027757302242564	0.00366947827091645	0.00492194978838096	0.00713607090803864	0.0108795837743376	0.0160921760779307	0.0216603293193582	0.0256704133593021	0.0265899103510222	0.02451990679558	0.0211160430960293	0.0180381158469939	0.0155888307423539	0.0130055112386318	0.00978331180120234	0.00634227982873667	0.00355455271187929	0.00201709277774569	0.00187167968878458	0.00298342387618485	0.00497055368487297	0.00707567986972895	0.00830180613150659	0.007990042163809	0.00630071855540557	0.00407094857230084	0.00215509131704137	0.000934760310029263	0.000332199807550685	9.67304069422829e-05	2.30776285554085e-05	4.51111469042676e-06	3.05902320501826e-07	2.03934880334551e-07	1.359565868897e-07	9.06377245931335e-08	6.04251497287557e-08
1.79037480677795e-08	2.68556221016692e-08	4.02834331525038e-08	6.04251497287556e-08	9.06377245931337e-08	1.359565868897e-07	2.03934880334551e-07	3.05902320501826e-07	3.05902320501826e-07	3.05902320501826e-07	3.05902320501826e-07	3.05902320501826e-07	3.05902320501826e-07	3.05902320501826e-07	3.05902320501826e-07	3.18037617077864e-07	1.67023596168355e-06	7.04874892287185e-06	2.43892455577236e-05	7.23628497747358e-05	0.000177608015915197	0.000378721893311329	0.000739382817834109	0.00138891220933389	0.0025508754512366	0.00450336685763362	0.00738534590317262	0.0110327964678099	0.0149496192004072	0.018409886164368	0.0205938836643975	0.0209639699373229	0.0197742855628874	0.0180229867822912	0.0165390160700281	0.015159344676954	0.0130870157584206	0.0100044259694871	0.00654216818256633	0.0037280686596245	0.00227668345734378	0.00243657297727713	0.00415598911314231	0.00701395010103239	0.0100035419844716	0.0117407230448498	0.0112998148446198	0.00891071055752754	0.00575728690360743	0.00304781030644851	0.00132197280200517	0.000469809325130214	0.000136799739711442	3.26372407532717e-05	6.37978620132413e-06	3.05902320501826e-07	2.03934880334551e-07	1.359565868897e-07	9.06377245931335e-08	6.04251497287557e-08
1.19358320451863e-08	1.79037480677795e-08	2.68556221016692e-08	4.02834331525039e-08	6.04251497287558e-08	9.06377245931337e-08	1.359565868897e-07	2.03934880334551e-07	2.03934880334551e-07	2.03934880334551e-07	2.03934880334551e-07	2.03934880334551e-07	2.03934880334551e-07	2.03934880334551e-07	3.05902320501826e-07	6.26934701670531e-08	3.2623845267157e-07	1.3746704974268e-06	4.74792936397612e-06	1.82753679653272e-05	5.65681495700085e-05	0.000168483357284433	0.000479328142230916	0.00124793791637269	0.00283181830541593	0.00548080344423193	0.00897784781663245	0.0125236570605296	0.0151270545187331	0.0162331758142546	0.0159356065626774	0.0147299124902452	0.0132472224676807	0.0120644280802975	0.0113654686686129	0.0107094945694268	0.00940716236259648	0.00725430908180799	0.00477530330550812	0.00277709010534781	0.00185270306079739	0.00227877091196088	0.00410246513888673	0.00699014216982205	0.00998351021319619	0.0117199072063206	0.0112797807189261	0.00889491221943223	0.00574707946117871	0.00304240665907822	0.00131962899640807	0.000468976371741051	0.000136557199172687	3.25793762136719e-05	6.36847509221183e-06	3.05902320501826e-07	2.03934880334551e-07	1.359565868897e-07	9.06377245931335e-08	6.04251497287557e-08
7.95722136345756e-09	1.19358320451863e-08	1.79037480677795e-08	2.68556221016693e-08	4.02834331525039e-08	6.04251497287558e-08	9.06377245931337e-08	1.359565868897e-07	1.359565868897e-07	1.359565868897e-07	1.359565868897e-07	1.359565868897e-07	1.359565868897e-07	2.03934880334551e-07	3.05902320501826e-07	8.7231472015847e-09	4.47528262870927e-08	1.88118826028292e-07	6.47900891869831e-07	7.0810870292407e-06	3.17990159394315e-05	0.000126586400329514	0.000430804076968329	0.00122895347203036	0.00289971629232695	0.00565137829984368	0.00910927321471332	0.012213104475934	0.0137732591919238	0.0133315109302072	0.0114438092950843	0.00915166581917	0.00729023101227044	0.00619602196347313	0.00572979641581903	0.00542625063911702	0.00480430095638344	0.00372534579776927	0.00247060851053399	0.00147679021094033	0.00109357575887624	0.00152938240846655	0.00286828495250251	0.00491997960694196	0.00703333109737426	0.00825779625135423	0.00794763574996152	0.00626726838107155	0.00404933404594718	0.00214364895238374	0.000929797240367082	0.000330436006960365	9.62168210069851e-05	2.29550988791594e-05	4.4871631210004e-06	3.05902320501826e-07	2.03934880334551e-07	1.359565868897e-07	9.06377245931335e-08	6.04251497287557e-08
5.30481424230504e-09	7.95722136345758e-09	1.19358320451864e-08	1.79037480677795e-08	2.68556221016693e-08	4.02834331525039e-08	6.04251497287556e-08	9.06377245931335e-08	9.06377245931335e-08	9.06377245931335e-08	9.06377245931335e-08	9.06377245931335e-08	9.06377245931337e-08	1.359565868897e-07	2.03934880334551e-07	3.05902320501826e-07	3.05902320501826e-07	3.05902320501826e-07	3.05902320501826e-07	4.02980675125445e-06	2.11524255367686e-05	9.09705154266661e-05	0.00032064668971876	0.000927350761907413	0.00219761448715359	0.00427394763511109	0.00683167726503987	0.00900218721681567	0.00983343548189658	0.0090025117208588	0.00705718570326172	0.00494303094718764	0.00335418731500344	0.00247831012373845	0.00212944109922506	0.0019817243154901	0.00176489753982108	0.00138881406686456	0.000947583949860744	0.000601738319977573	0.000499834232666953	0.00075430777731945	0.00142978487121381	0.0024499297066961	0.00349931062015847	0.00410738447089519	0.00395271795971127	0.00311691787605875	0.00201384982428361	0.00106609803417044	0.000462414803986527	0.000164335292421758	4.78513814566565e-05	1.1416228278444e-05	2.23159476600919e-06	3.05902320501826e-07	2.03934880334551e-07	1.359565868897e-07	9.06377245931335e-08	6.04251497287557e-08
3.53654282820338e-09	5.30481424230506e-09	7.95722136345758e-09	1.19358320451864e-08	1.79037480677795e-08	2.68556221016692e-08	4.02834331525038e-08	6.04251497287557e-08	6.04251497287557e-08	6.04251497287557e-08	6.04251497287557e-08	6.04251497287557e-08	6.04251497287558e-08	9.06377245931337e-08	1.359565868897e-07	2.03934880334551e-07	2.03934880334551e-07	2.03934880334551e-07	3.05902320501826e-07	2.18215906021805e-06	1.14541366074883e-05	4.92609563446709e-05	0.000173594636384452	0.000501553743798071	0.00118731414710718	0.00230448132913123	0.00366960286917662	0.00480037144413788	0.00517166810758503	0.00461275832713325	0.00344495105651746	0.00221204264162029	0.00130421488432414	0.000813968132680211	0.000634356960401633	0.00060826244481485	0.000613781580324492	0.000587291699016414	0.000518479786338537	0.000426847614916925	0.00036221987492607	0.000391919486300209	0.00057132668735882	0.000890728414339455	0.00123944921202867	0.00144511108832405	0.00138832888554336	0.00109430220451318	0.000706931984518129	0.000374237835363463	0.000162323829270161	5.76874566301919e-05	1.67975147139493e-05	4.00749689240771e-06	7.8336810299961e-07	3.05902320501826e-07	2.03934880334551e-07	1.359565868897e-07	9.06377245931335e-08	6.04251497287557e-08
2.35769521880225e-09	3.53654282820338e-09	5.30481424230506e-09	7.95722136345758e-09	1.19358320451863e-08	1.79037480677795e-08	2.68556221016692e-08	4.02834331525038e-08	4.02834331525038e-08	4.02834331525038e-08	4.02834331525038e-08	4.02834331525038e-08	4.02834331525039e-08	6.04251497287558e-08	9.06377245931337e-08	1.359565868897e-07	1.359565868897e-07	2.03934880334551e-07	3.05902320501826e-07	8.34056863655854e-07	4.37795824735746e-06	1.88283427631616e-05	6.63463601880795e-05	0.000191608637374848	0.000453392244396584	0.000879263586940356	0.00139787383326242	0.00182291642116236	0.0019520533085224	0.00172055744338147	0.0012561359466836	0.000773506441417389	0.000431732759473657	0.0002827028366464	0.000315078362734761	0.000501295796363425	0.000792084535204722	0.00108734919409367	0.0012538151201045	0.00120193461685009	0.000962300858803043	0.000665366193691088	0.00044454212922147	0.000352999738139064	0.000354425770373985	0.00037193195113166	0.000347322530419583	0.000271795592454321	0.000175160128342485	9.27268092383177e-05	4.0219799628087e-05	1.42935141263746e-05	4.16200553598617e-06	9.92957859283621e-07	1.94099093641026e-07	3.05902320501826e-07	2.03934880334551e-07	1.359565868897e-07	9.06377245931335e-08	6.04251497287557e-08
1.57179681253484e-09	2.35769521880225e-09	3.53654282820338e-09	5.30481424230504e-09	7.95722136345756e-09	1.19358320451863e-08	1.79037480677795e-08	2.68556221016692e-08	2.68556221016692e-08	2.68556221016692e-08	2.68556221016692e-08	2.68556221016692e-08	2.68556221016693e-08	4.02834331525039e-08	6.04251497287556e-08	9.06377245931335e-08	1.359565868897e-07	2.03934880334551e-07	3.05902320501826e-07	2.25015269892935e-07	1.18110347092067e-06	5.07958727168706e-06	1.78991922429578e-05	5.16843459114415e-05	0.000122277801837409	0.000237057552614868	0.000376642310407361	0.000490548435511829	0.000523989554359517	0.000459528139141485	0.000335272462122057	0.000215454726425959	0.000167125674000243	0.000259761997260954	0.000583645481528844	0.00122041678286293	0.00213465480147456	0.00307166981085762	0.00362638756440237	0.00351030772280022	0.00278699402123131	0.00181884386996968	0.000984579203223736	0.000457494049192772	0.000203496988435611	0.000106506263996178	7.06950810316305e-05	4.94915891309811e-05	3.06337350272357e-05	1.62169811760675e-05	7.03403620626653e-06	2.49979106831476e-06	7.27892677276394e-07	1.73658287661392e-07	3.39459685254387e-08	3.05902320501826e-07	2.03934880334551e-07	1.359565868897e-07	9.06377245931335e-08	6.04251497287557e-08
1.04786454168989e-09	1.57179681253484e-09	2.35769521880224e-09	3.53654282820336e-09	5.30481424230504e-09	7.95722136345756e-09	1.19358320451863e-08	1.79037480677795e-08	1.79037480677795e-08	1.79037480677795e-08	1.79037480677795e-08	1.79037480677795e-08	2.68556221016692e-08	4.02834331525038e-08	6.04251497287557e-08	9.06377245931335e-08	1.359565868897e-07	2.03934880334551e-07	3.05902320501826e-07	4.28484774751452e-08	2.24911338211137e-07	9.67279157976607e-07	3.40844928440011e-06	9.84070852162237e-06	2.32787912628847e-05	4.51189526286508e-05	7.16509773615865e-05	9.32287269224131e-05	9.93898223894658e-05	8.68157658972328e-05	6.97103454858611e-05	7.25628034214479e-05	0.000158640366843275	0.000458624950781992	0.00118688249315226	0.00254606348342206	0.00448147732801568	0.00646418524302878	0.00763984096249206	0.00739816914099687	0.00587013807873478	0.00381694113731474	0.00203498812874979	0.000891519811479059	0.000323704720384539	0.00010062353964327	2.9724712762868e-05	1.023921033271e-05	3.78156632351299e-06	2.00189724922338e-06	8.68313132967282e-07	3.08585476480525e-07	8.98543528261532e-08	2.14371617380446e-08	4.19044335536301e-09	3.05902320501826e-07	2.03934880334551e-07	1.359565868897e-07	9.06377245931335e-08	6.04251497287557e-08
6.98576361126595e-10	1.04786454168989e-09	1.57179681253483e-09	2.35769521880224e-09	3.53654282820336e-09	5.30481424230504e-09	7.95722136345753e-09	1.19358320451863e-08	1.19358320451863e-08	1.19358320451863e-08	1.19358320451863e-08	1.79037480677795e-08	2.68556221016692e-08	4.02834331525038e-08	6.04251497287557e-08	9.06377245931335e-08	1.359565868897e-07	2.03934880334551e-07	3.05902320501826e-07	5.75924921924194e-09	3.02302561331968e-08	1.3001166117506e-07	4.58128503898272e-07	1.32268627054056e-06	3.12889438098315e-06	6.06442300896926e-06	9.63058338926991e-06	1.2530841336201e-05	1.33589520731317e-05	1.16688774356465e-05	1.9636527877873e-05	5.8703023923194e-05	0.000212542834502413	0.000673683430008649	0.00176458549629851	0.00379099789646933	0.00667398860367822	0.0096269501525857	0.0113777823969211	0.0110177027109284	0.00874156118358681	0.0056826574719004	0.00302676346211328	0.00132090021801192	0.000472308831966161	0.000138371499534712	3.32148085737888e-05	6.53252959559644e-06	3.05902320501826e-07	3.05902320501826e-07	3.05902320501826e-07	3.05902320501826e-07	3.05902320501826e-07	3.05902320501826e-07	3.05902320501826e-07	2.03934880334551e-07	1.359565868897e-07	9.06377245931337e-08	6.04251497287556e-08	4.02834331525038e-08
4.65717574084395e-10	6.98576361126592e-10	1.04786454168989e-09	1.57179681253483e-09	2.35769521880224e-09	3.53654282820335e-09	5.30481424230502e-09	7.95722136345754e-09	7.95722136345754e-09	7.95722136345754e-09	7.95722136345756e-09	1.19358320451863e-08	1.79037480677795e-08	2.68556221016692e-08	4.02834331525038e-08	6.04251497287556e-08	9.06377245931337e-08	1.359565868897e-07	2.03934880334551e-07	3.05902320501826e-07	3.05902320501826e-07	3.05902320501826e-07	3.05902320501826e-07	3.05902320501826e-07	3.05902320501826e-07	3.05902320501826e-07	3.05902320501826e-07	3.05902320501826e-07	3.05902320501826e-07	3.05902320501826e-07	1.18630315039277e-05	5.65604562313155e-05	0.000220950327631874	0.000707197833554036	0.00185460625002235	0.00398498822267763	0.00701563346678429	0.0101197845347682	0.0119602474839234	0.0115817341666384	0.00918906967141938	0.00597357089099257	0.00318171316863715	0.00138852132672762	0.000496487832346551	0.000145455179350644	3.49151809038953e-05	6.86695068808228e-06	3.05902320501826e-07	2.03934880334551e-07	2.03934880334551e-07	2.03934880334551e-07	2.03934880334551e-07	2.03934880334551e-07	2.03934880334551e-07	1.359565868897e-07	9.06377245931337e-08	6.04251497287558e-08	4.02834331525039e-08	2.68556221016692e-08
3.1047838272293e-10	4.65717574084395e-10	6.98576361126592e-10	1.04786454168989e-09	1.57179681253482e-09	2.35769521880224e-09	3.53654282820335e-09	5.30481424230502e-09	5.30481424230502e-09	5.30481424230502e-09	5.30481424230504e-09	7.95722136345756e-09	1.19358320451863e-08	1.79037480677795e-08	2.68556221016692e-08	4.02834331525039e-08	6.04251497287558e-08	9.06377245931337e-08	1.359565868897e-07	2.03934880334551e-07	2.03934880334551e-07	2.03934880334551e-07	2.03934880334551e-07	2.03934880334551e-07	2.03934880334551e-07	2.03934880334551e-07	2.03934880334551e-07	2.03934880334551e-07	2.03934880334551e-07	3.05902320501826e-07	8.80207976610929e-06	4.19664777245799e-05	0.000163939749086886	0.000524723527818444	0.00137607256138675	0.00295676397650982	0.0052054287611034	0.00750863307253096	0.00887421164995191	0.00859336400909599	0.00681806536528116	0.00443224376953028	0.00236075349660431	0.00103024892673967	0.000368381850943423	0.000107924192110103	2.59062118533926e-05	5.09510976906932e-06	3.05902320501826e-07	2.03934880334551e-07	1.359565868897e-07	1.359565868897e-07	1.359565868897e-07	1.359565868897e-07	1.359565868897e-07	9.06377245931337e-08	6.04251497287558e-08	4.02834331525039e-08	2.68556221016693e-08	1.79037480677795e-08
2.06985588481954e-10	3.1047838272293e-10	4.65717574084395e-10	6.9857636112659e-10	1.04786454168988e-09	1.57179681253482e-09	2.35769521880224e-09	3.53654282820335e-09	3.53654282820335e-09	3.53654282820335e-09	3.53654282820336e-09	5.30481424230504e-09	7.95722136345756e-09	1.19358320451863e-08	1.79037480677795e-08	2.68556221016693e-08	4.02834331525039e-08	6.04251497287558e-08	9.06377245931337e-08	1.359565868897e-07	1.359565868897e-07	1.359565868897e-07	1.359565868897e-07	1.359565868897e-07	1.359565868897e-07	1.359565868897e-07	1.359565868897e-07	1.359565868897e-07	2.03934880334551e-07	3.05902320501826e-07	4.60979900151091e-06	2.19785587329676e-05	8.58580371605431e-05	0.000274806643302659	0.000720672623748688	0.00154850762419791	0.00272617164840548	0.00393239895118161	0.00464757569690001	0.0045004910068272	0.00357073688813002	0.00232124150725175	0.00123636679064888	0.000539558899713479	0.000192927845892989	5.65217364813695e-05	1.35675241202099e-05	2.66839571443991e-06	3.05902320501826e-07	2.03934880334551e-07	1.359565868897e-07	9.06377245931335e-08	9.06377245931335e-08	9.06377245931335e-08	9.06377245931335e-08	6.04251497287556e-08	4.02834331525039e-08	2.68556221016693e-08	1.79037480677795e-08	1.19358320451864e-08
1.37990392321302e-10	2.06985588481954e-10	3.10478382722929e-10	4.65717574084393e-10	6.9857636112659e-10	1.04786454168988e-09	1.57179681253482e-09	2.35769521880223e-09	2.35769521880223e-09	2.35769521880223e-09	2.35769521880224e-09	3.53654282820336e-09	5.30481424230504e-09	7.95722136345758e-09	1.19358320451864e-08	1.79037480677795e-08	2.68556221016693e-08	4.02834331525039e-08	6.04251497287556e-08	9.06377245931335e-08	9.06377245931335e-08	9.06377245931335e-08	9.06377245931335e-08	9.06377245931335e-08	9.06377245931335e-08	9.06377245931335e-08	9.06377245931335e-08	1.359565868897e-07	2.03934880334551e-07	3.05902320501826e-07	1.70406341487891e-06	8.12461841315465e-06	3.17383773024901e-05	0.000101585328745191	0.000266404641901398	0.000572423046903313	0.00100775963706992	0.00145365496049187	0.00171802799002123	0.00166365650025352	0.00131996256088966	0.000858072711697326	0.000457036719957956	0.000199453941673531	7.13179216251913e-05	2.08938878358383e-05	5.01538602358999e-06	9.86402121200156e-07	3.05902320501826e-07	2.03934880334551e-07	1.359565868897e-07	9.06377245931335e-08	6.04251497287556e-08	6.04251497287557e-08	6.04251497287557e-08	4.02834331525038e-08	2.68556221016692e-08	1.79037480677795e-08	1.19358320451864e-08	7.95722136345758e-09
9.19935948808684e-11	1.37990392321302e-10	2.06985588481953e-10	3.10478382722929e-10	4.65717574084393e-10	6.9857636112659e-10	1.04786454168988e-09	1.57179681253482e-09	1.57179681253482e-09	1.57179681253482e-09	1.57179681253483e-09	2.35769521880224e-09	3.53654282820338e-09	5.30481424230506e-09	7.95722136345758e-09	1.19358320451864e-08	1.79037480677795e-08	2.68556221016692e-08	4.02834331525038e-08	6.04251497287557e-08	6.04251497287557e-08	6.04251497287557e-08	6.04251497287557e-08	6.04251497287557e-08	6.04251497287557e-08	6.04251497287556e-08	9.06377245931335e-08	1.359565868897e-07	2.03934880334551e-07	3.05902320501826e-07	4.44627775284814e-07	2.1198923576067e-06	8.28124350768893e-06	2.65058555492551e-05	6.95108540092582e-05	0.000149357813590793	0.000262946743378132	0.000379290679837264	0.000448271441315147	0.000434084718964759	0.000344407380490191	0.000223890119055047	0.000119250972847636	5.2041937866726e-05	1.86084206451899e-05	5.45167673009362e-06	1.30862496688354e-06	2.57374095855823e-07	3.05902320501826e-07	2.03934880334551e-07	1.359565868897e-07	9.06377245931335e-08	6.04251497287557e-08	4.02834331525038e-08	4.02834331525038e-08	2.68556221016692e-08	1.79037480677795e-08	1.19358320451863e-08	7.95722136345758e-09	5.30481424230506e-09
6.13290632539121e-11	9.19935948808681e-11	1.37990392321302e-10	2.06985588481953e-10	3.10478382722929e-10	4.65717574084392e-10	6.98576361126587e-10	1.04786454168988e-09	1.04786454168988e-09	1.04786454168988e-09	1.04786454168989e-09	1.57179681253484e-09	2.35769521880225e-09	3.53654282820338e-09	5.30481424230506e-09	7.95722136345758e-09	1.19358320451863e-08	1.79037480677795e-08	2.68556221016692e-08	4.02834331525038e-08	4.02834331525038e-08	4.02834331525038e-08	4.02834331525038e-08	4.02834331525038e-08	4.02834331525038e-08	6.04251497287557e-08	9.06377245931335e-08	1.359565868897e-07	2.03934880334551e-07	3.05902320501826e-07	8.18869129302221e-08	3.90419696110047e-07	1.52515318152067e-06	4.88157242113937e-06	1.28017851478473e-05	2.75071665712363e-05	4.84267926503196e-05	6.98538071652934e-05	8.25579653915343e-05	7.99452026213109e-05	6.34293643951068e-05	4.12337503505123e-05	2.19624022007249e-05	9.58454210846996e-06	3.42710511093357e-06	1.00403304187403e-06	2.41008917296866e-07	4.74004804678253e-08	3.05902320501826e-07	2.03934880334551e-07	1.359565868897e-07	9.06377245931335e-08	6.04251497287557e-08	4.02834331525038e-08	2.68556221016692e-08	1.79037480677795e-08	1.19358320451863e-08	7.95722136345756e-09	5.30481424230504e-09	3.53654282820338e-09
4.08860421692747e-11	6.13290632539121e-11	9.19935948808681e-11	1.37990392321302e-10	2.06985588481952e-10	3.10478382722928e-10	4.65717574084392e-10	6.98576361126588e-10	6.98576361126588e-10	6.98576361126588e-10	6.98576361126595e-10	1.04786454168989e-09	1.57179681253484e-09	2.35769521880225e-09	3.53654282820338e-09	5.30481424230504e-09	7.95722136345756e-09	1.19358320451863e-08	1.79037480677795e-08	2.68556221016692e-08	2.68556221016692e-08	2.68556221016692e-08	2.68556221016692e-08	2.68556221016692e-08	4.02834331525038e-08	6.04251497287557e-08	9.06377245931335e-08	1.359565868897e-07	2.03934880334551e-07	3.05902320501826e-07	1.0644848435121e-08	5.07524138163424e-08	1.98261527717675e-07	6.34577573981504e-07	1.66416168007137e-06	3.57578040925718e-06	6.29521677537104e-06	9.08061084833349e-06	1.07320815653865e-05	1.03924367712341e-05	8.24546861227167e-06	5.36016082651497e-06	2.85499152834225e-06	1.24593777459453e-06	4.45504820876599e-07	1.30518774882988e-07	3.13298340886763e-08	6.16180183470672e-09	3.05902320501826e-07	2.03934880334551e-07	1.359565868897e-07	9.06377245931335e-08	6.04251497287557e-08	4.02834331525038e-08	2.68556221016692e-08	1.79037480677795e-08	1.19358320451863e-08	7.95722136345754e-09	5.30481424230502e-09	3.53654282820335e-09
2.72573614461832e-11	4.08860421692747e-11	6.13290632539121e-11	9.19935948808677e-11	1.37990392321302e-10	2.06985588481952e-10	3.10478382722928e-10	4.65717574084392e-10	4.65717574084392e-10	4.65717574084392e-10	4.65717574084397e-10	6.98576361126595e-10	1.04786454168989e-09	1.57179681253484e-09	2.35769521880224e-09	3.53654282820336e-09	5.30481424230504e-09	7.95722136345756e-09	1.19358320451863e-08	1.79037480677795e-08	1.79037480677795e-08	1.79037480677795e-08	1.79037480677795e-08	1.79037480677795e-08	2.68556221016692e-08	4.02834331525038e-08	6.04251497287556e-08	9.06377245931337e-08	1.359565868897e-07	2.03934880334551e-07	3.05902320501826e-07	3.05902320501826e-07	3.05902320501826e-07	3.05902320501826e-07	3.05902320501826e-07	3.05902320501826e-07	3.05902320501826e-07	3.05902320501826e-07	3.05902320501826e-07	3.05902320501826e-07	3.05902320501826e-07	3.05902320501826e-07	3.05902320501826e-07	3.05902320501826e-07	3.05902320501826e-07	3.05902320501826e-07	3.05902320501826e-07	3.05902320501826e-07	2.03934880334551e-07	1.359565868897e-07	9.06377245931337e-08	6.04251497287556e-08	4.02834331525038e-08	2.68556221016692e-08	1.79037480677795e-08	1.19358320451863e-08	7.95722136345753e-09	5.30481424230502e-09	3.53654282820335e-09	2.35769521880224e-09
1.81715742974555e-11	2.72573614461832e-11	4.08860421692746e-11	6.13290632539119e-11	9.19935948808677e-11	1.37990392321302e-10	2.06985588481952e-10	3.10478382722928e-10	3.10478382722928e-10	3.10478382722928e-10	3.10478382722931e-10	4.65717574084397e-10	6.98576361126595e-10	1.04786454168989e-09	1.57179681253483e-09	2.35769521880224e-09	3.53654282820336e-09	5.30481424230504e-09	7.95722136345753e-09	1.19358320451863e-08	1.19358320451863e-08	1.19358320451863e-08	1.19358320451863e-08	1.19358320451863e-08	1.79037480677795e-08	2.68556221016692e-08	4.02834331525039e-08	6.04251497287558e-08	9.06377245931337e-08	1.359565868897e-07	2.03934880334551e-07	2.03934880334551e-07	2.03934880334551e-07	2.03934880334551e-07	2.03934880334551e-07	2.03934880334551e-07	2.03934880334551e-07	2.03934880334551e-07	2.03934880334551e-07	2.03934880334551e-07	2.03934880334551e-07	2.03934880334551e-07	2.03934880334551e-07	2.03934880334551e-07	2.03934880334551e-07	2.03934880334551e-07	2.03934880334551e-07	2.03934880334551e-07	1.359565868897e-07	9.06377245931337e-08	6.04251497287558e-08	4.02834331525039e-08	2.68556221016692e-08	1.79037480677795e-08	1.19358320451863e-08	7.95722136345756e-09	5.30481424230504e-09	3.53654282820335e-09	2.35769521880224e-09	1.57179681253482e-09
1.21143828649703e-11	1.81715742974554e-11	2.72573614461831e-11	4.08860421692746e-11	6.13290632539119e-11	9.19935948808677e-11	1.37990392321301e-10	2.06985588481952e-10	2.06985588481952e-10	2.06985588481952e-10	2.06985588481954e-10	3.10478382722931e-10	4.65717574084395e-10	6.98576361126592e-10	1.04786454168989e-09	1.57179681253483e-09	2.35769521880224e-09	3.53654282820335e-09	5.30481424230502e-09	7.95722136345754e-09	7.95722136345754e-09	7.95722136345754e-09	7.95722136345754e-09	7.95722136345756e-09	1.19358320451863e-08	1.79037480677795e-08	2.68556221016693e-08	4.02834331525039e-08	6.04251497287558e-08	9.06377245931337e-08	1.359565868897e-07	1.359565868897e-07	1.359565868897e-07	1.359565868897e-07	1.359565868897e-07	1.359565868897e-07	1.359565868897e-07	1.359565868897e-07	1.359565868897e-07	1.359565868897e-07	1.359565868897e-07	1.359565868897e-07	1.359565868897e-07	1.359565868897e-07	1.359565868897e-07	1.359565868897e-07	1.359565868897e-07	1.359565868897e-07	9.06377245931337e-08	6.04251497287558e-08	4.02834331525039e-08	2.68556221016693e-08	1.79037480677795e-08	1.19358320451863e-08	7.95722136345756e-09	5.30481424230504e-09	3.53654282820336e-09	2.35769521880224e-09	1.57179681253482e-09	1.04786454168988e-09
8.07625524331352e-12	1.21143828649703e-11	1.81715742974554e-11	2.72573614461831e-11	4.08860421692746e-11	6.13290632539117e-11	9.19935948808674e-11	1.37990392321301e-10	1.37990392321301e-10	1.37990392321301e-10	1.37990392321303e-10	2.06985588481954e-10	3.1047838272293e-10	4.65717574084395e-10	6.98576361126592e-10	1.04786454168989e-09	1.57179681253482e-09	2.35769521880224e-09	3.53654282820335e-09	5.30481424230502e-09	5.30481424230502e-09	5.30481424230502e-09	5.30481424230502e-09	5.30481424230504e-09	7.95722136345758e-09	1.19358320451864e-08	1.79037480677795e-08	2.68556221016693e-08	4.02834331525039e-08	6.04251497287556e-08	9.06377245931335e-08	9.06377245931335e-08	9.06377245931335e-08	9.06377245931335e-08	9.06377245931335e-08	9.06377245931335e-08	9.06377245931335e-08	9.06377245931335e-08	9.06377245931335e-08	9.06377245931335e-08	9.06377245931335e-08	9.06377245931335e-08	9.06377245931335e-08	9.06377245931335e-08	9.06377245931335e-08	9.06377245931335e-08	9.06377245931335e-08	9.06377245931335e-08	6.04251497287556e-08	4.02834331525039e-08	2.68556221016693e-08	1.79037480677795e-08	1.19358320451864e-08	7.95722136345758e-09	5.30481424230504e-09	3.53654282820336e-09	2.35769521880224e-09	1.57179681253483e-09	1.04786454168989e-09	6.9857636112659e-10
5.38417016220902e-12	8.07625524331352e-12	1.21143828649703e-11	1.81715742974554e-11	2.7257361446183e-11	4.08860421692745e-11	6.13290632539117e-11	9.19935948808675e-11	9.19935948808675e-11	9.19935948808675e-11	9.19935948808684e-11	1.37990392321302e-10	2.06985588481954e-10	3.1047838272293e-10	4.65717574084395e-10	6.9857636112659e-10	1.04786454168988e-09	1.57179681253482e-09	2.35769521880224e-09	3.53654282820335e-09	3.53654282820335e-09	3.53654282820335e-09	3.53654282820335e-09	3.53654282820338e-09	5.30481424230506e-09	7.95722136345758e-09	1.19358320451864e-08	1.79037480677795e-08	2.68556221016692e-08	4.02834331525038e-08	6.04251497287557e-08	6.04251497287557e-08	6.04251497287557e-08	6.04251497287557e-08	6.04251497287557e-08	6.04251497287557e-08	6.04251497287557e-08	6.04251497287557e-08	6.04251497287557e-08	6.04251497287557e-08	6.04251497287557e-08	6.04251497287557e-08	6.04251497287557e-08	6.04251497287557e-08	6.04251497287557e-08	6.04251497287557e-08	6.04251497287557e-08	6.04251497287557e-08	4.02834331525038e-08	2.68556221016692e-08	1.79037480677795e-08	1.19358320451864e-08	7.95722136345758e-09	5.30481424230506e-09	3.53654282820338e-09	2.35769521880224e-09	1.57179681253483e-09	1.04786454168989e-09	6.98576361126592e-10	4.65717574084395e-10
3.58944677480602e-12	5.38417016220902e-12	8.07625524331352e-12	1.21143828649702e-11	1.81715742974553e-11	2.7257361446183e-11	4.08860421692745e-11	6.13290632539117e-11	6.13290632539117e-11	6.13290632539117e-11	6.13290632539123e-11	9.19935948808684e-11	1.37990392321302e-10	2.06985588481954e-10	3.10478382722929e-10	4.65717574084393e-10	6.9857636112659e-10	1.04786454168988e-09	1.57179681253482e-09	2.35769521880223e-09	2.35769521880223e-09	2.35769521880223e-09	2.35769521880223e-09	2.35769521880225e-09	3.53654282820338e-09	5.30481424230506e-09	7.95722136345758e-09	1.19358320451863e-08	1.79037480677795e-08	2.68556221016692e-08	4.02834331525038e-08	4.02834331525038e-08	4.02834331525038e-08	4.02834331525038e-08	4.02834331525038e-08	4.02834331525038e-08	4.02834331525038e-08	4.02834331525038e-08	4.02834331525038e-08	4.02834331525038e-08	4.02834331525038e-08	4.02834331525038e-08	4.02834331525038e-08	4.02834331525038e-08	4.02834331525038e-08	4.02834331525038e-08	4.02834331525038e-08	4.02834331525038e-08	2.68556221016692e-08	1.79037480677795e-08	1.19358320451863e-08	7.95722136345758e-09	5.30481424230506e-09	3.53654282820338e-09	2.35769521880225e-09	1.57179681253484e-09	1.04786454168989e-09	6.98576361126592e-10	4.65717574084395e-10	3.1047838272293e-10
