0.000178686373685247	0.000540779854259398	0.00114605509569092	0.00170077323002203	0.00176743417967563	0.00128616299531041	0.000655397369350806	0.000233867191609705	5.84372580324928e-05	1.02250698241292e-05	1.25284878938222e-06	3.05902320501826e-07	2.03934880334551e-07	1.359565868897e-07	1.359565868897e-07	1.359565868897e-07	1.359565868897e-07	1.359565868897e-07	1.359565868897e-07	1.359565868897e-07	9.06377245931337e-08	6.04251497287558e-08	6.04251497287557e-08	4.02834331525038e-08	2.68556221016692e-08	1.79037480677795e-08	1.79037480677795e-08	1.79037480677795e-08	1.19358320451863e-08	1.19358320451863e-08	1.79037480677795e-08	2.68556221016692e-08	2.68556221016692e-08	2.68556221016692e-08	2.68556221016692e-08	2.68556221016692e-08	2.68556221016692e-08	2.68556221016692e-08	2.68556221016692e-08	2.68556221016692e-08	2.68556221016692e-08	2.68556221016692e-08	2.68556221016692e-08	2.68556221016692e-08	2.68556221016692e-08	1.79037480677795e-08	1.19358320451863e-08	7.95722136345756e-09	5.30481424230504e-09	5.30481424230502e-09	5.30481424230502e-09	5.30481424230502e-09	5.30481424230502e-09	3.53654282820335e-09	2.35769521880224e-09	1.57179681253482e-09	1.04786454168989e-09	6.98576361126592e-10	4.65717574084395e-10	3.1047838272293e-10
0.000578907873310905	0.00175201784502126	0.00371298775872092	0.00551016282478547	0.00572613087988085	0.00416690914360307	0.00212335551636841	0.000757682613059523	0.000189324950033972	3.31271674737158e-05	4.05897782401125e-06	3.05902320501826e-07	2.03934880334551e-07	2.03934880334551e-07	2.03934880334551e-07	2.03934880334551e-07	2.03934880334551e-07	2.03934880334551e-07	2.03934880334551e-07	2.03934880334551e-07	1.359565868897e-07	9.06377245931337e-08	9.06377245931335e-08	6.04251497287556e-08	4.02834331525039e-08	2.68556221016693e-08	2.68556221016692e-08	2.68556221016692e-08	1.79037480677795e-08	1.79037480677795e-08	2.68556221016692e-08	4.02834331525038e-08	4.02834331525038e-08	4.02834331525038e-08	4.02834331525038e-08	4.02834331525038e-08	4.02834331525038e-08	4.02834331525038e-08	4.02834331525038e-08	4.02834331525038e-08	4.02834331525038e-08	4.02834331525038e-08	4.02834331525038e-08	4.02834331525038e-08	4.02834331525038e-08	2.68556221016692e-08	1.79037480677795e-08	1.19358320451863e-08	7.95722136345758e-09	7.95722136345754e-09	7.95722136345754e-09	7.95722136345754e-09	7.95722136345754e-09	5.30481424230502e-09	3.53654282820335e-09	2.35769521880224e-09	1.57179681253483e-09	1.04786454168989e-09	6.98576361126592e-10	4.65717574084395e-10
0.00131034113143088	0.00396564142788797	0.00840423978503821	0.0124720932691826	0.0129609306796122	0.00943167763563333	0.00480615344516817	0.00171499255448668	0.000428531517142412	7.49823799430286e-05	9.18737823334344e-06	3.05902320501826e-07	3.05902320501826e-07	3.05902320501826e-07	3.05902320501826e-07	3.05902320501826e-07	3.05902320501826e-07	3.05902320501826e-07	3.05902320501826e-07	3.05902320501826e-07	2.03934880334551e-07	1.359565868897e-07	1.359565868897e-07	9.06377245931337e-08	6.04251497287558e-08	4.02834331525039e-08	4.02834331525038e-08	4.02834331525038e-08	2.68556221016692e-08	2.68556221016692e-08	4.02834331525038e-08	6.04251497287557e-08	6.04251497287557e-08	6.04251497287557e-08	6.04251497287557e-08	6.04251497287557e-08	6.04251497287557e-08	6.04251497287557e-08	6.04251497287557e-08	6.04251497287557e-08	6.04251497287557e-08	6.04251497287557e-08	6.04251497287557e-08	6.04251497287557e-08	6.04251497287557e-08	4.02834331525038e-08	2.68556221016692e-08	1.79037480677795e-08	1.19358320451864e-08	1.19358320451863e-08	1.19358320451863e-08	1.19358320451863e-08	1.19358320451863e-08	7.95722136345753e-09	5.30481424230504e-09	3.53654282820336e-09	2.35769521880224e-09	1.57179681253483e-09	1.04786454168989e-09	6.98576361126595e-10
0.00207212613257138	0.00627112210555515	0.0132901612147038	0.0197229177738775	0.0204959558264773	0.0149149772204691	0.00760061411824007	0.00271331214294065	0.000681149353536499	0.000125574545774553	2.57332976660668e-05	1.57715633774413e-05	2.02191674659291e-05	2.19425546486195e-05	1.83308389298962e-05	1.11423179450211e-05	4.81019584042841e-06	1.45934235106301e-06	3.11329037876634e-07	4.65091064516996e-08	3.05902320501826e-07	2.03934880334551e-07	2.03934880334551e-07	1.359565868897e-07	9.06377245931337e-08	6.04251497287558e-08	6.04251497287557e-08	6.04251497287557e-08	4.02834331525038e-08	4.02834331525039e-08	6.04251497287556e-08	9.06377245931335e-08	9.06377245931335e-08	9.06377245931335e-08	9.06377245931335e-08	9.06377245931335e-08	9.06377245931335e-08	9.06377245931335e-08	9.06377245931335e-08	9.06377245931335e-08	9.06377245931335e-08	9.06377245931335e-08	9.06377245931335e-08	9.06377245931335e-08	9.06377245931335e-08	6.04251497287556e-08	4.02834331525039e-08	2.68556221016693e-08	1.79037480677795e-08	1.79037480677795e-08	1.79037480677795e-08	1.79037480677795e-08	1.79037480677795e-08	1.19358320451863e-08	7.95722136345756e-09	5.30481424230504e-09	3.53654282820336e-09	2.35769521880224e-09	1.57179681253484e-09	1.04786454168989e-09
0.00228931154623277	0.0069284161897362	0.0146831406842789	0.021790132692891	0.0226442614147311	0.0164787876797103	0.00840015169087272	0.00300908214023398	0.000784672922032881	0.000206215029902961	0.000139521415796797	0.000170798033867663	0.000206464464451557	0.000210194491370038	0.000167726089797963	9.91967350008227e-05	4.21785589473875e-05	1.26911669831748e-05	2.69583517385545e-06	4.00760415937224e-07	3.05902320501826e-07	3.05902320501826e-07	3.05902320501826e-07	2.03934880334551e-07	1.359565868897e-07	9.06377245931337e-08	9.06377245931335e-08	9.06377245931335e-08	6.04251497287556e-08	6.04251497287558e-08	9.06377245931337e-08	1.359565868897e-07	1.359565868897e-07	1.359565868897e-07	1.359565868897e-07	1.359565868897e-07	1.359565868897e-07	1.359565868897e-07	1.359565868897e-07	1.359565868897e-07	1.359565868897e-07	1.359565868897e-07	1.359565868897e-07	1.359565868897e-07	1.359565868897e-07	9.06377245931337e-08	6.04251497287558e-08	4.02834331525039e-08	2.68556221016693e-08	2.68556221016692e-08	2.68556221016692e-08	2.68556221016692e-08	2.68556221016692e-08	1.79037480677795e-08	1.19358320451863e-08	7.95722136345756e-09	5.30481424230504e-09	3.53654282820338e-09	2.35769521880225e-09	1.57179681253484e-09
0.00176707662464768	0.0053480230138216	0.0113345169553241	0.0168233874069773	0.0174911280252468	0.0127479937345492	0.00653895861255439	0.00243501521981521	0.000847554052360394	0.000624902289017504	0.000846285157401483	0.00111604695442789	0.00129966266321686	0.00128930154373134	0.00102557206114648	0.000624496932175946	0.00028938809130634	0.0001062668228249	3.35075010866463e-05	9.48307491901605e-06	2.07311769838841e-06	4.28934956016141e-07	6.08490182539677e-08	3.05902320501826e-07	2.03934880334551e-07	1.359565868897e-07	1.359565868897e-07	1.359565868897e-07	9.06377245931337e-08	9.06377245931337e-08	1.359565868897e-07	2.03934880334551e-07	2.03934880334551e-07	2.03934880334551e-07	2.03934880334551e-07	2.03934880334551e-07	2.03934880334551e-07	2.03934880334551e-07	2.03934880334551e-07	2.03934880334551e-07	2.03934880334551e-07	2.03934880334551e-07	2.03934880334551e-07	2.03934880334551e-07	2.03934880334551e-07	1.359565868897e-07	9.06377245931337e-08	6.04251497287558e-08	4.02834331525039e-08	4.02834331525038e-08	4.02834331525038e-08	4.02834331525038e-08	4.02834331525038e-08	2.68556221016692e-08	1.79037480677795e-08	1.19358320451863e-08	7.95722136345758e-09	5.30481424230506e-09	3.53654282820338e-09	2.35769521880225e-09
0.000953075229037872	0.00288526556835173	0.00611967507237641	0.00910244330207384	0.00952118623016353	0.00706609345781531	0.00386424849302102	0.00191507679656593	0.00163883399831595	0.00253806235218385	0.00389643806239873	0.00509685370629306	0.00577305334747288	0.00560544689329267	0.00444564930327121	0.00277663866631449	0.00137939637739489	0.000577035128471875	0.000216056788284424	7.11626370906732e-05	1.81239410748051e-05	3.82326574459422e-06	5.58371827454127e-07	1.0316889801812e-08	3.05902320501826e-07	2.03934880334551e-07	2.03934880334551e-07	2.03934880334551e-07	1.359565868897e-07	1.359565868897e-07	2.03934880334551e-07	3.05902320501826e-07	3.05902320501826e-07	3.05902320501826e-07	3.05902320501826e-07	3.05902320501826e-07	3.05902320501826e-07	3.05902320501826e-07	3.05902320501826e-07	3.05902320501826e-07	3.05902320501826e-07	3.05902320501826e-07	3.05902320501826e-07	3.05902320501826e-07	3.05902320501826e-07	2.03934880334551e-07	1.359565868897e-07	9.06377245931337e-08	6.04251497287556e-08	6.04251497287557e-08	6.04251497287557e-08	6.04251497287557e-08	6.04251497287557e-08	4.02834331525038e-08	2.68556221016692e-08	1.79037480677795e-08	1.19358320451864e-08	7.95722136345758e-09	5.30481424230506e-09	3.53654282820338e-09
0.000359904698129203	0.00109387435611085	0.00234512420517298	0.00359006214065873	0.00405322874360895	0.00363923902158874	0.00305600884256296	0.00319224408019492	0.00488650911446501	0.00849262343552925	0.0130338958779941	0.0167812070741687	0.018585013064626	0.0177769460374262	0.0142190790442059	0.00930153043058899	0.00509606089381081	0.00246238161663946	0.00106519409058286	0.000389140313492914	0.000108726131252629	2.37202273137147e-05	3.6552531605795e-06	1.51344896115846e-07	7.29997895856729e-09	3.05902320501826e-07	3.05902320501826e-07	3.05902320501826e-07	2.03934880334551e-07	2.03934880334551e-07	3.05902320501826e-07	5.80601951162208e-09	4.86228131705278e-08	2.85139639602162e-07	1.17093027050168e-06	3.36713394733328e-06	6.78024951257101e-06	9.56063816156636e-06	9.44026119351751e-06	6.52735242974026e-06	3.16042898773138e-06	1.07154628234085e-06	2.5440858011675e-07	4.22968959868393e-08	4.92426212931471e-09	3.05902320501826e-07	2.03934880334551e-07	1.359565868897e-07	9.06377245931335e-08	9.06377245931335e-08	9.06377245931335e-08	9.06377245931335e-08	9.06377245931335e-08	6.04251497287556e-08	4.02834331525039e-08	2.68556221016693e-08	1.79037480677795e-08	1.19358320451864e-08	7.95722136345758e-09	5.30481424230504e-09
9.80623874334351e-05	0.000315027582569303	0.000771536904288915	0.00156425890102273	0.00283430164017003	0.00457528684381526	0.00640345722027958	0.00848293150936565	0.0127405416994067	0.0210435459561696	0.0316319114505793	0.0401352270505308	0.0437336766845621	0.0416408955876341	0.0342119541621107	0.0241015528124286	0.0149428027788573	0.0083320742271746	0.00405519059428359	0.00161492098264237	0.000499544221438669	0.000126144831681815	2.7769089655327e-05	5.31795625025091e-06	1.33094831385014e-06	2.73686149088268e-07	3.97399115226048e-08	4.55254922645194e-09	3.05902320501826e-07	3.05902320501826e-07	3.05902320501826e-07	5.14154937650523e-08	4.30581733734156e-07	2.52506822148766e-06	1.03692310888343e-05	2.98178216812164e-05	6.00428358604842e-05	8.46647054495693e-05	8.35987012382879e-05	5.78032931997239e-05	2.79873356588489e-05	9.48913125220775e-06	2.25292779994708e-06	3.74562260347077e-07	4.36070475306634e-08	3.05902320501826e-07	2.03934880334551e-07	1.359565868897e-07	1.359565868897e-07	1.359565868897e-07	1.359565868897e-07	1.359565868897e-07	1.359565868897e-07	9.06377245931337e-08	6.04251497287558e-08	4.02834331525039e-08	2.68556221016693e-08	1.79037480677795e-08	1.19358320451863e-08	7.95722136345756e-09
2.83495273659635e-05	0.000139902479906394	0.000596422632982004	0.00207308575936888	0.00551013057822381	0.0108143631721955	0.0159497664769645	0.0197802020780861	0.02587861770121	0.0389883739346065	0.0568227700163467	0.0712179882895882	0.0770796078794984	0.0743223976388068	0.0643748620477846	0.0502241495447378	0.0356343139135527	0.0226553226512301	0.0123314065947115	0.00555919087666496	0.0021397447020333	0.000809888612210356	0.000340169548287641	0.000152058327481723	6.72729493620398e-05	2.62497261598692e-05	8.55466736079262e-06	2.19897232485258e-06	4.24712436649683e-07	5.60631792155765e-08	3.05902320501826e-07	3.18102020325972e-07	2.66396195750228e-06	1.56223201198176e-05	6.41532953793605e-05	0.000184479592121736	0.000371478439565295	0.000523811246020113	0.000517215994891452	0.000357622634771327	0.000173154575881411	5.87082142254428e-05	1.39386171819444e-05	2.31737562025039e-06	2.69792019956898e-07	3.05902320501826e-07	2.03934880334551e-07	2.03934880334551e-07	2.03934880334551e-07	2.03934880334551e-07	2.03934880334551e-07	2.03934880334551e-07	2.03934880334551e-07	1.359565868897e-07	9.06377245931337e-08	6.04251497287558e-08	4.02834331525039e-08	2.68556221016692e-08	1.79037480677795e-08	1.19358320451863e-08
2.82963285413497e-05	0.000208478403366471	0.00109992658384682	0.00417881530460104	0.011381267885786	0.0222509920758966	0.0319665802607277	0.0368510130309501	0.0421514058766501	0.05681094796183	0.0793441131138602	0.0983980919251098	0.107132129857578	0.10700142767991	0.100163988673657	0.0874649220422297	0.0701125417953934	0.0499413549359342	0.0305957338595115	0.0162424636465127	0.00804688872244331	0.00411467106856787	0.00218235870675136	0.0011153597761446	0.000527209143885183	0.00022192820853989	8.00398729153176e-05	2.35136490807109e-05	5.39478798510961e-06	9.11015018537761e-07	7.54024852621907e-08	1.38339678056907e-06	1.15148247285078e-05	6.75265941864292e-05	0.000277298986935288	0.000797402591762271	0.00160569452201357	0.00226414445287278	0.00223563685329045	0.00154580359030352	0.000748450850282782	0.000253762931946481	6.02488835682709e-05	1.001672490936e-05	1.16616073071348e-06	3.05902320501826e-07	3.05902320501826e-07	3.05902320501826e-07	3.05902320501826e-07	3.05902320501826e-07	3.05902320501826e-07	3.05902320501826e-07	3.05902320501826e-07	2.03934880334551e-07	1.359565868897e-07	9.06377245931337e-08	6.04251497287556e-08	4.02834331525038e-08	2.68556221016692e-08	1.79037480677795e-08
5.05126249111217e-05	0.000375694598686062	0.00193829966243576	0.00716038249035382	0.0189787591456536	0.036243664592072	0.0508186633518863	0.0560394708448995	0.0584607336512615	0.071197602458888	0.0947021843190409	0.116537347954143	0.129667649243348	0.13692325652821	0.139417510433634	0.13398714871257	0.118644604061879	0.0947306992651579	0.0676559719723636	0.0444471284818517	0.028287255665279	0.0177541737591393	0.0105848633857821	0.00576256183249091	0.00284101127337561	0.00125018827225048	0.000472728541305171	0.00014570934319866	3.5041312469308e-05	6.22130124745682e-06	6.06014553096584e-07	4.2179100747606e-06	3.47731105759695e-05	0.000203920579064481	0.000837410939389701	0.00240810677388952	0.00484934728189743	0.00683893468564193	0.00675568372245934	0.00467681942418747	0.00227240224684971	0.000778597456819963	0.000192026159578873	4.02490011292152e-05	1.78481631920734e-05	1.96476122949547e-05	2.01478171851457e-05	1.46267585386461e-05	7.44823514555881e-06	2.65694841582795e-06	6.63695371939662e-07	1.16094161364521e-07	1.42202715892121e-08	3.05902320501826e-07	2.03934880334551e-07	1.359565868897e-07	9.06377245931335e-08	6.04251497287557e-08	4.02834331525038e-08	2.68556221016692e-08
8.37688659695268e-05	0.000589780885930682	0.00288373593982611	0.010156939455119	0.0258578912296653	0.0478846845158403	0.065754018718685	0.0713488483737548	0.0723175380215994	0.0839804431111557	0.108164834751653	0.133421126299047	0.154198851102343	0.173245978224148	0.188215820750804	0.192842154095684	0.185449192941852	0.167463569286413	0.141759733530908	0.113248350046347	0.0855973749274064	0.0600061797114932	0.0379708714997457	0.0215290108081624	0.011067633798356	0.00512576498251301	0.00205034439272328	0.000668174165170562	0.000169162946905247	3.15953077583092e-05	3.53350337052627e-06	9.13513393167895e-06	7.33646158756687e-05	0.000430233439126043	0.00176682836096257	0.0050810693121232	0.0102336509309178	0.0144387916827842	0.0142814202443197	0.00992330525193693	0.00487276333033436	0.00172138969170273	0.000468745053721332	0.000145322469717295	0.000121464668824675	0.000155442860886667	0.000159232394455991	0.000115578786529439	5.88531379306739e-05	2.09942017854588e-05	5.24426988479353e-06	9.17332167715746e-07	1.12363209390693e-07	3.05902320501826e-07	2.03934880334551e-07	1.359565868897e-07	9.06377245931335e-08	6.04251497287557e-08	4.02834331525038e-08	2.68556221016692e-08
0.000121274167010052	0.000802856785800458	0.00370390855160405	0.012333591562641	0.0298344864449463	0.0530102095866753	0.0709705002857733	0.0769067366306771	0.079602106080954	0.093749454631038	0.121141212386151	0.153209356796228	0.187225701391674	0.223749634784871	0.255100717744415	0.274398853179644	0.284548683100914	0.287485977773749	0.278439353222539	0.252631866989124	0.209521061479308	0.154919956454333	0.101004953736488	0.058912605012859	0.0315624813317458	0.0154667685067616	0.00659213705146571	0.00229219031444865	0.00062286264410793	0.000128626554512286	1.86991032783975e-05	1.54942842188822e-05	0.000108338269522539	0.000634192119039437	0.00260462687374152	0.00749207409269579	0.015099152308023	0.0213423087110507	0.0212194939476776	0.0149623089465363	0.00765168542552363	0.00300981405330062	0.00107518594110507	0.000576688004043348	0.00066841105129705	0.000879993280138284	0.000892307702904557	0.00064385405284108	0.000326687120322461	0.00011628578714273	2.90096710529997e-05	5.064070743275e-06	6.20293565756883e-07	3.05902320501826e-07	2.03934880334551e-07	1.359565868897e-07	9.06377245931335e-08	6.04251497287557e-08	4.02834331525038e-08	2.68556221016692e-08
0.000148597465277598	0.000935570910929027	0.00411895592656407	0.0130453389071909	0.0299806306797761	0.0508125954067218	0.0657785835445555	0.071031758672429	0.0761655199564828	0.0935634455883129	0.125008412919365	0.166807624960593	0.219530664860814	0.280138170073277	0.335851337140077	0.380773005174068	0.422390616097295	0.462056861062069	0.485095199617138	0.470928925453263	0.408224763428748	0.308644443577131	0.203919680895193	0.121718491544791	0.0683223794495606	0.0357678115680686	0.0163612897882466	0.00610061462188297	0.00179464771032646	0.000416201790923198	7.6073590305565e-05	2.60105829021959e-05	0.000112898196766322	0.000653260929663182	0.00268354951420788	0.00772598444547004	0.0156104343595239	0.0222263891547703	0.0225554187973464	0.0168076547885215	0.00983925132220923	0.00507563224715417	0.00271479764277815	0.00208980497746219	0.00265733956930753	0.00347967321696767	0.00349332750654313	0.00250590503899673	0.00126696865507875	0.000450010689432163	0.000112115578465915	1.95312393229475e-05	2.39236430481759e-06	3.05902320501826e-07	2.03934880334551e-07	1.359565868897e-07	9.06377245931335e-08	6.04251497287557e-08	4.02834331525038e-08	2.68556221016692e-08
0.000146134242442222	0.000896606915107777	0.00386447751934093	0.0119407110585617	0.026671386589104	0.0438515315371276	0.0553244423538679	0.0594021987028607	0.0654309590211359	0.0838030444448877	0.117618530977819	0.168267134291101	0.238423662917163	0.322467534079006	0.406519932260923	0.486686343820423	0.571540633412876	0.659995953637045	0.727300374991289	0.732600764026713	0.648016176825731	0.493035584808793	0.327401004029187	0.200235212826444	0.118910370989182	0.0671693607580798	0.0332306376074522	0.0134761176346059	0.00443001776108071	0.00120925359295118	0.000278980495268394	6.48904968118099e-05	8.84988247519908e-05	0.00047089100522202	0.0019344696133833	0.00558945661243527	0.0114096269772164	0.0167138567787084	0.0182788528816855	0.016174733355803	0.0128057214592692	0.00946179814569955	0.00674759978675567	0.00599760519124341	0.00768431804275949	0.00982850142574779	0.00969203123664637	0.00687496268545593	0.00345182328516349	0.0012207992959352	0.000303350008350464	5.26279842272964e-05	6.44635544207167e-06	3.05902320501826e-07	2.03934880334551e-07	1.359565868897e-07	9.06377245931335e-08	6.04251497287556e-08	6.04251497287557e-08	4.02834331525038e-08
0.000112067122980374	0.00069072961554484	0.00301536987986082	0.00945674966293674	0.0214441493250344	0.0357560163858561	0.0457011846531135	0.0498596624598138	0.0562683811630469	0.0745233495361826	0.109561637217145	0.165146501483127	0.243428227387298	0.33885546138427	0.442448492451002	0.55460078848145	0.683678856096824	0.826135657540643	0.946517041646087	0.979782911872778	0.878769232390675	0.672584891171835	0.451919044310015	0.286795425989716	0.182105380916308	0.111209715177795	0.0596500997183706	0.0267177697501074	0.0100776489504901	0.00326466994483028	0.000895241323894112	0.000203079531577785	7.37423796490876e-05	0.000240317539873156	0.000980010736992833	0.00287237026720525	0.00609842433015483	0.00987330570873731	0.0133676750251506	0.0164590794051728	0.0181664046503264	0.0168114398774963	0.0136833551267406	0.0130033113936383	0.0164301384832523	0.0202023604077962	0.0193071059344534	0.0134112445809528	0.00664362290808714	0.00232985133050554	0.000575895902692221	9.9087698124091e-05	1.21355113015616e-05	3.05902320501826e-07	2.03934880334551e-07	1.359565868897e-07	9.06377245931335e-08	9.06377245931335e-08	9.06377245931335e-08	6.04251497287556e-08
6.81434646783641e-05	0.000436706887943175	0.00200303965860924	0.006635720329448	0.0159202421838576	0.0280540949735432	0.0377450194543384	0.0430529244617098	0.0503478426563444	0.0689460693391524	0.105070820147592	0.162158494129278	0.239786676074374	0.333450676307281	0.441673447132194	0.571453657780891	0.733446687420499	0.923972484867148	1.09853632430552	1.17090259841413	1.07638068277225	0.847315889943166	0.59398649311496	0.40122268158693	0.27325433472591	0.178156618699877	0.102716968945068	0.0507005003302147	0.0215811194967855	0.0078692687449443	0.00236409066388377	0.000557065450701316	0.000113966334883527	9.57147850287708e-05	0.000355344364696332	0.00109814908984525	0.00265896197582639	0.00556396886780232	0.0106547052849868	0.0176870961590705	0.0232825682917601	0.0237253870952604	0.0210363999794372	0.0214639855467832	0.0267410772492975	0.0310887405086834	0.0282378215992201	0.0189017664234331	0.00913169691529803	0.00315050981382296	0.000770688071343236	0.000130423569666557	1.59609525521714e-05	3.05902320501826e-07	2.03934880334551e-07	1.359565868897e-07	1.359565868897e-07	1.359565868897e-07	1.359565868897e-07	9.06377245931337e-08
3.45611781615033e-05	0.000236803643677598	0.00116733845036919	0.00415404422695088	0.0106610188462406	0.020010916474504	0.0285900309700416	0.0345079838298042	0.042266726893884	0.0599495854830989	0.0943646997908608	0.148965768334851	0.22192089399643	0.309288953363245	0.41440236190194	0.549728000213432	0.72944707804461	0.951569871909472	1.17077496534235	1.29632345304762	1.25227888164626	1.05436292207033	0.804210229818618	0.591749902379479	0.430079801644925	0.294557231199434	0.179549650453527	0.0950564568770151	0.0434100053951895	0.0167260546186688	0.00524470046272675	0.00129356263273076	0.000254439021443665	5.55555663732991e-05	0.000100333561965238	0.000358840550706502	0.00116897635921799	0.00346296119567384	0.00860188850511136	0.0163914698299658	0.0231390873467171	0.025131816426246	0.0247325349139489	0.0277890170033393	0.0343118064998579	0.0372542433754281	0.0314776308341282	0.0198554511154075	0.00917887332317772	0.00307082934047181	0.00073585814822564	0.000120461178736508	1.46661604080841e-05	3.05902320501826e-07	2.03934880334551e-07	2.03934880334551e-07	2.03934880334551e-07	2.03934880334551e-07	2.03934880334551e-07	1.359565868897e-07
1.51128734490864e-05	0.000110889550559194	0.000586801477173315	0.00222876324855821	0.00609357345379948	0.012279560376331	0.0191533768936093	0.025465374518344	0.0330952551717408	0.0468322502300294	0.0731668044718495	0.117875300245299	0.181822044648375	0.26263808707788	0.364527095669947	0.501183090169146	0.687795255566795	0.924067632740743	1.17542728931153	1.3690292945964	1.42542993553335	1.32108332572158	1.11782380207489	0.899018484444773	0.694207753763696	0.49694421809258	0.316363631730341	0.174679998079515	0.0823267083657816	0.0325385985377256	0.0106405638141853	0.00287483832194472	0.000667442010373704	0.00013786134958902	5.21298851413271e-05	0.000131300659360904	0.000570434713000068	0.00210884487451417	0.0058793887816669	0.0119332328369636	0.017841541410176	0.0212133187372516	0.0239595676994388	0.0296646902203023	0.0362120975339415	0.0367038493104064	0.0285386847747321	0.0166146500095791	0.0071672303257002	0.00226928125478862	0.000521827445113429	7.99799360103833e-05	9.4152303861929e-06	3.05902320501826e-07	3.05902320501826e-07	3.05902320501826e-07	3.05902320501826e-07	3.05902320501826e-07	3.05902320501826e-07	2.03934880334551e-07
5.51835765645225e-06	4.24313683715113e-05	0.00024626136504318	0.00102391838440089	0.00314046156187901	0.00745095234144166	0.0142741095094981	0.0228455454758674	0.0314233192438996	0.0397095050176616	0.0529819261773624	0.0809300190716735	0.130211693624436	0.201455589990109	0.297593829393974	0.430204526975887	0.613450073734799	0.849916265431932	1.12354631044441	1.39117554537164	1.57506061226043	1.60546819418044	1.49045987068256	1.29470750151169	1.05866819667512	0.793650827786547	0.526952367484862	0.301703106605186	0.146538386965593	0.0601794385181514	0.0211870892549133	0.0065874068877857	0.00193388092780128	0.000581038472969782	0.000205109571220717	0.000115764770059489	0.000295721369389577	0.00116820240345175	0.0035697021467073	0.00798533492183246	0.0134074542044403	0.0182174021666127	0.0228977392923723	0.0290061268529277	0.0341446902503348	0.0327730740435053	0.0238907658104117	0.0129105467286223	0.00514211547583811	0.00151953231428597	0.000360194589774989	9.84410102994829e-05	5.56792659574418e-05	3.39307748111795e-05	1.56676432282003e-05	5.06605024878404e-06	1.14707347068498e-06	1.81873280750307e-07	2.01930764375522e-08	3.05902320501826e-07
1.57266163630166e-06	1.23943405051529e-05	9.73980080222127e-05	0.000511404853514143	0.00202386585000456	0.0062943788792085	0.0151763433861068	0.02788582276624	0.0389114038393073	0.0429155805966219	0.0438976090498064	0.0551046374780472	0.0881431535855516	0.145684993288537	0.228346741083879	0.344694938987727	0.508973655559669	0.730143642706494	1.01130449797261	1.33541814962172	1.63009487846036	1.79439471764075	1.79067406098583	1.65514756278954	1.42442217414989	1.11793689274975	0.776091726090669	0.464305356512251	0.236594158254696	0.103834551542932	0.0406109913067091	0.0149279193458211	0.005608602873256	0.00228748359652799	0.000972344054420736	0.000384911112828922	0.000265645295744578	0.000811436049793689	0.0028312517563401	0.00738433084725777	0.0141991375207857	0.0209690465261046	0.0260197444659646	0.0302087799895211	0.033046854323419	0.030707691990246	0.022016140750122	0.0116287090069501	0.00448439350945067	0.00135788431486773	0.000512075986617072	0.000396611429941556	0.000346268178394045	0.000227459343244053	0.000105030075461006	3.39609239353451e-05	7.68955556560757e-06	1.21921109150375e-06	1.35366903058437e-07	3.05902320501826e-07
3.21490498693412e-07	2.58206211973991e-06	5.21285441163005e-05	0.000369899791055457	0.00180271467233692	0.00646778278489339	0.0169262078117561	0.0321840185238306	0.0446842168257665	0.0466335501496577	0.0413739895789088	0.0430975463315348	0.0641936204549175	0.106877714650515	0.16955279991828	0.258644177566713	0.390025913210364	0.580123471428567	0.84481862746087	1.1827547938031	1.53320304413605	1.7902331904759	1.88891297155663	1.8339796901693	1.64824338702437	1.35025663549644	0.981768163564732	0.618842421590816	0.336204216743122	0.160865247501417	0.0711622538876281	0.031346501274578	0.0148859101411986	0.00754500221246815	0.00362589084637396	0.00146540112643234	0.000597097523470263	0.000936252137649042	0.0032979103746076	0.00921935610848534	0.0185939579833271	0.0277259005173092	0.0327439352077843	0.0344088282441852	0.0346455793269728	0.0312843629764939	0.0225216358608211	0.0120584113508418	0.00483286460453043	0.00191074090360516	0.00151516124639314	0.00174646215561613	0.00161582592954314	0.00106529694464241	0.000491904253693903	0.000159054660009013	3.60137329725361e-05	5.71012749851963e-06	6.33985600139237e-07	3.05902320501826e-07
4.91711368750885e-08	3.94919695685282e-07	3.6714887410014e-05	0.000291053791605144	0.00150144523591428	0.00554480447522993	0.0146836962438477	0.0279709751390735	0.0387798660005019	0.0406510994024459	0.0367917986481151	0.0385128006756809	0.0539949771079932	0.0830368659138527	0.123933754492235	0.183628701387171	0.279440803580004	0.430661321887513	0.655363308990499	0.95870768851585	1.2989997426006	1.58748413775531	1.75027511374314	1.76806293833927	1.65082677553421	1.41082899673121	1.07816316400865	0.7217514667125	0.423002080812287	0.223493452056207	0.113110503150196	0.0595255943445317	0.0339766341908798	0.0196305527228969	0.0101295190869841	0.00425807361583109	0.00156012841547315	0.0013976513755595	0.00418903034258582	0.0115298300822832	0.0232737181204259	0.0347232320088405	0.0402432936752773	0.0397880679471665	0.0366709457307057	0.0309468212681859	0.0215844949139762	0.0115552278702365	0.00512217951851454	0.00334698351787797	0.00439845450709375	0.00564305467222524	0.00528620674945494	0.0034857358947499	0.00160954964013021	0.000520439432788164	0.000117839783881522	1.86839889903838e-05	2.07445104792045e-06	3.05902320501826e-07
3.05902320501826e-07	3.05902320501826e-07	2.21041501651627e-05	0.00017841679405909	0.000929444812325355	0.00343957229410099	0.00910265502885317	0.0173446694199227	0.0244248328681351	0.0274441624082971	0.0296174936354681	0.0371032616015461	0.0510630114731251	0.0680048168657914	0.0884685734819976	0.122801860217158	0.188601806944061	0.301839401706428	0.474346185051922	0.711893962717046	0.993334512940525	1.2571130780906	1.43630044653124	1.50319353565992	1.46163766479706	1.3131758448193	1.0653669401667	0.76559616429883	0.489200966445604	0.288070958591176	0.166815040460758	0.10133719555619	0.0645875753812659	0.0397499797889309	0.0212849320046905	0.00922261767509467	0.00340563149813477	0.00240930960358816	0.0057652281901881	0.0146379911104763	0.0287538030476706	0.0429714489837549	0.0501413138282444	0.04811922934555	0.0402470533885995	0.0298067605633581	0.0186800654967558	0.00957749464376276	0.00513657247499603	0.00584620766579992	0.00970625674955263	0.0128535907337112	0.01208429166272	0.00796847423026727	0.00367946832949424	0.00118973678265001	0.000269384517219009	4.2712038227771e-05	4.74224388089823e-06	3.05902320501826e-07
2.03934880334551e-07	3.05902320501826e-07	9.89608339435857e-06	7.88908506029184e-05	0.000409292969644409	0.00150687291013845	0.00398796255970794	0.00768885039888206	0.011519705026531	0.0156800923174341	0.0233162269369106	0.0362250287325242	0.0495978115365176	0.0569950817234233	0.061190704074118	0.0758250173276916	0.11738955970132	0.19627384536344	0.316732012867443	0.482529784121325	0.687226406531929	0.894982145565794	1.05607691289225	1.14833863391149	1.17571369355366	1.12814882043515	0.986371513298639	0.769461428185928	0.539943473117137	0.354915297606416	0.231027410095782	0.153831507967173	0.102557882067583	0.0640654906452963	0.0346528933729965	0.0153332482366864	0.00612136032213358	0.00478695418579923	0.00966371384720434	0.0208357208392269	0.0375263596848564	0.0546690500076423	0.0643506227006669	0.0618784615466724	0.0492171103044032	0.0324812005410944	0.017616357136766	0.00819081042523514	0.00531747257132035	0.00852269421303299	0.0153413604319649	0.0205059388679968	0.0193000657795927	0.0127266108018227	0.00587655303059632	0.00190015259532207	0.000430239442032837	6.82162571364908e-05	7.57393328452699e-06	3.05902320501826e-07
2.03934880334551e-07	3.05902320501826e-07	3.09535002962721e-06	2.43992665166261e-05	0.000126108435377747	0.000462069941374935	0.0012399945927796	0.00251834480923569	0.00451472634230094	0.0087717266994008	0.0181154545276676	0.0323051881259417	0.0441749443625108	0.0460545745605841	0.0410621564045203	0.042808119952917	0.0650685071686255	0.114182588931512	0.190848930906519	0.297527882778843	0.434970544977803	0.584977143457548	0.715475254112615	0.813763813230652	0.886784874890434	0.918949410283615	0.871832247448677	0.739472276847999	0.568731945610939	0.41412403902515	0.296508844815624	0.209036324732246	0.140840394117043	0.0867564567465433	0.0463479310681599	0.0208110148342266	0.00967958258886242	0.00998433779359693	0.0184550800084452	0.0325696057647236	0.0498431402659092	0.0663720671396624	0.0763619602603714	0.0743643439055134	0.0596887527087362	0.0384807169427006	0.0195727707749517	0.00834909360047048	0.00542647501859435	0.00934830894741865	0.0171027941938688	0.022895543491231	0.0215487075883757	0.0142061106114711	0.00655877000220147	0.00212055202334348	0.000480115856724249	7.61171246184602e-05	8.45115296368049e-06	3.05902320501826e-07
2.03934880334551e-07	3.05902320501826e-07	6.76414773780709e-07	5.27769524004049e-06	2.71834242979725e-05	9.91611252732667e-05	0.000282469745314918	0.000676464170494012	0.00175173867375232	0.00500115784773633	0.0125652160522381	0.0238805976839922	0.0328100266324572	0.0327679535965669	0.0258170606470953	0.022159919947068	0.0315364230560661	0.0581961876887985	0.103213469588335	0.16960924615924	0.260494066320974	0.366688157411851	0.467954123924989	0.557528720249755	0.644223604464848	0.714666786548161	0.72703252152738	0.662604008156462	0.553055432295437	0.441711405450283	0.34401040125138	0.255053985756991	0.173344298258614	0.104715059185442	0.0546525524793314	0.0248999060205916	0.0141635533893926	0.0188788244729765	0.0336174689786492	0.0510274716515933	0.0648734335083763	0.0734724245526361	0.0772775558083229	0.0739916244663699	0.0605758640470865	0.0399273595440277	0.0204186920359486	0.00842835377890469	0.00479265378042788	0.00751770849644002	0.013521379986438	0.0179997667038113	0.0168889728141212	0.01111191606458	0.0051237856085765	0.00165529487640844	0.000374591504926757	5.93381166307759e-05	6.58820866837869e-06	3.05902320501826e-07
2.03934880334551e-07	3.05902320501826e-07	1.03269791123868e-07	7.98343910702113e-07	4.09890265939849e-06	1.48910445045822e-05	5.21288643114385e-05	0.000181134253120176	0.000719237640230282	0.0025815799383949	0.00703790624235265	0.0137629402070935	0.0190686090778623	0.0188434350134059	0.0140606003689669	0.0105310115184105	0.0137931126737129	0.0267156660012496	0.05155569228346	0.0922139610720339	0.15207281967028	0.226291164126655	0.302356769070236	0.37622098237434	0.454991909258308	0.528933572149439	0.563986398188301	0.541979540363703	0.484242470271512	0.419971546200662	0.354006859684729	0.277431389273473	0.19286917846529	0.11579913226671	0.0593841062901319	0.0275176829569076	0.0185726747641567	0.0286781892223862	0.0504050775476277	0.0709984770027811	0.0792840925568818	0.0752769314851433	0.0671151140658189	0.0588252075350991	0.0474517388315296	0.0318029920382621	0.0165973122366937	0.00692258116040285	0.00368489457968336	0.00501679974053014	0.00834322592508443	0.0106142396501233	0.00967710178608413	0.00624980382874863	0.00284785699235687	0.000913137434585824	0.000205662970442029	3.23178185478041e-05	3.58819161087601e-06	3.05902320501826e-07
1.359565868897e-07	2.03934880334551e-07	3.05902320501826e-07	3.05902320501826e-07	3.05902320501826e-07	3.05902320501826e-07	5.58812802656267e-06	4.5694277525317e-05	0.000262407794419176	0.00105791584119072	0.00299420777586923	0.00595512861749063	0.00834569813395761	0.00837494718993641	0.00653964737889413	0.0054492369273809	0.00738092888686076	0.0135458172931135	0.0259863442518537	0.0485304898497976	0.0845559901743026	0.132727959678646	0.187453999638073	0.24682485528296	0.313125608878024	0.37612056298738	0.411038642331519	0.407540547588755	0.383112044944862	0.356232025418709	0.322761569481463	0.268207089740292	0.193518177916738	0.117984465033971	0.0607688606008972	0.0289929794957817	0.0213187111229739	0.0336955487421538	0.0581751864120899	0.0797166122734488	0.0840094422849305	0.0707961794142833	0.0524293677944723	0.0384936477153812	0.0283883821434225	0.01869915945099	0.00998046070360479	0.00470933808523681	0.00352200672162319	0.00495024044583977	0.00674766056396097	0.0070402868815527	0.00545351861983199	0.00311008351427649	0.00129545188366131	0.000390378925516843	8.43471312084072e-05	1.22972277155316e-05	1.36533996750534e-06	3.05902320501826e-07
9.06377245931337e-08	1.359565868897e-07	2.03934880334551e-07	2.03934880334551e-07	2.03934880334551e-07	3.05902320501826e-07	1.68954419698217e-06	1.39682230773942e-05	8.1017681872947e-05	0.000329619326588078	0.000940526732401065	0.0018968054475545	0.00274617054157215	0.0031233805889988	0.00364200025127116	0.00549785488814631	0.00882737021147937	0.0125896849969689	0.0172580233747812	0.0263005637129077	0.0438316933225481	0.0717797131973963	0.110069884046611	0.158293792435603	0.213257134040301	0.261946357776386	0.287344586598275	0.288499750683935	0.282137183791463	0.279021407501988	0.269724244056834	0.237323307503822	0.179566658328902	0.113923417710111	0.0615188658780602	0.0319815804157173	0.0240472619939526	0.033108719069552	0.0525714115781142	0.0701893299149285	0.0727937849988386	0.0584748905058367	0.0381106020521343	0.022586948041373	0.0137093668744684	0.00829078191473545	0.00473105807516327	0.00366403430835294	0.00556117160309222	0.00900197001145952	0.0110057105344713	0.00963061422165921	0.00602862964597361	0.00271897371863712	0.000891937198981565	0.000214733089557972	3.81670529093137e-05	3.26910815384479e-06	3.62963435645296e-07	3.05902320501826e-07
6.04251497287558e-08	9.06377245931337e-08	1.359565868897e-07	1.359565868897e-07	2.03934880334551e-07	3.05902320501826e-07	3.72844876586862e-07	3.1050278742826e-06	1.81288706872743e-05	7.4197935558235e-05	0.000212853619532382	0.000456938531899231	0.000807218306939481	0.00160297054109387	0.00390208911997268	0.00869642260941887	0.0147587907296323	0.0186208015067568	0.0189941867820424	0.0195464895505477	0.0254560083155526	0.0402178934889448	0.0661498057639013	0.103254218827635	0.145174404533603	0.178630787036317	0.194177370532367	0.198282008117123	0.205246119580813	0.217594034115946	0.222258284814887	0.204126048878482	0.16117912513671	0.108153983450873	0.0646674678002185	0.0401746813578976	0.0320070672066398	0.0342617975449625	0.0426956503131461	0.0513712009929908	0.0522080289987108	0.0421165604108606	0.0267686990221347	0.0140469269665302	0.0067450619366033	0.00336806934907512	0.00243029583679271	0.00415669135354075	0.00912719244412005	0.015499255433259	0.0186734750798161	0.0158016786607256	0.00938923205382224	0.00392232881935816	0.00115455326358184	0.000240268553906997	3.55230146438848e-05	6.07167139539179e-07	6.74127194962576e-08	3.05902320501826e-07
4.02834331525039e-08	6.04251497287556e-08	9.06377245931335e-08	1.359565868897e-07	2.03934880334551e-07	3.05902320501826e-07	5.60418454003274e-08	4.71749555397682e-07	2.7807791228902e-06	1.14782957836538e-05	3.31775454195597e-05	0.000106596577098202	0.000372916661095912	0.00146391619145983	0.00480310107671874	0.0115385389221484	0.0197934818950429	0.0246838663936025	0.0240822867389169	0.0219020707286109	0.0230420178288578	0.0299036089730842	0.0446639666430419	0.0680736753322312	0.094645840668704	0.114597177703743	0.125055521282812	0.13545696236783	0.154720645109515	0.177082919021649	0.186971044298582	0.173697484276058	0.139722855470551	0.0992147155735577	0.0681903145857455	0.0526225540370314	0.0468062883191971	0.0431746156706062	0.0398869367655922	0.0379279129221355	0.0357526119934504	0.0303002700224984	0.0214450617715288	0.0122858112445483	0.00568295648544542	0.00236493305104977	0.00196249709639821	0.00477290851544122	0.0113472256399325	0.0194467140391294	0.0234039471495376	0.0197316140063654	0.0116526124511072	0.00482085718539615	0.00139757334501461	0.000284018971828552	4.04870229830122e-05	7.87851064198888e-08	8.74737437799704e-09	3.05902320501826e-07
4.02834331525038e-08	6.04251497287557e-08	9.06377245931335e-08	1.359565868897e-07	2.03934880334551e-07	3.05902320501826e-07	6.46613573545439e-09	5.44306961441326e-08	3.20847665355803e-07	1.32437142315027e-06	3.8280415378831e-06	4.52460305460237e-05	0.000275004422031539	0.00131266104866882	0.00451510675969018	0.0109774981019908	0.0190184176653793	0.0243285619294185	0.0253024069159113	0.0252318824908543	0.0265524322887416	0.0286953832833674	0.0329625788006925	0.0420524527760649	0.0542130306170605	0.0644447212040984	0.0733264063287704	0.088677823218963	0.113698046884838	0.13831630595262	0.147658113808134	0.135982158532929	0.110250488231561	0.0837552422276746	0.0673194074939646	0.062393496598551	0.0610645507621841	0.0551040424095214	0.0445850830280629	0.0354245996716415	0.0308898261513283	0.0283191471091382	0.0234151148731631	0.0155372026183534	0.00780564007658051	0.00308274510569676	0.00191642742687774	0.00420571885642462	0.00998817963341765	0.0171304295539417	0.0206151861725217	0.0173731742329993	0.0102524963690611	0.00423678080722977	0.00122602207774547	0.000248437132880385	3.52525590867175e-05	3.05902320501826e-07	3.05902320501826e-07	2.03934880334551e-07
2.68556221016692e-08	4.02834331525038e-08	6.04251497287556e-08	9.06377245931337e-08	1.359565868897e-07	2.03934880334551e-07	3.05902320501826e-07	3.05902320501826e-07	3.05902320501826e-07	3.05902320501826e-07	3.05902320501826e-07	2.4905553115197e-05	0.000175360068410054	0.000864611771672391	0.00300042230014609	0.00734297019012138	0.0129444054547836	0.0174230874490065	0.0203666950425465	0.023709483963781	0.0268511517887372	0.0267034128447723	0.0239848958232424	0.0230494203501423	0.0254813541223635	0.0296444469158924	0.0365136774910275	0.0503669831423371	0.0711719760120118	0.0901748869921336	0.0970040066100957	0.0898355146045515	0.0760531022281182	0.0646029378021855	0.0603555679987655	0.0624265586537863	0.064275811182542	0.0593350884883262	0.0486828819251176	0.0391174077148038	0.0346324309338431	0.0327460492540464	0.0282392331362905	0.019474229948195	0.0100237713906299	0.00384770772619059	0.00168694199874928	0.00268017435886389	0.0061617879341739	0.0105497172606413	0.012696365713921	0.0106997578645177	0.00631428817696617	0.00260934059340107	0.000755080170871268	0.00015300699404292	2.17112797738495e-05	3.05902320501826e-07	2.03934880334551e-07	1.359565868897e-07
1.79037480677795e-08	2.68556221016692e-08	4.02834331525039e-08	6.04251497287558e-08	9.06377245931337e-08	1.359565868897e-07	2.03934880334551e-07	2.03934880334551e-07	2.03934880334551e-07	2.03934880334551e-07	3.05902320501826e-07	1.15569396133323e-05	8.13724438012255e-05	0.000401206348960662	0.00139786965214727	0.00345337097303452	0.00627210984498758	0.00915710823618195	0.0124807744496991	0.0169791598630265	0.0206409109028676	0.0199854225659655	0.0154444233036653	0.0111584240144955	0.00965756559221565	0.0106758731491393	0.0144790378903922	0.0225962152314384	0.0343298469761357	0.0449377212336031	0.0495923382054706	0.0486631332614776	0.0466337012135589	0.0464065126798936	0.0481300984227557	0.0512314128126583	0.0533074184663025	0.0513009272666632	0.0463128221894582	0.0419839771097627	0.0391962561499017	0.0357587317935063	0.0291210216991384	0.019316398515844	0.00974242945846818	0.00363612164380435	0.0012431078788225	0.00124830107906601	0.00266366538555845	0.00453933768650344	0.00546299867029123	0.00460389723353728	0.00271691511506947	0.00112274839219992	0.000324896278382256	6.5835926897193e-05	9.34194045819045e-06	3.05902320501826e-07	2.03934880334551e-07	1.359565868897e-07
1.19358320451863e-08	1.79037480677795e-08	2.68556221016693e-08	4.02834331525039e-08	6.04251497287558e-08	9.06377245931337e-08	1.359565868897e-07	1.359565868897e-07	1.359565868897e-07	2.03934880334551e-07	3.05902320501826e-07	3.74667820077159e-06	2.63803715805396e-05	0.000130068264779022	0.00045643442478385	0.00114638113818459	0.00218815171669642	0.00359393036236245	0.00581449641437235	0.00900257818132436	0.0115210614241907	0.0110949565163767	0.00796416676437088	0.00468791192292771	0.00301055247707684	0.00294771752888347	0.00436138962205482	0.0075628240160939	0.0121760398579379	0.016596488916162	0.0196101704586973	0.022210252561258	0.0259785534606046	0.0299985337162209	0.0324050619323438	0.0336428136096161	0.0348776859941912	0.0364230248314132	0.0390009408721637	0.041749559836979	0.0410794099502829	0.0350450286821702	0.0253726797620877	0.0151607227696869	0.00713176290491891	0.00253421354283078	0.000736982450087914	0.000439938927879274	0.000809029708348964	0.00136458646539589	0.0016422514826601	0.00138399394071027	0.000816741527002169	0.000337513392007884	9.76682271195875e-05	1.97911724099785e-05	2.80831398547051e-06	3.05902320501826e-07	2.03934880334551e-07	1.359565868897e-07
7.95722136345758e-09	1.19358320451864e-08	1.79037480677795e-08	2.68556221016693e-08	4.02834331525039e-08	6.04251497287556e-08	9.06377245931335e-08	9.06377245931335e-08	1.359565868897e-07	2.03934880334551e-07	3.05902320501826e-07	8.48607448853074e-07	5.97504739588993e-06	2.94599355578873e-05	0.000104702258919337	0.000270563278166603	0.000558629609360339	0.0010689388953973	0.0020393459148518	0.00347284279552814	0.0046016362348921	0.00444545517333497	0.00309814613156169	0.00163055196163508	0.000800609526221629	0.000628873962648206	0.00097321658233654	0.00183863980583703	0.00312743359792821	0.00456033050188229	0.00620228796922179	0.00880305997610941	0.0125899219943601	0.0159551165669926	0.0172399907543466	0.0173115136395181	0.0186923123778797	0.0237312374483881	0.0331553464873481	0.0427848381559622	0.0448510491872603	0.0365799407758832	0.023292159930147	0.0117520149186913	0.00470811881284978	0.00147245658188606	0.000365660937547053	0.000125716671856664	0.000173801759294605	0.000286593623798864	0.000344909476636256	0.000290669626910562	0.000171533955426313	7.08853477219e-05	2.05125082580182e-05	4.15658806828213e-06	5.89808636001328e-07	3.05902320501826e-07	2.03934880334551e-07	1.359565868897e-07
5.30481424230506e-09	7.95722136345758e-09	1.19358320451864e-08	1.79037480677795e-08	2.68556221016692e-08	4.02834331525038e-08	6.04251497287556e-08	9.06377245931335e-08	1.359565868897e-07	2.03934880334551e-07	3.05902320501826e-07	1.34283973074654e-07	9.45493826048635e-07	4.66175167161573e-06	1.69430849243004e-05	4.60552920282803e-05	0.00010747046407688	0.000248336978264025	0.000555299478877517	0.00103437886849213	0.00144795819211251	0.00146712577597883	0.00107021655523999	0.000571734741122802	0.000244524378505887	0.000128898114676767	0.000166295086001081	0.000325708546615834	0.000589015931212743	0.000967561599403946	0.0016442489853038	0.00296625528695505	0.00487200771020525	0.00644760133718609	0.00693105779981348	0.00715655293564286	0.00971355022300783	0.0180534445279677	0.0334700640935099	0.0498428178181578	0.0554608121477671	0.0453639731222391	0.0273240672569227	0.012222673370365	0.0041046915349214	0.00104493273619254	0.000204962759074709	3.6283871783707e-05	2.67748503160092e-05	4.20522158529266e-05	5.06089687864344e-05	4.2650292531669e-05	2.51693768482306e-05	1.04010895416959e-05	3.00982420165951e-06	6.09901003177143e-07	8.65433073642109e-08	3.05902320501826e-07	2.03934880334551e-07	1.359565868897e-07
5.30481424230502e-09	7.95722136345754e-09	1.19358320451863e-08	1.79037480677795e-08	2.68556221016692e-08	4.02834331525038e-08	6.04251497287557e-08	9.06377245931335e-08	1.359565868897e-07	2.03934880334551e-07	3.05902320501826e-07	1.48456227964915e-08	1.04528071195258e-07	5.15375031756365e-07	1.94744181844389e-06	6.48430144850765e-06	2.18202696686691e-05	7.85503416780467e-05	0.000249980736884829	0.000612063291415247	0.00109538561486702	0.00140896638250251	0.00129313503178304	0.000843089726970981	0.000390052920576744	0.000131615985876028	4.453530071643e-05	4.24602925390086e-05	7.73588272561149e-05	0.000156263935542354	0.000355323546097842	0.000784362519219579	0.0014000578354405	0.00189862273610193	0.00213001577298432	0.00284889376412714	0.00651371544283898	0.0171712152976347	0.0366889708124964	0.0579532866039332	0.066467879919837	0.0552104991604515	0.0332297335067716	0.0145048711261344	0.00459600642626476	0.00105844285694665	0.00017755756503253	1.79245905647959e-05	5.27545680181955e-07	3.05902320501826e-07	3.05902320501826e-07	3.05902320501826e-07	3.05902320501826e-07	3.05902320501826e-07	3.05902320501826e-07	3.05902320501826e-07	3.05902320501826e-07	2.03934880334551e-07	1.359565868897e-07	9.06377245931337e-08
3.53654282820335e-09	5.30481424230502e-09	7.95722136345753e-09	1.19358320451863e-08	1.79037480677795e-08	2.68556221016692e-08	4.02834331525038e-08	6.04251497287556e-08	9.06377245931337e-08	1.359565868897e-07	2.03934880334551e-07	3.05902320501826e-07	3.05902320501826e-07	3.05902320501826e-07	2.32712409566667e-08	3.06327159741125e-06	2.46774014540018e-05	0.000139957858954318	0.000557998943475551	0.00156218135970724	0.00306863459749674	0.0042269312313774	0.00408124978460133	0.00276135549476998	0.00130894893326669	0.000434641049522228	0.000101088452672411	1.68236486058173e-05	4.64541051775564e-06	1.50278456554173e-05	5.72640394999803e-05	0.00015311621887373	0.000289026992268355	0.000407852691489413	0.000579878181925971	0.00146064774824485	0.00520253053418744	0.0156133533220008	0.0345591698791088	0.0553704226658277	0.0641430163731738	0.0537734250996786	0.0326262888696565	0.0143087887106799	0.00452518643875786	0.00102889468800684	0.000167700574016055	1.62463039742907e-05	8.4302344284664e-08	3.05902320501826e-07	2.03934880334551e-07	2.03934880334551e-07	2.03934880334551e-07	2.03934880334551e-07	2.03934880334551e-07	2.03934880334551e-07	2.03934880334551e-07	1.359565868897e-07	9.06377245931337e-08	6.04251497287558e-08
2.35769521880224e-09	3.53654282820335e-09	5.30481424230504e-09	7.95722136345756e-09	1.19358320451863e-08	1.79037480677795e-08	2.68556221016692e-08	4.02834331525039e-08	6.04251497287558e-08	9.06377245931337e-08	1.359565868897e-07	2.03934880334551e-07	2.03934880334551e-07	2.03934880334551e-07	3.05902320501826e-07	7.22438804164908e-06	5.93015632591362e-05	0.00034086871379311	0.00137203144420021	0.003867202468653	0.0076328315653678	0.0105494634139789	0.0102101232509567	0.00691970407399508	0.00328397605723555	0.00109136083679086	0.000253975995418335	4.14411349166503e-05	5.13597408190531e-06	2.24247040799703e-06	8.54107889197291e-06	2.28168285847056e-05	4.29589951718163e-05	7.06743722120211e-05	0.000192590851637881	0.000868889622335246	0.00359994286886291	0.0110706902088419	0.0245885884863583	0.0394376089608742	0.0457970388948622	0.0385670730946144	0.0235474048467129	0.0104012334430774	0.00331194656441048	0.000756932066075626	0.000123623172966904	1.23222483132998e-05	9.4118745274523e-09	3.05902320501826e-07	2.03934880334551e-07	1.359565868897e-07	1.359565868897e-07	1.359565868897e-07	1.359565868897e-07	1.359565868897e-07	1.359565868897e-07	9.06377245931337e-08	6.04251497287558e-08	4.02834331525039e-08
1.57179681253482e-09	2.35769521880224e-09	3.53654282820336e-09	5.30481424230504e-09	7.95722136345756e-09	1.19358320451863e-08	1.79037480677795e-08	2.68556221016693e-08	4.02834331525039e-08	6.04251497287558e-08	9.06377245931337e-08	1.359565868897e-07	1.359565868897e-07	2.03934880334551e-07	3.05902320501826e-07	1.26984194277794e-05	0.000104235281749291	0.000599150249488058	0.00241164104781104	0.00679744203605791	0.0134163469735922	0.0185429562194639	0.017946492727483	0.0121628716703935	0.00577229588515337	0.00191830194789192	0.000446417564479774	7.27480744578556e-05	8.30152068544299e-06	3.05902320501826e-07	3.05902320501826e-07	3.05902320501826e-07	3.05902320501826e-07	7.14599099267249e-06	7.13148439297622e-05	0.000430832746043622	0.00185395098622848	0.00570919320633512	0.0126454530562198	0.0202431077480711	0.0235092981887509	0.0198441780900855	0.0121685220127289	0.00540573289323931	0.00173215833792526	0.000398315139402056	6.54013491246195e-05	6.72070529300404e-06	3.05902320501826e-07	2.03934880334551e-07	1.359565868897e-07	9.06377245931337e-08	9.06377245931335e-08	9.06377245931335e-08	9.06377245931335e-08	9.06377245931335e-08	9.06377245931335e-08	6.04251497287556e-08	4.02834331525039e-08	2.68556221016693e-08
1.04786454168989e-09	1.57179681253483e-09	2.35769521880224e-09	3.53654282820336e-09	5.30481424230504e-09	7.95722136345758e-09	1.19358320451864e-08	1.79037480677795e-08	2.68556221016693e-08	4.02834331525039e-08	6.04251497287556e-08	9.06377245931335e-08	1.359565868897e-07	2.03934880334551e-07	3.05902320501826e-07	1.55939151546979e-05	0.000128003028169682	0.000735768589828876	0.00296154384386471	0.00834739590876785	0.0164755446598735	0.0227711242055078	0.0220386550080833	0.0149362517078838	0.00708849576065973	0.00235571347966961	0.00054820977237809	8.9336102592559e-05	1.01944348239571e-05	3.05902320501826e-07	2.03934880334551e-07	2.03934880334551e-07	3.05902320501826e-07	2.76090933090448e-06	2.66125517191726e-05	0.000159966817952253	0.000684893450644606	0.00209925012581922	0.00463201343725804	0.00739724704034191	0.00858574691398845	0.00725708361307982	0.00446387425809468	0.00199168067185898	0.000641406331135322	0.000148254723679062	2.4461836378351e-05	2.57601274090398e-06	3.05902320501826e-07	2.03934880334551e-07	1.359565868897e-07	9.06377245931335e-08	6.04251497287556e-08	6.04251497287557e-08	6.04251497287557e-08	6.04251497287557e-08	6.04251497287557e-08	4.02834331525038e-08	2.68556221016692e-08	1.79037480677795e-08
1.04786454168988e-09	1.57179681253482e-09	2.35769521880223e-09	3.53654282820335e-09	5.30481424230502e-09	7.95722136345754e-09	1.19358320451863e-08	1.79037480677795e-08	2.68556221016692e-08	4.02834331525038e-08	6.04251497287557e-08	9.06377245931335e-08	1.359565868897e-07	2.03934880334551e-07	3.05902320501826e-07	1.33788123621246e-05	0.00010982030354	0.000631253268189036	0.00254085898225082	0.00716165520126788	0.0141352071228787	0.0195365047839409	0.0189080822321851	0.0128145694657727	0.00608158078139934	0.00202108632186142	0.000470337026139324	7.66459828652646e-05	8.74632376119745e-06	3.05902320501826e-07	2.03934880334551e-07	2.03934880334551e-07	3.05902320501826e-07	7.47709236455754e-07	7.01887469591663e-06	4.20169905760773e-05	0.00017913634259468	0.000546857080158181	0.00120251097607026	0.00191581646105442	0.00222146267801187	0.00187877704203224	0.00115795286001453	0.000518221729561486	0.000167491576977272	3.88590346562561e-05	6.4345810638828e-06	6.89823616014746e-07	3.05902320501826e-07	2.03934880334551e-07	1.359565868897e-07	9.06377245931335e-08	6.04251497287557e-08	4.02834331525038e-08	4.02834331525038e-08	4.02834331525038e-08	4.02834331525038e-08	2.68556221016692e-08	1.79037480677795e-08	1.19358320451863e-08
1.04786454168988e-09	1.57179681253482e-09	2.35769521880223e-09	3.53654282820335e-09	5.30481424230502e-09	7.95722136345754e-09	1.19358320451863e-08	1.79037480677795e-08	2.68556221016692e-08	4.02834331525038e-08	6.04251497287557e-08	9.06377245931335e-08	1.359565868897e-07	2.03934880334551e-07	3.05902320501826e-07	8.0193072876782e-06	6.5826677037983e-05	0.000378375434002657	0.00152299983001561	0.00429272137114011	0.00847269297342478	0.0117102498300333	0.0113335711374385	0.00768109810675376	0.00364532095680983	0.00121144626527643	0.00028192167131829	4.59418722922477e-05	5.2425772916233e-06	3.05902320501826e-07	2.03934880334551e-07	2.03934880334551e-07	3.05902320501826e-07	1.41471918541383e-07	1.30210173463947e-06	7.76981264351923e-06	3.30152659411893e-05	0.000100458117843412	0.000220268350317637	0.000350184662414135	0.000405624356917617	0.000343102679161836	0.000211732141940665	9.49553948027888e-05	3.07686398176438e-05	7.15774809060249e-06	1.1882990273514e-06	1.29058022560214e-07	3.05902320501826e-07	2.03934880334551e-07	1.359565868897e-07	9.06377245931335e-08	6.04251497287557e-08	4.02834331525038e-08	2.68556221016692e-08	2.68556221016692e-08	2.68556221016692e-08	1.79037480677795e-08	1.19358320451863e-08	7.95722136345756e-09
1.04786454168988e-09	1.57179681253482e-09	2.35769521880223e-09	3.53654282820335e-09	5.30481424230502e-09	7.95722136345754e-09	1.19358320451863e-08	1.79037480677795e-08	2.68556221016692e-08	4.02834331525038e-08	6.04251497287557e-08	9.06377245931335e-08	1.359565868897e-07	2.03934880334551e-07	3.05902320501826e-07	3.35825016246206e-06	2.75662773512633e-05	0.000158452509316297	0.000637787559835539	0.00179766552457544	0.00354811476026291	0.00490390840298708	0.00474616643909623	0.0032166180992375	0.001526553261557	0.000507318085120607	0.000118060508787454	1.92391056427421e-05	2.19543726281266e-06	3.05902320501826e-07	2.03934880334551e-07	2.03934880334551e-07	3.05902320501826e-07	1.87009916984715e-08	1.63503938585859e-07	9.67551683619448e-07	4.07602979996946e-06	1.2300983652079e-05	2.67870646111294e-05	4.23971487949149e-05	4.90512771020397e-05	4.15894302417339e-05	2.58068047098106e-05	1.16622562502029e-05	3.81164125989798e-06	8.94377066296252e-07	1.4966783526457e-07	1.68689810893534e-08	3.05902320501826e-07	2.03934880334551e-07	1.359565868897e-07	9.06377245931335e-08	6.04251497287557e-08	4.02834331525038e-08	2.68556221016692e-08	1.79037480677795e-08	1.79037480677795e-08	1.19358320451863e-08	7.95722136345756e-09	5.30481424230504e-09
1.04786454168988e-09	1.57179681253482e-09	2.35769521880223e-09	3.53654282820335e-09	5.30481424230502e-09	7.95722136345754e-09	1.19358320451863e-08	1.79037480677795e-08	2.68556221016692e-08	4.02834331525038e-08	6.04251497287557e-08	9.06377245931335e-08	1.359565868897e-07	2.03934880334551e-07	3.05902320501826e-07	9.82530702345501e-07	8.06512693715788e-06	4.63588022736251e-05	0.000186598921699453	0.000525946991735863	0.00103807980905381	0.00143474736375579	0.00138859644733406	0.000941093095311291	0.000446627075317639	0.000148427177956477	3.454122504476e-05	5.62882783151691e-06	6.42323951889685e-07	3.05902320501826e-07	2.03934880334551e-07	1.359565868897e-07	2.03934880334551e-07	3.05902320501826e-07	3.05902320501826e-07	3.05902320501826e-07	3.05902320501826e-07	3.05902320501826e-07	3.05902320501826e-07	3.05902320501826e-07	3.05902320501826e-07	3.05902320501826e-07	3.05902320501826e-07	3.05902320501826e-07	3.05902320501826e-07	3.05902320501826e-07	3.05902320501826e-07	3.05902320501826e-07	2.03934880334551e-07	1.359565868897e-07	9.06377245931337e-08	6.04251497287556e-08	4.02834331525038e-08	2.68556221016692e-08	1.79037480677795e-08	1.19358320451863e-08	1.19358320451863e-08	7.95722136345753e-09	5.30481424230504e-09	3.53654282820336e-09
1.04786454168988e-09	1.57179681253482e-09	2.35769521880223e-09	3.53654282820335e-09	5.30481424230502e-09	7.95722136345754e-09	1.19358320451863e-08	1.79037480677795e-08	2.68556221016692e-08	4.02834331525038e-08	6.04251497287557e-08	9.06377245931335e-08	1.359565868897e-07	2.03934880334551e-07	3.05902320501826e-07	2.00833479490043e-07	1.64854645402085e-06	9.47593753902775e-06	3.81416179917127e-05	0.000107505815467628	0.000212187954577857	0.000293268499970922	0.000283835055189499	0.000192363455314152	9.12924851675131e-05	3.03391502461211e-05	7.06037418986262e-06	1.15055649269311e-06	1.31293764062386e-07	3.05902320501826e-07	2.03934880334551e-07	1.359565868897e-07	1.359565868897e-07	2.03934880334551e-07	2.03934880334551e-07	2.03934880334551e-07	2.03934880334551e-07	2.03934880334551e-07	2.03934880334551e-07	2.03934880334551e-07	2.03934880334551e-07	2.03934880334551e-07	2.03934880334551e-07	2.03934880334551e-07	2.03934880334551e-07	2.03934880334551e-07	2.03934880334551e-07	2.03934880334551e-07	1.359565868897e-07	9.06377245931337e-08	6.04251497287558e-08	4.02834331525039e-08	2.68556221016692e-08	1.79037480677795e-08	1.19358320451863e-08	7.95722136345756e-09	7.95722136345754e-09	5.30481424230502e-09	3.53654282820335e-09	2.35769521880224e-09
1.04786454168988e-09	1.57179681253482e-09	2.35769521880223e-09	3.53654282820335e-09	5.30481424230502e-09	7.95722136345754e-09	1.19358320451863e-08	1.79037480677795e-08	2.68556221016692e-08	4.02834331525038e-08	6.04251497287557e-08	9.06377245931335e-08	1.359565868897e-07	2.03934880334551e-07	3.05902320501826e-07	2.86802538921543e-08	2.35422554916561e-07	1.35322205827234e-06	5.44685722040741e-06	1.53524904827809e-05	3.03017426457104e-05	4.18805423233944e-05	4.05333884917931e-05	2.74706824379622e-05	1.3037127373874e-05	4.33261692293745e-06	1.00826478161433e-06	1.64306531020098e-07	1.87495555886763e-08	3.05902320501826e-07	2.03934880334551e-07	1.359565868897e-07	9.06377245931337e-08	1.359565868897e-07	1.359565868897e-07	1.359565868897e-07	1.359565868897e-07	1.359565868897e-07	1.359565868897e-07	1.359565868897e-07	1.359565868897e-07	1.359565868897e-07	1.359565868897e-07	1.359565868897e-07	1.359565868897e-07	1.359565868897e-07	1.359565868897e-07	1.359565868897e-07	9.06377245931337e-08	6.04251497287558e-08	4.02834331525039e-08	2.68556221016693e-08	1.79037480677795e-08	1.19358320451863e-08	7.95722136345756e-09	5.30481424230504e-09	5.30481424230502e-09	3.53654282820335e-09	2.35769521880224e-09	1.57179681253482e-09
6.98576361126587e-10	1.04786454168988e-09	1.57179681253482e-09	2.35769521880224e-09	3.53654282820335e-09	5.30481424230502e-09	7.95722136345753e-09	1.19358320451863e-08	1.79037480677795e-08	2.68556221016692e-08	4.02834331525038e-08	6.04251497287556e-08	9.06377245931337e-08	1.359565868897e-07	2.03934880334551e-07	3.05902320501826e-07	3.05902320501826e-07	3.05902320501826e-07	3.05902320501826e-07	3.05902320501826e-07	3.05902320501826e-07	3.05902320501826e-07	3.05902320501826e-07	3.05902320501826e-07	3.05902320501826e-07	3.05902320501826e-07	3.05902320501826e-07	3.05902320501826e-07	3.05902320501826e-07	2.03934880334551e-07	1.359565868897e-07	9.06377245931337e-08	6.04251497287558e-08	9.06377245931335e-08	9.06377245931335e-08	9.06377245931335e-08	9.06377245931335e-08	9.06377245931335e-08	9.06377245931335e-08	9.06377245931335e-08	9.06377245931335e-08	9.06377245931335e-08	9.06377245931335e-08	9.06377245931335e-08	9.06377245931335e-08	9.06377245931335e-08	9.06377245931335e-08	9.06377245931335e-08	6.04251497287556e-08	4.02834331525039e-08	2.68556221016693e-08	1.79037480677795e-08	1.19358320451864e-08	7.95722136345758e-09	5.30481424230504e-09	3.53654282820336e-09	3.53654282820335e-09	2.35769521880224e-09	1.57179681253482e-09	1.04786454168988e-09
4.65717574084392e-10	6.9857636112659e-10	1.04786454168988e-09	1.57179681253482e-09	2.35769521880224e-09	3.53654282820335e-09	5.30481424230504e-09	7.95722136345756e-09	1.19358320451863e-08	1.79037480677795e-08	2.68556221016692e-08	4.02834331525039e-08	6.04251497287558e-08	9.06377245931337e-08	1.359565868897e-07	2.03934880334551e-07	2.03934880334551e-07	2.03934880334551e-07	2.03934880334551e-07	2.03934880334551e-07	2.03934880334551e-07	2.03934880334551e-07	2.03934880334551e-07	2.03934880334551e-07	2.03934880334551e-07	2.03934880334551e-07	2.03934880334551e-07	2.03934880334551e-07	2.03934880334551e-07	1.359565868897e-07	9.06377245931337e-08	6.04251497287558e-08	4.02834331525039e-08	6.04251497287557e-08	6.04251497287557e-08	6.04251497287557e-08	6.04251497287557e-08	6.04251497287557e-08	6.04251497287557e-08	6.04251497287557e-08	6.04251497287557e-08	6.04251497287557e-08	6.04251497287557e-08	6.04251497287557e-08	6.04251497287557e-08	6.04251497287557e-08	6.04251497287557e-08	6.04251497287557e-08	4.02834331525038e-08	2.68556221016692e-08	1.79037480677795e-08	1.19358320451864e-08	7.95722136345758e-09	5.30481424230506e-09	3.53654282820338e-09	2.35769521880224e-09	2.35769521880223e-09	1.57179681253482e-09	1.04786454168988e-09	6.9857636112659e-10
3.10478382722929e-10	4.65717574084393e-10	6.9857636112659e-10	1.04786454168988e-09	1.57179681253482e-09	2.35769521880224e-09	3.53654282820336e-09	5.30481424230504e-09	7.95722136345756e-09	1.19358320451863e-08	1.79037480677795e-08	2.68556221016693e-08	4.02834331525039e-08	6.04251497287558e-08	9.06377245931337e-08	1.359565868897e-07	1.359565868897e-07	1.359565868897e-07	1.359565868897e-07	1.359565868897e-07	1.359565868897e-07	1.359565868897e-07	1.359565868897e-07	1.359565868897e-07	1.359565868897e-07	1.359565868897e-07	1.359565868897e-07	1.359565868897e-07	1.359565868897e-07	9.06377245931337e-08	6.04251497287558e-08	4.02834331525039e-08	2.68556221016693e-08	4.02834331525038e-08	4.02834331525038e-08	4.02834331525038e-08	4.02834331525038e-08	4.02834331525038e-08	4.02834331525038e-08	4.02834331525038e-08	4.02834331525038e-08	4.02834331525038e-08	4.02834331525038e-08	4.02834331525038e-08	4.02834331525038e-08	4.02834331525038e-08	4.02834331525038e-08	4.02834331525038e-08	2.68556221016692e-08	1.79037480677795e-08	1.19358320451863e-08	7.95722136345758e-09	5.30481424230506e-09	3.53654282820338e-09	2.35769521880225e-09	1.57179681253484e-09	1.57179681253482e-09	1.04786454168988e-09	6.9857636112659e-10	4.65717574084393e-10
2.06985588481953e-10	3.10478382722929e-10	4.65717574084393e-10	6.9857636112659e-10	1.04786454168989e-09	1.57179681253483e-09	2.35769521880224e-09	3.53654282820336e-09	5.30481424230504e-09	7.95722136345758e-09	1.19358320451864e-08	1.79037480677795e-08	2.68556221016693e-08	4.02834331525039e-08	6.04251497287556e-08	9.06377245931335e-08	9.06377245931335e-08	9.06377245931335e-08	9.06377245931335e-08	9.06377245931335e-08	9.06377245931335e-08	9.06377245931335e-08	9.06377245931335e-08	9.06377245931335e-08	9.06377245931335e-08	9.06377245931335e-08	9.06377245931335e-08	9.06377245931335e-08	9.06377245931335e-08	6.04251497287556e-08	4.02834331525039e-08	2.68556221016693e-08	1.79037480677795e-08	2.68556221016692e-08	2.68556221016692e-08	2.68556221016692e-08	2.68556221016692e-08	2.68556221016692e-08	2.68556221016692e-08	2.68556221016692e-08	2.68556221016692e-08	2.68556221016692e-08	2.68556221016692e-08	2.68556221016692e-08	2.68556221016692e-08	2.68556221016692e-08	2.68556221016692e-08	2.68556221016692e-08	1.79037480677795e-08	1.19358320451863e-08	7.95722136345756e-09	5.30481424230504e-09	3.53654282820338e-09	2.35769521880225e-09	1.57179681253484e-09	1.04786454168989e-09	1.04786454168988e-09	6.98576361126587e-10	4.65717574084392e-10	3.10478382722929e-10
1.37990392321302e-10	2.06985588481953e-10	3.10478382722929e-10	4.65717574084395e-10	6.98576361126592e-10	1.04786454168989e-09	1.57179681253483e-09	2.35769521880224e-09	3.53654282820338e-09	5.30481424230506e-09	7.95722136345758e-09	1.19358320451864e-08	1.79037480677795e-08	2.68556221016692e-08	4.02834331525038e-08	6.04251497287557e-08	6.04251497287557e-08	6.04251497287557e-08	6.04251497287557e-08	6.04251497287557e-08	6.04251497287557e-08	6.04251497287557e-08	6.04251497287557e-08	6.04251497287557e-08	6.04251497287557e-08	6.04251497287557e-08	6.04251497287557e-08	6.04251497287557e-08	6.04251497287557e-08	4.02834331525038e-08	2.68556221016692e-08	1.79037480677795e-08	1.19358320451863e-08	1.79037480677795e-08	1.79037480677795e-08	1.79037480677795e-08	1.79037480677795e-08	1.79037480677795e-08	1.79037480677795e-08	1.79037480677795e-08	1.79037480677795e-08	1.79037480677795e-08	1.79037480677795e-08	1.79037480677795e-08	1.79037480677795e-08	1.79037480677795e-08	1.79037480677795e-08	1.79037480677795e-08	1.19358320451863e-08	7.95722136345756e-09	5.30481424230504e-09	3.53654282820336e-09	2.35769521880224e-09	1.57179681253484e-09	1.04786454168989e-09	6.98576361126595e-10	6.98576361126588e-10	4.65717574084392e-10	3.10478382722928e-10	2.06985588481952e-10
9.19935948808681e-11	1.37990392321302e-10	2.06985588481954e-10	3.1047838272293e-10	4.65717574084395e-10	6.98576361126592e-10	1.04786454168989e-09	1.57179681253484e-09	2.35769521880225e-09	3.53654282820338e-09	5.30481424230506e-09	7.95722136345758e-09	1.19358320451863e-08	1.79037480677795e-08	2.68556221016692e-08	4.02834331525038e-08	4.02834331525038e-08	4.02834331525038e-08	4.02834331525038e-08	4.02834331525038e-08	4.02834331525038e-08	4.02834331525038e-08	4.02834331525038e-08	4.02834331525038e-08	4.02834331525038e-08	4.02834331525038e-08	4.02834331525038e-08	4.02834331525038e-08	4.02834331525038e-08	2.68556221016692e-08	1.79037480677795e-08	1.19358320451863e-08	7.95722136345756e-09	1.19358320451863e-08	1.19358320451863e-08	1.19358320451863e-08	1.19358320451863e-08	1.19358320451863e-08	1.19358320451863e-08	1.19358320451863e-08	1.19358320451863e-08	1.19358320451863e-08	1.19358320451863e-08	1.19358320451863e-08	1.19358320451863e-08	1.19358320451863e-08	1.19358320451863e-08	1.19358320451863e-08	7.95722136345753e-09	5.30481424230504e-09	3.53654282820336e-09	2.35769521880224e-09	1.57179681253483e-09	1.04786454168989e-09	6.98576361126595e-10	4.65717574084397e-10	4.65717574084392e-10	3.10478382722928e-10	2.06985588481952e-10	1.37990392321302e-10
6.13290632539121e-11	9.19935948808684e-11	1.37990392321302e-10	2.06985588481954e-10	3.1047838272293e-10	4.65717574084395e-10	6.98576361126595e-10	1.04786454168989e-09	1.57179681253484e-09	2.35769521880225e-09	3.53654282820338e-09	5.30481424230504e-09	7.95722136345756e-09	1.19358320451863e-08	1.79037480677795e-08	2.68556221016692e-08	2.68556221016692e-08	2.68556221016692e-08	2.68556221016692e-08	2.68556221016692e-08	2.68556221016692e-08	2.68556221016692e-08	2.68556221016692e-08	2.68556221016692e-08	2.68556221016692e-08	2.68556221016692e-08	2.68556221016692e-08	2.68556221016692e-08	2.68556221016692e-08	1.79037480677795e-08	1.19358320451863e-08	7.95722136345756e-09	5.30481424230502e-09	7.95722136345754e-09	7.95722136345754e-09	7.95722136345754e-09	7.95722136345754e-09	7.95722136345754e-09	7.95722136345754e-09	7.95722136345754e-09	7.95722136345754e-09	7.95722136345754e-09	7.95722136345754e-09	7.95722136345754e-09	7.95722136345754e-09	7.95722136345754e-09	7.95722136345754e-09	7.95722136345754e-09	5.30481424230502e-09	3.53654282820335e-09	2.35769521880224e-09	1.57179681253483e-09	1.04786454168989e-09	6.98576361126592e-10	4.65717574084395e-10	3.10478382722931e-10	3.10478382722928e-10	2.06985588481952e-10	1.37990392321302e-10	9.19935948808677e-11
4.08860421692749e-11	6.13290632539123e-11	9.19935948808684e-11	1.37990392321302e-10	2.06985588481954e-10	3.10478382722931e-10	4.65717574084397e-10	6.98576361126595e-10	1.04786454168989e-09	1.57179681253484e-09	2.35769521880224e-09	3.53654282820336e-09	5.30481424230504e-09	7.95722136345756e-09	1.19358320451863e-08	1.79037480677795e-08	1.79037480677795e-08	1.79037480677795e-08	1.79037480677795e-08	1.79037480677795e-08	1.79037480677795e-08	1.79037480677795e-08	1.79037480677795e-08	1.79037480677795e-08	1.79037480677795e-08	1.79037480677795e-08	1.79037480677795e-08	1.79037480677795e-08	1.79037480677795e-08	1.19358320451863e-08	7.95722136345756e-09	5.30481424230504e-09	3.53654282820335e-09	5.30481424230502e-09	5.30481424230502e-09	5.30481424230502e-09	5.30481424230502e-09	5.30481424230502e-09	5.30481424230502e-09	5.30481424230502e-09	5.30481424230502e-09	5.30481424230502e-09	5.30481424230502e-09	5.30481424230502e-09	5.30481424230502e-09	5.30481424230502e-09	5.30481424230502e-09	5.30481424230502e-09	3.53654282820335e-09	2.35769521880224e-09	1.57179681253482e-09	1.04786454168989e-09	6.98576361126592e-10	4.65717574084395e-10	3.1047838272293e-10	2.06985588481954e-10	2.06985588481952e-10	1.37990392321301e-10	9.19935948808677e-11	6.13290632539119e-11
2.72573614461833e-11	4.08860421692749e-11	6.13290632539123e-11	9.19935948808684e-11	1.37990392321303e-10	2.06985588481954e-10	3.10478382722931e-10	4.65717574084397e-10	6.98576361126595e-10	1.04786454168989e-09	1.57179681253483e-09	2.35769521880224e-09	3.53654282820336e-09	5.30481424230504e-09	7.95722136345753e-09	1.19358320451863e-08	1.19358320451863e-08	1.19358320451863e-08	1.19358320451863e-08	1.19358320451863e-08	1.19358320451863e-08	1.19358320451863e-08	1.19358320451863e-08	1.19358320451863e-08	1.19358320451863e-08	1.19358320451863e-08	1.19358320451863e-08	1.19358320451863e-08	1.19358320451863e-08	7.95722136345753e-09	5.30481424230504e-09	3.53654282820336e-09	2.35769521880224e-09	3.53654282820335e-09	3.53654282820335e-09	3.53654282820335e-09	3.53654282820335e-09	3.53654282820335e-09	3.53654282820335e-09	3.53654282820335e-09	3.53654282820335e-09	3.53654282820335e-09	3.53654282820335e-09	3.53654282820335e-09	3.53654282820335e-09	3.53654282820335e-09	3.53654282820335e-09	3.53654282820335e-09	2.35769521880224e-09	1.57179681253482e-09	1.04786454168988e-09	6.9857636112659e-10	4.65717574084395e-10	3.1047838272293e-10	2.06985588481954e-10	1.37990392321302e-10	1.37990392321301e-10	9.19935948808674e-11	6.13290632539117e-11	4.08860421692746e-11
1.81715742974555e-11	2.72573614461833e-11	4.08860421692749e-11	6.13290632539125e-11	9.19935948808687e-11	1.37990392321303e-10	2.06985588481954e-10	3.10478382722931e-10	4.65717574084395e-10	6.98576361126592e-10	1.04786454168989e-09	1.57179681253483e-09	2.35769521880224e-09	3.53654282820335e-09	5.30481424230502e-09	7.95722136345754e-09	7.95722136345754e-09	7.95722136345754e-09	7.95722136345754e-09	7.95722136345754e-09	7.95722136345754e-09	7.95722136345754e-09	7.95722136345754e-09	7.95722136345754e-09	7.95722136345754e-09	7.95722136345754e-09	7.95722136345754e-09	7.95722136345754e-09	7.95722136345754e-09	5.30481424230502e-09	3.53654282820335e-09	2.35769521880224e-09	1.57179681253483e-09	2.35769521880223e-09	2.35769521880223e-09	2.35769521880223e-09	2.35769521880223e-09	2.35769521880223e-09	2.35769521880223e-09	2.35769521880223e-09	2.35769521880223e-09	2.35769521880223e-09	2.35769521880223e-09	2.35769521880223e-09	2.35769521880223e-09	2.35769521880223e-09	2.35769521880223e-09	2.35769521880223e-09	1.57179681253482e-09	1.04786454168988e-09	6.9857636112659e-10	4.65717574084393e-10	3.10478382722929e-10	2.06985588481954e-10	1.37990392321302e-10	9.19935948808684e-11	9.19935948808675e-11	6.13290632539117e-11	4.08860421692745e-11	2.7257361446183e-11
