1.79037480677795e-08	2.68556221016692e-08	4.02834331525038e-08	6.04251497287557e-08	9.06377245931335e-08	1.359565868897e-07	2.03934880334551e-07	3.05902320501826e-07	3.54621995716812e-08	1.31008431131622e-07	4.89043773056494e-07	1.4610311298803e-06	3.97457162055925e-06	9.55795823080821e-06	2.07105979808507e-05	4.08193387726997e-05	7.3217951399967e-05	0.000120441809289538	0.000183225466038846	0.000260446651112535	0.000349999903364566	0.000449778090615388	0.000556636513538373	0.000662518378186182	0.000750567996716497	0.000796778214463415	0.000779874516836712	0.000694403461200778	0.000556972881705665	0.000399778832475003	0.000255685687680963	0.000145351546154563	7.33196982882189e-05	3.27717994230625e-05	1.29602658489792e-05	4.54958488558833e-06	1.40687083762075e-06	2.74302157768018e-07	3.78094860550426e-08	3.05902320501826e-07	2.03934880334551e-07	1.359565868897e-07	9.06377245931335e-08	6.04251497287557e-08	4.02834331525038e-08	2.68556221016692e-08	1.79037480677795e-08	1.19358320451863e-08	7.95722136345754e-09	5.30481424230502e-09	3.53654282820335e-09	2.35769521880223e-09	1.57179681253482e-09	1.04786454168988e-09	6.98576361126588e-10	4.65717574084392e-10	3.10478382722928e-10	2.06985588481952e-10	1.37990392321301e-10	9.19935948808675e-11
1.79037480677795e-08	2.68556221016692e-08	4.02834331525038e-08	6.04251497287557e-08	9.06377245931335e-08	1.359565868897e-07	2.03934880334551e-07	3.05902320501826e-07	7.48184432210853e-08	2.7640267621561e-07	1.02397634799833e-06	3.05236116741401e-06	8.28394436394296e-06	1.986259281644e-05	4.29120285084194e-05	8.42741732686626e-05	0.000150707048458229	0.000247270134451694	0.000375473382537745	0.000533175266468617	0.000716265748128254	0.00092047138694462	0.00113915944851966	0.00135561689335547	0.00153541631180674	0.00162983746758373	0.0015957396971554	0.00142192594060598	0.0011418783095145	0.000820901116227869	0.000526004035431122	0.000299642246049293	0.00015148029420913	6.78601607623749e-05	2.68952938363325e-05	9.46126752343682e-06	2.93090988773819e-06	5.95758457805629e-07	7.87144971473959e-08	3.05902320501826e-07	2.03934880334551e-07	1.359565868897e-07	9.06377245931335e-08	6.04251497287557e-08	4.02834331525038e-08	2.68556221016692e-08	1.79037480677795e-08	1.19358320451863e-08	7.95722136345754e-09	5.30481424230502e-09	3.53654282820335e-09	2.35769521880223e-09	1.57179681253482e-09	1.04786454168988e-09	6.98576361126588e-10	4.65717574084392e-10	3.10478382722928e-10	2.06985588481952e-10	1.37990392321301e-10	9.19935948808675e-11
1.79037480677795e-08	2.68556221016692e-08	4.02834331525038e-08	6.04251497287557e-08	9.06377245931335e-08	1.359565868897e-07	2.03934880334551e-07	3.05902320501826e-07	1.61278718980986e-07	5.96909896322637e-07	2.18286261935762e-06	6.48903995685152e-06	1.75265734795381e-05	4.17947310231263e-05	8.96986414808384e-05	0.00017466698110633	0.000309508832618826	0.000502983617595826	0.000756456922822655	0.00106414760938414	0.00141667000574349	0.00180459195307591	0.00221442376007651	0.00261451085301773	0.00294122693356941	0.0031054175168716	0.00302884412761212	0.00269243537964989	0.00215953436531408	0.00155210056386145	0.000995020546785652	0.000567434213731477	0.00028730027333481	0.000128947184614539	5.12098591756921e-05	1.80565436368601e-05	5.604690759376e-06	1.16686697029767e-06	1.57075038505725e-07	3.05902320501826e-07	2.03934880334551e-07	1.359565868897e-07	9.06377245931335e-08	6.04251497287557e-08	4.02834331525038e-08	2.68556221016692e-08	1.79037480677795e-08	1.19358320451863e-08	7.95722136345754e-09	5.30481424230502e-09	3.53654282820335e-09	2.35769521880223e-09	1.57179681253482e-09	1.04786454168988e-09	6.98576361126588e-10	4.65717574084392e-10	3.10478382722928e-10	2.06985588481952e-10	1.37990392321301e-10	9.19935948808675e-11
1.79037480677795e-08	2.68556221016692e-08	4.02834331525038e-08	6.04251497287557e-08	9.06377245931335e-08	1.359565868897e-07	2.03934880334551e-07	3.05902320501826e-07	3.15427933053044e-07	1.16772214550179e-06	4.23981923361177e-06	1.25787230270116e-05	3.38934360480214e-05	8.0585896823811e-05	0.000172380484979361	0.000334295878935184	0.000589925212396386	0.000954735827803508	0.00143000670501201	0.00200333687946894	0.00265496451812658	0.00336434342054925	0.00410381874698731	0.00481495374780217	0.0053851407862701	0.00565886124839501	0.00550087611053012	0.00488028357339683	0.00391130952702782	0.00281163653448989	0.00180412421911349	0.00103035933177977	0.000522669079557585	0.000235098727144776	9.35791935109228e-05	3.30791515279257e-05	1.02893323543559e-05	2.19401047506504e-06	3.00440255351219e-07	3.05902320501826e-07	2.03934880334551e-07	1.359565868897e-07	9.06377245931335e-08	6.04251497287557e-08	4.02834331525038e-08	2.68556221016692e-08	1.79037480677795e-08	1.19358320451863e-08	7.95722136345754e-09	5.30481424230502e-09	3.53654282820335e-09	2.35769521880223e-09	1.57179681253482e-09	1.04786454168988e-09	6.98576361126588e-10	4.65717574084392e-10	3.10478382722928e-10	2.06985588481952e-10	1.37990392321301e-10	9.19935948808675e-11
1.79037480677795e-08	2.68556221016692e-08	4.02834331525038e-08	6.04251497287557e-08	9.06377245931335e-08	1.359565868897e-07	2.03934880334551e-07	3.05902320501826e-07	5.9202954236479e-07	2.19231859723797e-06	7.90600727291531e-06	2.3411499125422e-05	6.29375303535721e-05	0.000149215606951504	0.000318179593010959	0.000614610970266915	0.00108028753824725	0.00174152409413399	0.00259875259610926	0.00362760618745169	0.00478958324297785	0.00604321242186178	0.00733406428232129	0.0085566121481824	0.00951693606581018	0.00995280547012888	0.00963979792109815	0.00853193912392598	0.00682958031574903	0.00490818894638802	0.00315102750308569	0.00180160578095664	0.000915332676859542	0.000412504552050913	0.000164526075204658	5.82907769184427e-05	1.81600114608551e-05	3.96046856035466e-06	5.50817294980422e-07	3.05902320501826e-07	2.03934880334551e-07	1.359565868897e-07	9.06377245931337e-08	6.04251497287556e-08	4.02834331525038e-08	2.68556221016692e-08	1.79037480677795e-08	1.19358320451863e-08	7.95722136345753e-09	5.30481424230502e-09	3.53654282820335e-09	2.35769521880224e-09	1.57179681253482e-09	1.04786454168988e-09	6.98576361126587e-10	4.65717574084392e-10	3.10478382722928e-10	2.06985588481952e-10	1.37990392321301e-10	9.19935948808674e-11
1.79037480677795e-08	2.68556221016692e-08	4.02834331525038e-08	6.04251497287557e-08	9.06377245931335e-08	1.359565868897e-07	2.03934880334551e-07	3.05902320501826e-07	1.06652358126919e-06	3.95062884815134e-06	1.41551878701052e-05	4.18425856228927e-05	0.000112253709621835	0.000265424936167975	0.000564272244132991	0.00108589280766186	0.00190142792665228	0.00305387373781709	0.00454104272683084	0.00631768653150856	0.00831290720735616	0.0104482876323938	0.0126228456832782	0.0146541896115854	0.0162213617299706	0.0168985377186377	0.0163257092633342	0.0144351114665953	0.0115611973110218	0.00832545826617278	0.00536340405725141	0.00308167977556305	0.00157590183544424	0.00071610470563795	0.0002885682487482	0.00010355248682034	3.27664140236449e-05	7.56383542971777e-06	1.1813433932894e-06	6.01295348278996e-08	3.05902320501826e-07	2.03934880334551e-07	1.359565868897e-07	9.06377245931335e-08	6.04251497287557e-08	4.02834331525038e-08	2.68556221016692e-08	1.79037480677795e-08	1.19358320451863e-08	7.95722136345754e-09	5.30481424230502e-09	3.53654282820335e-09	2.35769521880223e-09	1.57179681253482e-09	1.04786454168988e-09	6.98576361126588e-10	4.65717574084392e-10	3.10478382722928e-10	2.06985588481952e-10	1.37990392321301e-10
1.79037480677795e-08	2.68556221016692e-08	4.02834331525038e-08	6.04251497287557e-08	9.06377245931335e-08	1.359565868897e-07	2.03934880334551e-07	3.05902320501826e-07	1.84438304568679e-06	6.83436609670811e-06	2.43382209463525e-05	7.18242584142721e-05	0.000192286713156213	0.000453485614292874	0.000961208109056664	0.0018429111196993	0.00321477375519193	0.00514406172569277	0.0076227080068669	0.0105717494161156	0.0138683297186484	0.0173728338147806	0.0209057133173971	0.0241601233866578	0.0266198159395233	0.02761662374397	0.0265968194143711	0.0234714906514082	0.01878516331971	0.0135330536835375	0.00873030594723927	0.00502757103091565	0.00257885081527458	0.00117633397203826	0.000476150343848767	0.000171775032948613	5.46607466674314e-05	1.29837205464454e-05	2.10459240286337e-06	1.30315990896663e-07	3.05902320501826e-07	2.03934880334551e-07	1.359565868897e-07	9.06377245931335e-08	6.04251497287557e-08	4.02834331525038e-08	2.68556221016692e-08	1.79037480677795e-08	1.19358320451863e-08	7.95722136345754e-09	5.30481424230502e-09	3.53654282820335e-09	2.35769521880223e-09	1.57179681253482e-09	1.04786454168988e-09	6.98576361126588e-10	4.65717574084392e-10	3.10478382722928e-10	2.06985588481952e-10	1.37990392321301e-10
1.79037480677795e-08	2.68556221016692e-08	4.02834331525038e-08	6.04251497287557e-08	9.06377245931335e-08	1.359565868897e-07	2.03934880334551e-07	3.05902320501826e-07	3.0623947156746e-06	1.13521159303876e-05	4.01929270188596e-05	0.000118429691652295	0.000316429429077924	0.000744388332863933	0.00157323724583712	0.00300539294770705	0.00522285494859855	0.00832611594202278	0.0122953382207496	0.0169994362517534	0.0222364849147522	0.027771680106076	0.0333014956489937	0.0383286351086091	0.0420505887181361	0.0434555913553011	0.0417242716254273	0.0367511991451679	0.0293919761245261	0.0211825116258052	0.0136842343643469	0.00789889612787238	0.00406475242702815	0.00186173160058484	0.000757273456478939	0.000274797682399689	8.80047488394173e-05	2.14997742044202e-05	3.61895045073937e-06	2.70798510908237e-07	3.05902320501826e-07	2.03934880334551e-07	1.359565868897e-07	9.06377245931335e-08	6.04251497287557e-08	4.02834331525038e-08	2.68556221016692e-08	1.79037480677795e-08	1.19358320451863e-08	7.95722136345754e-09	5.30481424230502e-09	3.53654282820335e-09	2.35769521880223e-09	1.57179681253482e-09	1.04786454168988e-09	6.98576361126588e-10	4.65717574084392e-10	3.10478382722928e-10	2.06985588481952e-10	1.37990392321301e-10
1.79037480677795e-08	2.68556221016692e-08	4.02834331525038e-08	6.04251497287557e-08	9.06377245931335e-08	1.359565868897e-07	2.03934880334551e-07	3.05902320501826e-07	4.88295179590359e-06	1.81086086336219e-05	6.37642792050532e-05	0.000187614735406655	0.000500338905622382	0.00117420696928979	0.00247471832967345	0.00471087700990761	0.00815653558265034	0.0129555138183452	0.0190678466022115	0.0262874630504112	0.0343001807278429	0.0427320975865903	0.0510930614861327	0.0586035980567921	0.064053512724638	0.0659595399818822	0.0631524158548241	0.0555247118761071	0.0443764572881956	0.0319965313326545	0.0207021136873404	0.0119805114559231	0.00618713546755425	0.00284679907283427	0.00116436908676185	0.00042533575592434	0.000137222570506066	3.4485166833984e-05	6.04204392578881e-06	5.39555022287467e-07	3.05902320501826e-07	2.03934880334551e-07	1.359565868897e-07	9.06377245931337e-08	6.04251497287558e-08	4.02834331525039e-08	2.68556221016692e-08	1.79037480677795e-08	1.19358320451863e-08	7.95722136345756e-09	5.30481424230504e-09	3.53654282820335e-09	2.35769521880224e-09	1.57179681253482e-09	1.04786454168988e-09	6.9857636112659e-10	4.65717574084392e-10	3.10478382722928e-10	2.06985588481952e-10	1.37990392321302e-10
1.79037480677795e-08	2.68556221016692e-08	4.02834331525038e-08	6.04251497287557e-08	9.06377245931335e-08	1.359565868897e-07	2.03934880334551e-07	3.05902320501826e-07	7.47829430016925e-06	2.77467327495797e-05	9.71981374264093e-05	0.000285612082159504	0.000760324449934011	0.00178027965021527	0.00374200381179405	0.00709904974389656	0.0122473206935951	0.0193839633226916	0.0284377028446257	0.0391014103798238	0.0509120343228552	0.0633050592931477	0.0755240052406039	0.0863879234290327	0.0941255834363531	0.0966289804093586	0.0922860822439715	0.0810145820807465	0.064723148479456	0.0467057256208811	0.0302815248622498	0.01758234688529	0.00912194353330401	0.00422226605225355	0.00173972920911842	0.000641225048740469	0.000209028664392133	5.42405334439423e-05	1.00055260882859e-05	1.0900135847447e-06	1.56413733184431e-08	3.05902320501826e-07	2.03934880334551e-07	1.359565868897e-07	9.06377245931337e-08	6.04251497287556e-08	4.02834331525038e-08	2.68556221016692e-08	1.79037480677795e-08	1.19358320451863e-08	7.95722136345753e-09	5.30481424230502e-09	3.53654282820335e-09	2.35769521880224e-09	1.57179681253482e-09	1.04786454168988e-09	6.98576361126587e-10	4.65717574084392e-10	3.10478382722928e-10	2.06985588481952e-10
1.79037480677795e-08	2.68556221016692e-08	4.02834331525038e-08	6.04251497287557e-08	9.06377245931335e-08	1.359565868897e-07	2.03934880334551e-07	3.05902320501826e-07	1.10030844486659e-05	4.08461491192562e-05	0.000142390971637229	0.000417908862959291	0.00111064313563177	0.00259493378810889	0.00544037533097647	0.0102872447730034	0.0176856446814755	0.0278944465519623	0.0407976045157156	0.0559609983981124	0.0727382407330561	0.0903205866405108	0.107591467377085	0.122821814472484	0.133494009997183	0.136699061689053	0.130284857998288	0.114235893607485	0.0912603884652945	0.0659393499188231	0.0428661520338763	0.0249936218401519	0.0130426420907338	0.00608339423226722	0.0025309650420171	0.000944095399038276	0.000312250465825613	8.40930706533723e-05	1.65566191477597e-05	2.21361617981222e-06	9.13535705273234e-08	1.47102405377154e-08	3.05902320501826e-07	2.03934880334551e-07	1.359565868897e-07	9.06377245931335e-08	6.04251497287557e-08	4.02834331525038e-08	2.68556221016692e-08	1.79037480677795e-08	1.19358320451863e-08	7.95722136345754e-09	5.30481424230502e-09	3.53654282820335e-09	2.35769521880223e-09	1.57179681253482e-09	1.04786454168988e-09	6.98576361126588e-10	4.65717574084392e-10	3.10478382722928e-10
1.79037480677795e-08	2.68556221016692e-08	4.02834331525038e-08	6.04251497287557e-08	9.06377245931335e-08	1.359565868897e-07	2.03934880334551e-07	3.05902320501826e-07	1.55566341240658e-05	5.77831577833479e-05	0.000200515157580967	0.000587866720702084	0.00155987574076605	0.0036371454357233	0.00760686198031507	0.0143386588638085	0.0245675312746849	0.038619164452215	0.0563185227508315	0.0770836448227075	0.100060345842111	0.124148270001429	0.147769550716399	0.168477586320294	0.182795610891394	0.186820699528109	0.177764836100026	0.155735398493241	0.124447362414074	0.0900623913212524	0.0587278287864981	0.0344010408457508	0.0180655817638785	0.00849507094659775	0.0035700583482303	0.00134778339420971	0.000452044592926513	0.000125819267498264	2.61550016964695e-05	4.02020109661732e-06	1.93802902877649e-07	3.15367385479257e-08	3.05902320501826e-07	2.03934880334551e-07	1.359565868897e-07	9.06377245931337e-08	6.04251497287558e-08	4.02834331525039e-08	2.68556221016692e-08	1.79037480677795e-08	1.19358320451863e-08	7.95722136345756e-09	5.30481424230504e-09	3.53654282820335e-09	2.35769521880224e-09	1.57179681253482e-09	1.04786454168988e-09	6.9857636112659e-10	4.65717574084392e-10	3.10478382722928e-10
1.79037480677795e-08	2.68556221016692e-08	4.02834331525038e-08	6.04251497287557e-08	9.06377245931335e-08	1.359565868897e-07	2.03934880334551e-07	3.05902320501826e-07	2.11401085558787e-05	7.85713118784416e-05	0.000271488935928771	0.000795200765546625	0.00210697756311768	0.00490359325746152	0.0102322004526551	0.0192299528396231	0.0328421823772703	0.0514622895627366	0.074844206211671	0.102248426790228	0.132606789261756	0.164495490808144	0.195776630999481	0.223105010230988	0.241817504808848	0.246820789073709	0.234604218986127	0.205462751755002	0.164318891200503	0.119186526861873	0.0780235358025127	0.0459662065262437	0.024325334028885	0.011551422017968	0.00491332782936999	0.00188141124609097	0.000641490533861079	0.000184717152497535	4.0632829760619e-05	7.06781146599896e-06	4.07273835338953e-07	6.48055616926125e-08	3.05902320501826e-07	3.05902320501826e-07	2.03934880334551e-07	1.359565868897e-07	9.06377245931337e-08	6.04251497287556e-08	4.02834331525038e-08	2.68556221016692e-08	1.79037480677795e-08	1.19358320451863e-08	7.95722136345753e-09	5.30481424230502e-09	3.53654282820335e-09	2.35769521880224e-09	1.57179681253482e-09	1.04786454168988e-09	6.98576361126587e-10	4.65717574084392e-10
1.79037480677795e-08	2.68556221016692e-08	4.02834331525038e-08	6.04251497287557e-08	9.06377245931335e-08	1.359565868897e-07	2.03934880334551e-07	3.05902320501826e-07	2.76180171218982e-05	0.000102717139284606	0.000353508105301588	0.00103458794072335	0.00273763269636671	0.00636027424907072	0.0132435469823057	0.0248192538449619	0.0422580484121652	0.0660162369784762	0.0957698948537864	0.130630628134814	0.169339630044609	0.210148257631117	0.250280191063517	0.285317940698737	0.309187521865009	0.315416506795082	0.299694569088574	0.262563370714173	0.210318833352544	0.153041327697179	0.100702194935614	0.0597655341757952	0.0319430560842103	0.0153651169333389	0.00664293362288522	0.0025955375998923	0.000907740916649773	0.000273888529904675	6.56048050325501e-05	1.35065358249484e-05	1.37703521684356e-06	3.15056431079215e-07	5.34178734491765e-08	1.14730071338098e-08	3.05902320501826e-07	2.03934880334551e-07	1.359565868897e-07	9.06377245931335e-08	6.04251497287557e-08	4.02834331525038e-08	2.68556221016692e-08	1.79037480677795e-08	1.19358320451863e-08	7.95722136345754e-09	5.30481424230502e-09	3.53654282820335e-09	2.35769521880223e-09	1.57179681253482e-09	1.04786454168988e-09	6.98576361126588e-10
1.79037480677795e-08	2.68556221016692e-08	4.02834331525038e-08	6.04251497287557e-08	9.06377245931335e-08	1.359565868897e-07	2.03934880334551e-07	3.05902320501826e-07	3.46956788769581e-05	0.000129134353480319	0.000442783510283427	0.00129496898216016	0.00342256287735313	0.00793906078827908	0.0164986271534749	0.0308384720438653	0.0523563278459109	0.081562513357628	0.118058318339683	0.160838071210443	0.20850872259965	0.259031273362228	0.308945557698337	0.352618019878274	0.382370385110738	0.390193683821713	0.370916716377946	0.325363196376811	0.26129460250366	0.190969633642768	0.126488870537111	0.0757561591959253	0.0409761008959034	0.0200100628534761	0.0088137859614911	0.00352088599298278	0.00126463790170158	0.000398535776157353	0.000102671770462436	2.36920864690903e-05	3.04062874632004e-06	7.34269784912458e-07	1.36339962879253e-07	2.4940404614893e-08	3.05902320501826e-07	2.03934880334551e-07	1.359565868897e-07	9.06377245931335e-08	6.04251497287557e-08	4.02834331525038e-08	2.68556221016692e-08	1.79037480677795e-08	1.19358320451863e-08	7.95722136345754e-09	5.30481424230502e-09	3.53654282820335e-09	2.35769521880223e-09	1.57179681253482e-09	1.04786454168988e-09	6.98576361126588e-10
1.79037480677795e-08	2.68556221016692e-08	4.02834331525038e-08	6.04251497287557e-08	9.06377245931335e-08	1.359565868897e-07	2.03934880334551e-07	3.05902320501826e-07	4.19235873541291e-05	0.00015615740934123	0.000533616245764131	0.00155975095812651	0.00411810610297951	0.00953915789192948	0.0197890667269008	0.0369003642415956	0.0624844745343274	0.0970948366258138	0.14027467493767	0.190957704327188	0.247706218696434	0.308264120565205	0.36848791001961	0.421439602846657	0.457705562975093	0.467637729744794	0.445162577336271	0.39137814353097	0.315494435856468	0.231919605789163	0.154883259523925	0.0937905770599291	0.0514505661845701	0.0255651707979896	0.0114980603568829	0.0047051050317664	0.00173817059210993	0.000570976890383658	0.000157073614549272	3.95660414022833e-05	5.94619701112079e-06	1.47437669481097e-06	2.86650740288326e-07	5.19670691686395e-08	3.05902320501826e-07	2.03934880334551e-07	1.359565868897e-07	9.06377245931337e-08	6.04251497287558e-08	4.02834331525039e-08	2.68556221016692e-08	1.79037480677795e-08	1.19358320451863e-08	7.95722136345756e-09	5.30481424230504e-09	3.53654282820335e-09	2.35769521880224e-09	1.57179681253482e-09	1.04786454168988e-09	6.9857636112659e-10
1.79037480677795e-08	2.68556221016692e-08	4.02834331525038e-08	6.04251497287557e-08	9.06377245931335e-08	1.359565868897e-07	2.03934880334551e-07	3.05902320501826e-07	4.87349575995477e-05	0.000181678355887075	0.000618883190276782	0.00180823283101224	0.00477002438890039	0.0110360649439887	0.0228594116136186	0.0425352094332673	0.0718607068584386	0.111423108529759	0.160740479490039	0.218765185358115	0.28412980518012	0.354467412926136	0.425004595979244	0.487490843829747	0.530743644976649	0.543456824576976	0.518639573729214	0.457594459890881	0.370817898348512	0.274659917247493	0.185335624955961	0.11375188272666	0.0634574674118121	0.0321764790190676	0.0148209339734119	0.00623072338440006	0.00237413424708521	0.000813272964567904	0.00023832982910953	6.4698801830319e-05	1.12194542585162e-05	2.85191416535128e-06	5.77863962340673e-07	1.03789029664852e-07	3.05902320501826e-07	3.05902320501826e-07	2.03934880334551e-07	1.359565868897e-07	9.06377245931337e-08	6.04251497287556e-08	4.02834331525038e-08	2.68556221016692e-08	1.79037480677795e-08	1.19358320451863e-08	7.95722136345753e-09	5.30481424230502e-09	3.53654282820335e-09	2.35769521880224e-09	1.57179681253482e-09	1.04786454168988e-09
1.79037480677795e-08	2.68556221016692e-08	4.02834331525038e-08	6.04251497287557e-08	9.06377245931335e-08	1.359565868897e-07	2.03934880334551e-07	3.05902320501826e-07	5.45148486976738e-05	0.000203401856003897	0.00069090770569872	0.00201813688107006	0.00532015847148016	0.0122969224269126	0.0254388504663695	0.0472498468412659	0.0796737382219888	0.1233276433764	0.177753662352162	0.242017231145074	0.31494642448431	0.394188491077132	0.474445097892274	0.546243238414159	0.59672572856568	0.613018630016599	0.58723325983208	0.520733553505149	0.424974665059225	0.317844068425719	0.21724485051151	0.135520386983704	0.077117418512519	0.0400367002082722	0.0189584952448944	0.00822627937870282	0.0032545410058675	0.00117263191682646	0.000371586798844595	0.000111274985179283	2.42738205332205e-05	7.038124010741e-06	1.7967512708683e-06	4.34262896128865e-07	7.18067373221321e-08	1.92519593313119e-08	3.05902320501826e-07	2.03934880334551e-07	1.359565868897e-07	9.06377245931335e-08	6.04251497287557e-08	4.02834331525038e-08	2.68556221016692e-08	1.79037480677795e-08	1.19358320451863e-08	7.95722136345754e-09	5.30481424230502e-09	3.53654282820335e-09	2.35769521880223e-09	1.57179681253482e-09
1.79037480677795e-08	2.68556221016692e-08	4.02834331525038e-08	6.04251497287557e-08	9.06377245931335e-08	1.359565868897e-07	2.03934880334551e-07	3.05902320501826e-07	5.86901939667904e-05	0.000219179554670586	0.000742579992669083	0.00216885871626321	0.00571490826708208	0.0131998862365583	0.0272807545954718	0.0505999201529078	0.0852021142883944	0.131739262804774	0.189839883277264	0.258780339772502	0.337699672022522	0.42438279187368	0.513153496781755	0.59351199441615	0.651168049180868	0.671899188636542	0.646982103631428	0.577625744678417	0.475748948325202	0.360176010179361	0.250047367518288	0.159009502861619	0.0925815593057592	0.0493628845819628	0.0241005940390285	0.0108225872301228	0.00445530395561402	0.00168661327302938	0.000572960752382709	0.000184974803600152	4.67705398316559e-05	1.43150026525349e-05	3.91869843997903e-06	9.93438043870717e-07	1.88433796595318e-07	4.17526674383056e-08	3.05902320501826e-07	2.03934880334551e-07	1.359565868897e-07	9.06377245931335e-08	6.04251497287557e-08	4.02834331525038e-08	2.68556221016692e-08	1.79037480677795e-08	1.19358320451863e-08	7.95722136345754e-09	5.30481424230502e-09	3.53654282820335e-09	2.35769521880223e-09	1.57179681253482e-09
1.79037480677795e-08	2.68556221016692e-08	4.02834331525038e-08	6.04251497287557e-08	9.06377245931335e-08	1.359565868897e-07	2.03934880334551e-07	3.05902320501826e-07	6.08227788383118e-05	0.000227357535846979	0.000768504361233151	0.00224479108984839	0.00591385335987138	0.013653670625957	0.0282021264278448	0.0522607578688619	0.0879288063769931	0.135907982230116	0.195982345443954	0.26772632579636	0.350674750300136	0.44285033265085	0.538372216424401	0.626009505620787	0.690430979226097	0.716420382757115	0.69453559254997	0.625555233528734	0.521221832637994	0.400525237784054	0.283256658029136	0.184165177671855	0.110019979322264	0.0603915779200838	0.030459153582904	0.0141723715963589	0.00607109611385319	0.00240689464640376	0.00086808987301391	0.000297234482448228	8.35696446936543e-05	2.6472329144353e-05	7.54786218909241e-06	1.95672555898302e-06	3.93997297908428e-07	8.67944619355286e-08	3.05902320501826e-07	2.03934880334551e-07	1.359565868897e-07	9.06377245931335e-08	6.04251497287557e-08	4.02834331525038e-08	2.68556221016692e-08	1.79037480677795e-08	1.19358320451863e-08	7.95722136345754e-09	5.30481424230502e-09	3.53654282820335e-09	2.35769521880223e-09	1.57179681253482e-09
1.79037480677795e-08	2.68556221016692e-08	4.02834331525038e-08	6.04251497287557e-08	9.06377245931335e-08	1.359565868897e-07	2.03934880334551e-07	3.05902320501826e-07	6.06844067884687e-05	0.000227059595134364	0.000765918982142634	0.00223798548700687	0.00589660743564809	0.0136129459000501	0.0281142576833534	0.0520812526504219	0.087625746841953	0.135522954861516	0.195779247034865	0.26832958263968	0.353141683541886	0.448534737484105	0.548603763763678	0.64176329392218	0.71216609324899	0.744082171089353	0.727524965832932	0.662537762630918	0.559950868461139	0.43802895227624	0.316522309576761	0.211014112520188	0.129677811040418	0.0734452447083127	0.0383364190314905	0.0185094810177373	0.00825876858866255	0.00342630024552475	0.00130633620054488	0.00047152595837735	0.000144994868468676	4.7445425160295e-05	1.40320042980904e-05	3.71916528572961e-06	7.89761165225749e-07	1.72941133905508e-07	3.05902320501826e-07	2.03934880334551e-07	1.359565868897e-07	9.06377245931335e-08	6.04251497287557e-08	4.02834331525038e-08	2.68556221016692e-08	1.79037480677795e-08	1.19358320451863e-08	7.95722136345754e-09	5.30481424230502e-09	3.53654282820335e-09	2.35769521880224e-09	2.35769521880223e-09
1.79037480677795e-08	2.68556221016692e-08	4.02834331525038e-08	6.04251497287557e-08	9.06377245931335e-08	1.359565868897e-07	2.03934880334551e-07	3.05902320501826e-07	5.82965633265798e-05	0.000218339783131021	0.000735173330579146	0.00214952957756631	0.00566631166783972	0.013086022346066	0.0270375258433402	0.0501083858683868	0.0843890962255361	0.130756768635866	0.189494256733191	0.260923932014464	0.34542667624423	0.441625497961175	0.54376120942259	0.6403204666397	0.715559684943471	0.753811068779467	0.744776250859089	0.687467876529599	0.591041488050396	0.472097248661158	0.349589756157139	0.239600097884221	0.15180538440194	0.0888671447955564	0.0480703846458168	0.0241072349790161	0.0112085019399317	0.00486090382038367	0.00195089678242055	0.000738582164306118	0.000244790224900398	8.2577978434778e-05	2.5235040036754e-05	6.83470307356652e-06	1.51763689552492e-06	3.30295827319498e-07	3.05902320501826e-07	2.03934880334551e-07	1.359565868897e-07	9.06377245931335e-08	6.04251497287557e-08	4.02834331525038e-08	2.68556221016692e-08	1.79037480677795e-08	1.19358320451863e-08	7.95722136345756e-09	5.30481424230504e-09	3.53654282820336e-09	3.53654282820335e-09	3.53654282820335e-09
1.79037480677795e-08	2.68556221016692e-08	4.02834331525038e-08	6.04251497287557e-08	9.06377245931335e-08	1.359565868897e-07	2.03934880334551e-07	3.05902320501826e-07	5.39252000619963e-05	0.000202168077585329	0.000679651215380957	0.00198931477577178	0.00524894791325093	0.0121330314448398	0.0250969208905373	0.0465768558797199	0.0786175660529329	0.122225123116792	0.1779911220772	0.246611132874431	0.328803721198664	0.423452479375562	0.525089271563392	0.622711471250458	0.701338186237234	0.745988604236664	0.74633435707119	0.700114629086428	0.614101976505478	0.502328368776472	0.382187245200147	0.269859769981496	0.176540671264303	0.106924444695748	0.0599654072853901	0.0312357242219627	0.0151217353246659	0.00684093972196105	0.00287620838787816	0.00113629070320304	0.000400509181020624	0.000138963356503026	4.37166998325247e-05	1.20888977952116e-05	2.79583180575805e-06	6.04653220557832e-07	3.05902320501826e-07	2.03934880334551e-07	1.359565868897e-07	9.06377245931335e-08	6.04251497287557e-08	4.02834331525038e-08	2.68556221016692e-08	2.68556221016692e-08	1.79037480677795e-08	1.19358320451863e-08	7.95722136345756e-09	5.30481424230504e-09	5.30481424230502e-09	5.30481424230502e-09
1.79037480677795e-08	2.68556221016692e-08	4.02834331525038e-08	6.04251497287557e-08	9.06377245931335e-08	1.359565868897e-07	2.03934880334551e-07	3.05902320501826e-07	4.80323302351471e-05	0.000180254101811643	0.000605162630596408	0.0017742596290186	0.00468866571684403	0.0108551079626857	0.0224995196112657	0.0418666012116061	0.0709396458939514	0.11087291102134	0.162570758089362	0.227047786423381	0.305240222051088	0.396209250237101	0.494889913712162	0.591200084386777	0.67155561512132	0.72227865348599	0.733325825543742	0.701013766564703	0.629160981386312	0.528449859719053	0.413990371636807	0.301609936519205	0.203916992208858	0.127830976438558	0.0743224279845878	0.040191800439765	0.0202355914893516	0.00952770807530137	0.00417802699649899	0.00171493977482855	0.000635844659588389	0.000226390348689774	7.30711200544183e-05	2.06088219460686e-05	4.93772351697422e-06	1.06098233152217e-06	3.05902320501826e-07	2.03934880334551e-07	1.359565868897e-07	9.06377245931335e-08	6.04251497287557e-08	4.02834331525038e-08	4.02834331525038e-08	4.02834331525038e-08	2.68556221016692e-08	1.79037480677795e-08	1.19358320451863e-08	7.95722136345758e-09	7.95722136345754e-09	7.95722136345754e-09
1.79037480677795e-08	2.68556221016692e-08	4.02834331525038e-08	6.04251497287557e-08	9.06377245931335e-08	1.359565868897e-07	2.03934880334551e-07	3.05902320501826e-07	4.11965171038148e-05	0.000154752811001312	0.000518954168974976	0.00152542245214224	0.00404026049733036	0.00937719180484731	0.0194993298192717	0.0364383925983527	0.062107120950017	0.0978139507047774	0.144750001303024	0.204162443496703	0.277059442514145	0.362574921680149	0.45612291976911	0.548884860562098	0.629217970076031	0.685293721300352	0.707679037509228	0.691243080923667	0.636486988262575	0.550163012130903	0.444473361593622	0.334397493911193	0.233716148876926	0.151615865976177	0.0913345578727939	0.0512261084116422	0.0267782371822381	0.0130897251706862	0.00596232244149564	0.00253272279316689	0.000979002791681597	0.000356860741669121	0.000117808277199898	3.38467127026222e-05	8.36019797814764e-06	1.78446663053952e-06	3.05902320501826e-07	2.03934880334551e-07	1.359565868897e-07	9.06377245931335e-08	6.04251497287556e-08	6.04251497287557e-08	6.04251497287557e-08	6.04251497287557e-08	4.02834331525038e-08	2.68556221016692e-08	1.79037480677795e-08	1.19358320451864e-08	1.19358320451863e-08	1.19358320451863e-08
1.79037480677795e-08	2.68556221016692e-08	4.02834331525038e-08	6.04251497287557e-08	9.06377245931335e-08	1.359565868897e-07	2.03934880334551e-07	3.05902320501826e-07	3.4020933775345e-05	0.000127921312743458	0.000428567929282719	0.00126467201782796	0.00336053777075717	0.00782839366497035	0.0163575104829624	0.0307620347432938	0.0528786834269689	0.0841598341561993	0.12603051138838	0.179864403580672	0.246592733371543	0.325315971231539	0.411967684210878	0.499238897208044	0.577828821936635	0.638180843939294	0.671781765773844	0.672167581999199	0.636414775503599	0.567025922287086	0.472818913884898	0.367414880601594	0.265383280349609	0.178043040680601	0.111019674141932	0.064493709258732	0.0349371811056372	0.0176847546544986	0.00833623118208152	0.00365163498350157	0.00146099181109214	0.000543958893008593	0.000183144848015159	5.35276131999909e-05	1.35700650752711e-05	2.87678369506966e-06	3.05902320501826e-07	2.03934880334551e-07	1.359565868897e-07	9.06377245931335e-08	9.06377245931335e-08	9.06377245931335e-08	9.06377245931335e-08	9.06377245931335e-08	6.04251497287556e-08	4.02834331525039e-08	2.68556221016693e-08	1.79037480677795e-08	1.79037480677795e-08	1.79037480677795e-08
1.79037480677795e-08	2.68556221016692e-08	4.02834331525038e-08	6.04251497287557e-08	9.06377245931335e-08	1.359565868897e-07	2.03934880334551e-07	3.05902320501826e-07	2.70487852851316e-05	0.000101800911562382	0.000340792324140801	0.00101162775073784	0.00270039892225882	0.00632407415217529	0.0133063109442512	0.0252520661159553	0.0439173973553544	0.0708721439942203	0.107702984454609	0.155799690517354	0.215886298354877	0.286941038234815	0.365426041426627	0.445672070515578	0.520940101193258	0.584204668206282	0.628140380896546	0.645199978586562	0.629202316489461	0.578375976684888	0.497866325525898	0.399443490464304	0.297954545001562	0.206528996696194	0.133141245107549	0.0799888163695284	0.0448124661671858	0.0234301859377627	0.0113913939666376	0.00512904781988782	0.0021118015541255	0.000801296715970156	0.00027443981014777	8.14793905535216e-05	2.11166189538659e-05	4.4453348901386e-06	3.05902320501826e-07	2.03934880334551e-07	1.359565868897e-07	1.359565868897e-07	1.359565868897e-07	1.359565868897e-07	1.359565868897e-07	1.359565868897e-07	9.06377245931337e-08	6.04251497287558e-08	4.02834331525039e-08	2.68556221016693e-08	2.68556221016692e-08	2.68556221016692e-08
1.79037480677795e-08	2.68556221016692e-08	4.02834331525038e-08	6.04251497287557e-08	9.06377245931335e-08	1.359565868897e-07	2.03934880334551e-07	3.05902320501826e-07	2.07017247996435e-05	7.79835743985509e-05	0.000260897418923209	0.000781435755979951	0.0020991042470687	0.00495291543386972	0.0105232740036726	0.0202224578589398	0.0357199467224494	0.0586630706969739	0.0907185011320139	0.133192098472142	0.186506316476048	0.249459391771776	0.319025014982146	0.391182587250309	0.461779624372487	0.526397972379068	0.579103562574535	0.61162882956988	0.614961518353442	0.583330866077567	0.518137198970255	0.428865874841275	0.330037677448576	0.236093996734181	0.157144390077485	0.0974815721488059	0.0563649495586412	0.030366657290836	0.0151816077984519	0.00700554971355013	0.00295458215044598	0.00114002145174079	0.000396252330923721	0.00011933013554321	3.15025298355055e-05	6.58415820960604e-06	3.05902320501826e-07	2.03934880334551e-07	2.03934880334551e-07	2.03934880334551e-07	2.03934880334551e-07	2.03934880334551e-07	2.03934880334551e-07	2.03934880334551e-07	1.359565868897e-07	9.06377245931337e-08	6.04251497287558e-08	4.02834331525039e-08	4.02834331525038e-08	4.02834331525038e-08
1.79037480677795e-08	2.68556221016692e-08	4.02834331525038e-08	6.04251497287557e-08	9.06377245931335e-08	1.359565868897e-07	2.03934880334551e-07	3.05902320501826e-07	1.52493173262423e-05	5.74940051377582e-05	0.000192254662119723	0.000583676853561659	0.00158147100759317	0.00377068290617396	0.00811905005696272	0.0158660321899018	0.0285862028623768	0.0479556116918405	0.0756402165811491	0.112784182286712	0.159459896033282	0.214265706230998	0.274650293319792	0.338137982554038	0.403002191471598	0.467327068852956	0.526691847265866	0.572545893207337	0.593685704220635	0.58088721000403	0.531959036508741	0.453770543264366	0.35987147371056	0.265371638925872	0.182127816513638	0.116471686319924	0.0693689619634471	0.0384200504451547	0.0196972943056016	0.00929015180974152	0.00399824744395076	0.00156553977386532	0.000551071699059057	0.000168083643576144	4.50553725435329e-05	9.34747968022798e-06	3.05902320501826e-07	3.05902320501826e-07	3.05902320501826e-07	3.05902320501826e-07	3.05902320501826e-07	3.05902320501826e-07	3.05902320501826e-07	3.05902320501826e-07	2.03934880334551e-07	1.359565868897e-07	9.06377245931337e-08	6.04251497287556e-08	6.04251497287557e-08	6.04251497287557e-08
1.79037480677795e-08	2.68556221016692e-08	4.02834331525038e-08	6.04251497287557e-08	9.06377245931335e-08	1.359565868897e-07	2.03934880334551e-07	3.05902320501826e-07	1.08092610927616e-05	4.07872535612886e-05	0.00013633828070979	0.000422400547013518	0.00115798586319655	0.00280061361381325	0.00613862711156757	0.0122579998082151	0.0226275873265982	0.0389001265778913	0.0626698715735126	0.0948706232426921	0.135224091965713	0.182146589192481	0.233512706499323	0.288196261849995	0.346581245026321	0.40898990482174	0.472545555245507	0.528876618581705	0.565370473222034	0.570111108354908	0.537684501126753	0.472154219718555	0.385476306758756	0.292693557041844	0.206869544204086	0.136175316595313	0.0833832834654049	0.0473742050374521	0.0248494621867284	0.0119578701106329	0.00524688211124633	0.00209475478718015	0.000760010225017159	0.000248291359943316	7.87616147294731e-05	2.50012364769805e-05	7.81105291456268e-06	4.36967883781927e-06	2.15011512572361e-06	9.30563829633373e-07	3.54244306295605e-07	1.18612878883295e-07	3.49327738724109e-08	9.04912434051505e-09	3.05902320501826e-07	2.03934880334551e-07	1.359565868897e-07	9.06377245931335e-08	9.06377245931335e-08	9.06377245931335e-08
1.79037480677795e-08	2.68556221016692e-08	4.02834331525038e-08	6.04251497287557e-08	9.06377245931335e-08	1.359565868897e-07	2.03934880334551e-07	3.05902320501826e-07	7.3714206572842e-06	2.78365313167881e-05	9.30232263885078e-05	0.000297033120874374	0.000827178128782192	0.00203893382081207	0.00457289536861567	0.0093778928534875	0.0178046324982879	0.0314326281476374	0.0517290218298406	0.0793991023998342	0.113855616869968	0.153382417330755	0.196225486541501	0.242350627986583	0.293828568999043	0.352834097056596	0.417973224889352	0.481487962630372	0.530195047377619	0.55038506975599	0.533974297239374	0.482198414645761	0.404884169920004	0.316248573875887	0.229912620308101	0.155552285570131	0.0977414509808522	0.0568421122442838	0.030431091083456	0.0149033837083489	0.0066453927048607	0.00269506672799288	0.000999964312786113	0.000342024146784443	0.000118786392162691	4.37644655596823e-05	1.72825986524148e-05	9.66827474093603e-06	4.75730700851976e-06	2.05894920491755e-06	7.83794737735793e-07	2.62440775036312e-07	7.72916426576586e-08	2.00219337704584e-08	3.05902320501826e-07	2.03934880334551e-07	1.359565868897e-07	1.359565868897e-07	1.359565868897e-07	1.359565868897e-07
1.79037480677795e-08	2.68556221016692e-08	4.02834331525038e-08	6.04251497287557e-08	9.06377245931335e-08	1.359565868897e-07	2.03934880334551e-07	3.05902320501826e-07	4.83523456137298e-06	1.82723782462446e-05	6.10507770040546e-05	0.000203775063075991	0.000579256627481741	0.00146322509693657	0.00337588373977588	0.00714137300303277	0.0139797655499106	0.0253540759061997	0.0425670852820925	0.0661044032511018	0.0951426097044767	0.127904210353266	0.162952882007889	0.201060379066995	0.245505869432087	0.299857486864915	0.364058647884549	0.431324646345438	0.488707937863732	0.52165063226268	0.520084113568203	0.482568973433644	0.416411204606767	0.334296708936233	0.24970864365572	0.173387738158196	0.111592956546499	0.066290614020213	0.036144649537953	0.0179829508062352	0.00813935469550472	0.00335843652655859	0.00128321295316237	0.000467605800694658	0.000182037426618673	7.83716123786861e-05	3.66527873695482e-05	2.05043943585641e-05	1.00892560049453e-05	4.36660185949516e-06	1.66226517443236e-06	5.56582150518279e-07	1.63919454518978e-07	4.24623458529049e-08	3.05902320501826e-07	2.03934880334551e-07	2.03934880334551e-07	2.03934880334551e-07	2.03934880334551e-07	2.03934880334551e-07
1.79037480677795e-08	2.68556221016692e-08	4.02834331525038e-08	6.04251497287557e-08	9.06377245931335e-08	1.359565868897e-07	2.03934880334551e-07	3.05902320501826e-07	3.04995057614099e-06	1.15335115120762e-05	3.85307980547558e-05	0.000137094445937993	0.000399989309754741	0.00104130106288676	0.00248288818515846	0.00543321218204493	0.0109711168309372	0.0204097311404009	0.0348680666139201	0.0546408641595153	0.0787580669768027	0.10546119185958	0.133583312816776	0.164419823206387	0.20197930261459	0.250741239509321	0.311774162968153	0.379516908635318	0.441953345526896	0.484576497004559	0.496082570739185	0.47266968008097	0.418915748520196	0.345397768920811	0.264794265465401	0.188410773914966	0.123971383695483	0.0750706561572274	0.0416059019946877	0.020999700575817	0.00964712244002369	0.00406508315708823	0.00161803572902164	0.000642554040780284	0.000285656093118239	0.000142005696477738	7.45080965027241e-05	4.16815064621e-05	2.05095250322409e-05	8.87646523185149e-06	3.3790667209289e-06	1.13142490813573e-06	3.33216855046635e-07	8.6317816177026e-08	3.05902320501826e-07	3.05902320501826e-07	3.05902320501826e-07	3.05902320501826e-07	3.05902320501826e-07	3.05902320501826e-07
1.79037480677795e-08	2.68556221016692e-08	4.02834331525038e-08	6.04251497287557e-08	9.06377245931335e-08	1.359565868897e-07	2.03934880334551e-07	3.05902320501826e-07	1.84957991755986e-06	6.99859100334213e-06	2.33793332037913e-05	9.10113402505784e-05	0.000274032456074823	0.000738775613808451	0.00182577066649087	0.0041346884007241	0.00859635694353495	0.0163523889910919	0.0283341040620074	0.0446856196303375	0.0643818561245208	0.0857606857578951	0.10788398237962	0.132318627587127	0.163368929348632	0.205968182284745	0.262054390107891	0.327413671232222	0.391488199776018	0.440594859854427	0.462935968112446	0.452783946473991	0.411982245276174	0.348608726204537	0.273973066584752	0.19944187751558	0.133901501274257	0.0824885147727628	0.0463890258323744	0.0237330924360938	0.0110817430033339	0.0048027716993005	0.00202750925914264	0.000902576270317724	0.000466819545005162	0.000269832703123737	0.000163985998773173	0.000105115021451009	6.66735127162542e-05	4.35539666994913e-05	2.92886893310039e-05	1.94722406563273e-05	1.22004242724374e-05	6.96474955226516e-06	3.51742762726228e-06	1.60115491797359e-06	6.41082311726882e-07	2.25770134871084e-07	6.99344957716353e-08	1.90541096859856e-08
1.79037480677795e-08	2.68556221016692e-08	4.02834331525038e-08	6.04251497287557e-08	9.06377245931335e-08	1.359565868897e-07	2.03934880334551e-07	3.05902320501826e-07	1.0780898908476e-06	4.08168140470637e-06	1.36350046887747e-05	6.00047940790013e-05	0.000187270308808645	0.0005243179682456	0.00134338591457598	0.00314173339921695	0.00670068401458744	0.0129809513793855	0.0227343075395279	0.0359977010311693	0.0517722661049528	0.0685562728531699	0.0856075073101442	0.104560032147585	0.129658637086774	0.165895265824133	0.215805501718771	0.276521699023273	0.339271319363855	0.391782243904017	0.422427053163373	0.424063461452953	0.395986505331102	0.34360832351888	0.276468646900298	0.205543115301586	0.140524493933666	0.0878970684906928	0.0500859133718026	0.0259742994860393	0.0123710594835787	0.00557771462732428	0.00255331780747889	0.00129687486347823	0.000765964807612793	0.000486255481045933	0.000312326429894585	0.000204016618964954	0.000133127445941566	8.9802550403911e-05	6.20152651470258e-05	4.19300930833387e-05	2.65073205517413e-05	1.51972240171979e-05	7.70246236260671e-06	3.50620874095801e-06	1.40384192673569e-06	4.94391399262044e-07	1.53142545806454e-07	4.17246858390984e-08
1.79037480677795e-08	2.68556221016692e-08	4.02834331525038e-08	6.04251497287557e-08	9.06377245931335e-08	1.359565868897e-07	2.03934880334551e-07	3.05902320501826e-07	6.03861050934713e-07	2.28742180785957e-06	7.64138940323118e-06	3.9508630965153e-05	0.000128077962807438	0.000372406336917638	0.000986791308355318	0.00237331746044279	0.00516833269403824	0.0101537136997657	0.0179181358640736	0.0284313725613117	0.0407828806189171	0.0536749823792242	0.0665344486146841	0.0809142860128018	0.100741114298324	0.130758373758347	0.173838160119936	0.228351466173397	0.287435207995562	0.340597985152641	0.376915470750765	0.388360511554944	0.372027182906316	0.33072509386456	0.272021680929815	0.206145540785357	0.143221043775475	0.0907937198589767	0.0523734296897658	0.027567891964668	0.013482949065344	0.00643226186021286	0.00327297767816767	0.00191097442443659	0.00126117025863175	0.0008561786906966	0.000571832850566794	0.00038138331115588	0.000256381496738254	0.000178516792063162	0.000126370074750426	8.6737934560199e-05	5.52632043053304e-05	3.18012768155097e-05	1.61671138786784e-05	7.35937072184564e-06	2.94659957150615e-06	1.03770478533096e-06	3.21439152983509e-07	8.75781945767915e-08
1.79037480677795e-08	2.68556221016692e-08	4.02834331525038e-08	6.04251497287557e-08	9.06377245931335e-08	1.359565868897e-07	2.03934880334551e-07	3.05902320501826e-07	3.24953539900714e-07	1.23150167194842e-06	4.11417154967862e-06	2.60605381092636e-05	8.76788494528008e-05	0.000263995794920694	0.000720160884528141	0.00177199961932346	0.00392123589546396	0.00778271817310305	0.0138035886663496	0.0219192708646236	0.031347207546587	0.0410148210686511	0.0504945478669369	0.0611644919031508	0.0764714675827409	0.100699183153033	0.136826374435538	0.184277958903314	0.238046311651061	0.289575080519125	0.329015791618263	0.3479557058159	0.341749286585234	0.310871310152569	0.260916603133218	0.201130952834324	0.141708480506175	0.0909051015611074	0.0530740799421968	0.0284493928604706	0.0144461588376869	0.00745539565308893	0.00430346877450992	0.00286387721418721	0.0020571034221278	0.0014634571747058	0.00100679247179194	0.000686926935105181	0.000476262010347133	0.00034203841351919	0.00024772559704511	0.000172324461264813	0.000110540264528633	6.38138190889872e-05	3.25262434398909e-05	1.48061481758255e-05	5.92819570035228e-06	2.08773431793095e-06	6.46696016339845e-07	1.76196549254697e-07
1.79037480677795e-08	2.68556221016692e-08	4.02834331525038e-08	6.04251497287557e-08	9.06377245931335e-08	1.359565868897e-07	2.03934880334551e-07	3.05902320501826e-07	1.67963246849994e-07	6.36814515317419e-07	2.12383821378721e-06	1.72026759991374e-05	5.98469557851062e-05	0.000185668596084359	0.000518566809752373	0.00129862250312867	0.00290792114203461	0.00581305127643991	0.0103433562607777	0.0164239801524062	0.0234183307675328	0.030479126270929	0.037303360082663	0.0450483684640003	0.0566070936159088	0.0756847357682224	0.105181257474087	0.145345636889188	0.192832931610882	0.240986898372757	0.281243404454514	0.305236500524406	0.307102329170428	0.285403571473639	0.243937169908103	0.190852804343827	0.136091237543294	0.0882391627398357	0.0521953055401701	0.0286690826131662	0.0153620097970884	0.00878732829355545	0.00580291407432919	0.00430985255646981	0.00328900231984937	0.00241846121706944	0.00170522425240348	0.00119249424160496	0.000853387894311855	0.000631441259642343	0.000467001104301764	0.000328724546015659	0.000212110486187234	0.000122785619295537	6.27240102204794e-05	2.85523593040391e-05	1.14320059242337e-05	4.02601268534273e-06	1.24709659796421e-06	3.39779605249793e-07
1.79037480677795e-08	2.68556221016692e-08	4.02834331525038e-08	6.04251497287557e-08	9.06377245931335e-08	1.359565868897e-07	2.03934880334551e-07	3.05902320501826e-07	7.47685882177645e-08	2.84433694970618e-07	9.51733076959717e-07	1.10504549056775e-05	3.98387649277763e-05	0.000127305049585294	0.000363479941898885	0.000924657567675178	0.00209181704498134	0.00420689569344918	0.00750533091330105	0.011916714065668	0.016948306143566	0.0219590595540347	0.0267483655031438	0.0322437601856103	0.0407816198984805	0.0554523303347842	0.0789464465442649	0.112097524187891	0.152942522168717	0.196544921240739	0.235683634851465	0.262380147047248	0.270077232742653	0.255937419478372	0.22225982192565	0.176090881490475	0.126851959782421	0.0830907778284181	0.0499358541369118	0.0283931563687697	0.0163995837493493	0.0106104638927413	0.00795986044265305	0.00642855507438165	0.00511552201588813	0.00385477132713778	0.0027796074198759	0.0019963037773912	0.00147613960217813	0.00112577927868123	0.000852549234268936	0.00061337399700084	0.000408781253829091	0.00025256264172411	0.000148379343143289	8.83273547703085e-05	5.53996889732492e-05	3.64963933750496e-05	2.39725633449002e-05	1.4840556155337e-05
1.79037480677795e-08	2.68556221016692e-08	4.02834331525038e-08	6.04251497287557e-08	9.06377245931335e-08	1.359565868897e-07	2.03934880334551e-07	3.05902320501826e-07	3.61070332452921e-08	1.37357908249835e-07	4.59608221441099e-07	7.29778272337508e-06	2.68060499250247e-05	8.70525537582427e-05	0.000251453366978283	0.000644800618741948	0.00146575110727367	0.00295488179422048	0.00527388785358384	0.00836317458590301	0.0118591844479762	0.0152987326715069	0.0185642017331136	0.0223711564191503	0.0285454493666583	0.0395854465219341	0.057890229788222	0.08465140753295	0.118967673757866	0.157352293438361	0.19387287753902	0.221184557411916	0.232520647920206	0.224176280733547	0.197316038391984	0.157951752400929	0.114784683125518	0.0759979374901517	0.0466550544417515	0.0278782788163218	0.017770801375168	0.0131234732546287	0.0109675120632399	0.00940202994200435	0.00770099747018874	0.00591797944481238	0.00436188977558816	0.00322220188774215	0.00246086447945537	0.00192867112257827	0.00148736167803642	0.0010825861704786	0.000728821124154428	0.00045686261727579	0.00027540031575865	0.0001702046273314	0.000111371200735223	7.58685848409963e-05	5.08303717048218e-05	3.17754462012129e-05
1.79037480677795e-08	2.68556221016692e-08	4.02834331525038e-08	6.04251497287557e-08	9.06377245931335e-08	1.359565868897e-07	2.03934880334551e-07	3.05902320501826e-07	1.67133277348923e-08	6.35806249149005e-08	2.12744779733396e-07	4.73285255554214e-06	1.76346330510263e-05	5.7951943341993e-05	0.000168801842282532	0.000435304446222747	0.000992826653542981	0.0020045642396356	0.00357808503184965	0.00566744432422325	0.00801633806224067	0.0103037246667514	0.0124725807952736	0.0150543146276141	0.0194346985254858	0.0275805639004335	0.0415618665803975	0.0627372590451895	0.0909548166767875	0.123874086806082	0.15672478179181	0.182952348380759	0.195987352967043	0.191748745764704	0.17063275711554	0.137727641914775	0.100881030131297	0.0676561990193025	0.0428097309250084	0.0274220170511298	0.0196863842004496	0.0164986106087152	0.0149825435107944	0.0133778758977522	0.0111860518153977	0.0087455678687714	0.00659247085672415	0.00501673968415317	0.00395680069881209	0.00318315754449871	0.00249917033746424	0.00184477671251634	0.00126395205988629	0.000816993203069994	0.000519796384200204	0.000345793073385744	0.000243496347046325	0.000174650889962743	0.000120275070562011	7.60985025173261e-05
1.19358320451863e-08	1.79037480677795e-08	2.68556221016692e-08	4.02834331525038e-08	6.04251497287556e-08	9.06377245931337e-08	1.359565868897e-07	2.03934880334551e-07	3.05902320501826e-07	3.05902320501826e-07	3.05902320501826e-07	2.71912654603609e-06	1.05603553571122e-05	3.57424791749767e-05	0.000106236471394365	0.000277734374442509	0.00063909465539715	0.00129740214381022	0.00232264077872757	0.00368279608531576	0.00520579036640473	0.0066786861357437	0.0080860898568133	0.00980909519650545	0.0128725940793349	0.0187886598644947	0.0292904303445763	0.0457528880673805	0.0684970542884286	0.0960344888531653	0.124596567102697	0.148500131674798	0.161683165943245	0.160094396346041	0.143684412533612	0.116742755819085	0.0861935549518455	0.0588099015128419	0.0388719716772576	0.0272983126110141	0.0222994426169063	0.0208277293908934	0.0200730964646661	0.0184221762045693	0.0156487492585267	0.0124377191978585	0.00959954799445892	0.0075339519525794	0.00613194633905781	0.00505311979238118	0.00403042606589504	0.00301107153399409	0.0020939652329465	0.00138882611036601	0.000923320084740322	0.000650474849876806	0.000484468297552528	0.000362947880778942	0.000258170403017518	0.000167891173249239
7.95722136345756e-09	1.19358320451863e-08	1.79037480677795e-08	2.68556221016692e-08	4.02834331525039e-08	6.04251497287558e-08	9.06377245931337e-08	1.359565868897e-07	2.03934880334551e-07	2.03934880334551e-07	3.05902320501826e-07	1.72568725895252e-06	6.68144080332848e-06	2.25940722417332e-05	6.71188508437819e-05	0.000175375847997029	0.000403276952676786	0.000817901207487676	0.00146248823161801	0.00231551415932406	0.0032664922206175	0.00418081637697174	0.00507014929997789	0.00620035829683707	0.00831381045419515	0.0125499594565604	0.0203211219761056	0.0329125414859294	0.0508952535289991	0.0733750538119753	0.0974172445224954	0.118228500346564	0.130460265992951	0.130387723119637	0.117767414267907	0.0962095335686972	0.0717015174941621	0.0501427373920972	0.0352456725052291	0.0276921756316851	0.0256487453203263	0.0260681223407016	0.0261662792611754	0.0244710283376733	0.0210628661334504	0.0170233810680051	0.013472132737204	0.0109141554545536	0.00915790180686923	0.00771687968775257	0.00624560662501187	0.00472189440137588	0.00333599633528309	0.00227297443233619	0.00157608606533146	0.00116507404595787	0.000902811312979574	0.000693250258609305	0.000499800412210539	0.00032751743518292
5.30481424230504e-09	7.95722136345756e-09	1.19358320451863e-08	1.79037480677795e-08	2.68556221016693e-08	4.02834331525039e-08	6.04251497287558e-08	9.06377245931337e-08	1.359565868897e-07	2.03934880334551e-07	3.05902320501826e-07	1.0497678393609e-06	4.05484378808679e-06	1.37025720061084e-05	4.06778402143453e-05	0.000106233760000579	0.000244105356070818	0.000494587394010386	0.000883217979293757	0.00139603626532475	0.00196476474086386	0.00250761983121514	0.00305049377025533	0.00377442258693292	0.00520901829131682	0.00819984576282462	0.0138703320412197	0.0233518082526489	0.0373017186493738	0.055213350052523	0.0748290528933672	0.0922149511296341	0.102842205112355	0.10349521712314	0.0939079489367703	0.0771154897563026	0.0582026875339034	0.0421893785920262	0.0322002603539046	0.0286495579302087	0.0296168159489472	0.0320033493504689	0.0330099498722453	0.0312938309603183	0.0272634059610693	0.0224276182202952	0.0182278926395812	0.0152511890639893	0.0131766329795771	0.011334713717526	0.00930097391940517	0.00712012616222293	0.00512230235986843	0.00359946020332922	0.00261176786485025	0.00202519405920955	0.00162743731506314	0.00127699333563645	0.000931559226078394	0.000614731684187423
5.30481424230502e-09	7.95722136345754e-09	1.19358320451863e-08	1.79037480677795e-08	2.68556221016692e-08	4.02834331525038e-08	6.04251497287557e-08	9.06377245931335e-08	1.359565868897e-07	2.03934880334551e-07	3.05902320501826e-07	6.12100779668068e-07	2.34619857474362e-06	7.92105979834208e-06	2.34982850038427e-05	6.13207032281847e-05	0.000140780785765479	0.000284932381941001	0.000508191711079043	0.000802195167585803	0.00112722723840725	0.00143679516399939	0.00176299106736036	0.00222642992377357	0.0031984815569583	0.00529466816390487	0.00938406817592861	0.0164115464616286	0.0270136906701794	0.0409218146480537	0.0564233142159976	0.0703822648121237	0.0791131464719534	0.0799913671636174	0.0728256564039185	0.0601617579580116	0.046250293663428	0.0352847231060388	0.0298360555744313	0.0300561920405819	0.0339172518777367	0.0382344693249493	0.0401644134609963	0.0384827285916166	0.0339312943287034	0.0284492929413792	0.0237826337998449	0.0205547159074667	0.0182591892958452	0.016009316149213	0.0133119930975861	0.0103286192915612	0.00758781979893801	0.00552220733965425	0.00420412727263668	0.00341503029247665	0.00283600728985435	0.00226769263983865	0.00167154608011185	0.00111026278866759
5.30481424230502e-09	7.95722136345754e-09	1.19358320451863e-08	1.79037480677795e-08	2.68556221016692e-08	4.02834331525038e-08	6.04251497287557e-08	9.06377245931335e-08	1.359565868897e-07	2.03934880334551e-07	3.05902320501826e-07	3.42098444806676e-07	1.31127244121905e-06	4.42086268048196e-06	1.3109718730736e-05	3.4194163206921e-05	7.84481748508031e-05	0.000158617873688036	0.000282540107665884	0.000445281212831055	0.000624332863907679	0.000793924867534073	0.000985345305554682	0.00127740622122861	0.00192802452654969	0.00337952605275411	0.0062881578755325	0.0114081397224342	0.0192938981125994	0.0298106589447494	0.0416776981496971	0.0524693451070591	0.0593002767648433	0.0601387485714061	0.054908302956003	0.0457368238668456	0.0361323812527592	0.0295537298975368	0.0280867698183794	0.0316525999214713	0.0381202818188198	0.0442121390792898	0.0470351951758321	0.0454790828778692	0.0406070619343426	0.0347575800192072	0.0299287584945161	0.0267136834339872	0.0243605440920014	0.0217400069259493	0.0183142528918534	0.0144227182073651	0.0108560880330242	0.00821760411211145	0.00657586066275315	0.00558336903946269	0.00477465017015694	0.00388107516211996	0.00288742261029147	0.00192978045987201
5.30481424230502e-09	7.95722136345754e-09	1.19358320451863e-08	1.79037480677795e-08	2.68556221016692e-08	4.02834331525038e-08	6.04251497287557e-08	9.06377245931335e-08	1.359565868897e-07	2.03934880334551e-07	3.05902320501826e-07	1.83264254762119e-07	7.02456764648303e-07	2.36828350681932e-06	7.02295748432015e-06	1.83180249207855e-05	4.20251729282351e-05	8.49622099010271e-05	0.000151317763911262	0.000238453531334167	0.000334273793721761	0.000425157467993977	0.000538212501031298	0.00072361432589057	0.00115756314509308	0.00215184382656819	0.00418828069120588	0.00784400695994772	0.0135672722130034	0.0212944758739967	0.0300859453936106	0.0381251695654283	0.0432382071617724	0.0439315085635386	0.0402429653267345	0.0339422655042517	0.0278971829911447	0.0249407682725972	0.0267571878871579	0.0330840485954162	0.0417162426251371	0.0493101623519663	0.0529482958656138	0.0516393867317118	0.0467373681874816	0.0409131277846986	0.0363307445156407	0.0334709658562053	0.0312816108071958	0.0283812461060375	0.0242261016965745	0.0194015651012569	0.0150204698045425	0.0118745203109698	0.00999527191887875	0.00884477448426957	0.00776186223837327	0.00640023896934258	0.00480166934561676	0.00322841937268754
5.30481424230502e-09	7.95722136345754e-09	1.19358320451863e-08	1.79037480677795e-08	2.68556221016692e-08	4.02834331525038e-08	6.04251497287557e-08	9.06377245931335e-08	1.359565868897e-07	2.03934880334551e-07	3.05902320501826e-07	9.41028829112194e-08	3.60698854011092e-07	1.21607078168119e-06	3.60616175093876e-06	9.40597475772336e-06	2.15791668294656e-05	4.36215884780271e-05	7.76794920741767e-05	0.000122404717986213	0.000171573498109623	0.000218312967619185	0.000284378508515577	0.000401190515413346	0.00068736882147216	0.0013583817325512	0.00275791309624624	0.00531007862415952	0.00935576682876471	0.0148658659753648	0.0211660737431896	0.026941902043546	0.0306172808437421	0.0311516590128266	0.0286752340330042	0.0246512956733549	0.0214094994405624	0.0212658562866394	0.0255849486438749	0.0339746815849872	0.0442057078363376	0.052928710111741	0.0572566694076967	0.0563316345021531	0.0517494945809373	0.0464143892028137	0.0425437878199607	0.0404199616755606	0.0386518455727911	0.0356190335067915	0.0308245206963222	0.0251662956612173	0.0201251417396028	0.016677424933155	0.0147609880862417	0.0135661808054358	0.0121777735682174	0.0101682364706049	0.00768743391116026	0.00519914033911903
5.30481424230502e-09	7.95722136345754e-09	1.19358320451863e-08	1.79037480677795e-08	2.68556221016692e-08	4.02834331525038e-08	6.04251497287557e-08	9.06377245931335e-08	1.359565868897e-07	2.03934880334551e-07	3.05902320501826e-07	4.63155248722796e-08	1.77528639160976e-07	5.98525303295383e-07	1.7748794627965e-06	4.62942945382846e-06	1.06208269831234e-05	2.14673731626222e-05	3.82197376814996e-05	6.020760784354e-05	8.43405762482339e-05	0.00010723157710885	0.000145110556985058	0.000217030926712001	0.000401030564505761	0.000842255289040632	0.00177834471969953	0.00350943679128688	0.00628263365853182	0.0100857871907808	0.0144487570287029	0.0184547660818597	0.0210041769357112	0.02141194094766	0.0198685073748043	0.0175752369771543	0.0164171736165929	0.0182899356813542	0.0243095980342045	0.0340078950380892	0.0451959342232499	0.0546046950787249	0.0594553066977016	0.0590425387108026	0.0551401573415147	0.0507632136256762	0.0480575307189165	0.0470313937024712	0.0459444033621281	0.0429778927125794	0.0377450319308296	0.0315122707407728	0.0261486610396104	0.0227813134775852	0.021170245825942	0.0201325131585587	0.0184319426016594	0.0155622220522988	0.0118515033052077	0.00806533508010861
5.30481424230502e-09	7.95722136345754e-09	1.19358320451863e-08	1.79037480677795e-08	2.68556221016692e-08	4.02834331525038e-08	6.04251497287557e-08	9.06377245931335e-08	1.359565868897e-07	2.03934880334551e-07	3.05902320501826e-07	2.18498645812352e-08	8.37511123031648e-08	2.82360976400681e-07	8.37319149832846e-07	2.18398489347737e-06	5.01049339205199e-06	1.01201542827672e-05	1.800352619978e-05	2.83235730752327e-05	3.95703158049554e-05	5.0091237467214e-05	7.13652079959455e-05	0.000114828799045877	0.000231054959505546	0.000515828311131634	0.00112870866390825	0.00227400038514776	0.00412162453083127	0.00666497173876037	0.00958445334928285	0.0122646510988058	0.0139691246284589	0.0142782180978319	0.0134143658297326	0.0123575774831222	0.0126285786365594	0.0157803611718141	0.022734537933907	0.032993902864698	0.0444798741006785	0.0541020189032267	0.0592768193856051	0.0594702812462235	0.0565593159174739	0.053538091405762	0.0523608798178738	0.052712358772669	0.0525295952721974	0.0498654732299405	0.0445120003050025	0.0381397839859444	0.0329921058761266	0.0302780294929396	0.0294681972428649	0.0288870465619313	0.0269037384275772	0.0229407609081134	0.0175908774818961	0.0120435712616973
5.30481424230502e-09	7.95722136345754e-09	1.19358320451863e-08	1.79037480677795e-08	2.68556221016692e-08	4.02834331525038e-08	6.04251497287557e-08	9.06377245931335e-08	1.359565868897e-07	2.03934880334551e-07	3.05902320501826e-07	9.88028352772368e-09	3.78713896482518e-08	1.27680722854434e-07	3.78627088180945e-07	9.87575455563847e-07	2.2656934619986e-06	4.57197948006104e-06	8.12480785542e-06	1.27572302195816e-05	1.77495032899334e-05	2.23024318596065e-05	3.4136403261085e-05	5.99503234028585e-05	0.000131655692251202	0.000310579802186839	0.000700202785586571	0.00143429442555391	0.00262467550980711	0.00426712506204356	0.00615160728061657	0.0078821638084992	0.00898579406558604	0.00922767103665637	0.00883620383337945	0.00860344409787432	0.00975085307594911	0.013548556097939	0.0207626193421421	0.030906174806379	0.0420768762505088	0.0514578943471911	0.0567426097552329	0.057579429665517	0.0558694347488141	0.0544603391115524	0.0550177101414433	0.056890868345407	0.0577622160988897	0.0556519239909078	0.0505977521556269	0.0446828669208889	0.0404725367389802	0.0391555957555585	0.0397804569856201	0.0400491070488662	0.0378590875389319	0.0325723019777891	0.0251422847472709	0.0173199987428892
3.53654282820335e-09	5.30481424230502e-09	7.95722136345753e-09	1.19358320451863e-08	1.79037480677795e-08	2.68556221016692e-08	4.02834331525038e-08	6.04251497287556e-08	9.06377245931337e-08	1.359565868897e-07	2.03934880334551e-07	3.05902320501826e-07	3.05902320501826e-07	3.05902320501826e-07	3.05902320501826e-07	3.05902320501826e-07	3.05902320501826e-07	3.05902320501826e-07	3.05902320501826e-07	2.3673504753146e-08	1.04811063308955e-07	4.24413545226113e-07	6.45675084139238e-06	2.22001364365929e-05	6.68870827727128e-05	0.000177846609297315	0.000419117432388123	0.000874562631874192	0.00161482107764735	0.00263737505961077	0.00380959111526763	0.00488847264910411	0.00558329018258092	0.00577948407367948	0.00569224814858471	0.00595406837591617	0.00753864814609492	0.0114776927494027	0.0184078314709757	0.0278817364562967	0.0382257806751032	0.0469732554828298	0.0521561819736878	0.0536041537885164	0.0531663283071308	0.0534391367911962	0.0557386510230592	0.0591102561453411	0.0610870704374279	0.0597699243445089	0.0554998577899213	0.05075050760734	0.0483216636893411	0.0492555115716985	0.0520371830683772	0.0536182309494325	0.0513499650885848	0.0445432077633198	0.0346063826342571	0.0239912390939601
2.35769521880224e-09	3.53654282820335e-09	5.30481424230504e-09	7.95722136345756e-09	1.19358320451863e-08	1.79037480677795e-08	2.68556221016692e-08	4.02834331525039e-08	6.04251497287558e-08	9.06377245931337e-08	1.359565868897e-07	2.03934880334551e-07	2.03934880334551e-07	2.03934880334551e-07	2.03934880334551e-07	2.03934880334551e-07	2.03934880334551e-07	2.03934880334551e-07	3.05902320501826e-07	1.06901554896723e-08	4.05827803275294e-08	1.61434073167436e-07	3.65967503922151e-06	1.27305151831691e-05	3.87357628498814e-05	0.000103853659159436	0.00024631889749397	0.000516438228348851	0.000956716998657986	0.00156566369169268	0.00226339919259534	0.002909485482336	0.00333457556095437	0.00349702965472526	0.00358645569533466	0.0040992107319495	0.00580109754723598	0.00951858604029089	0.0157761586962246	0.0241849382126247	0.033332821084136	0.0411504819999685	0.0460411246038856	0.0479998657454105	0.0487575278810384	0.0505856674575109	0.0544329548121568	0.0591121916627582	0.0621388437155092	0.0618127484243248	0.0588191189057113	0.0559709630557726	0.0561898533992983	0.060237053250905	0.0659046039492509	0.0692845904161304	0.0671178504921993	0.0586677482777084	0.0458742543877328	0.0320122672207417
1.57179681253482e-09	2.35769521880224e-09	3.53654282820336e-09	5.30481424230504e-09	7.95722136345756e-09	1.19358320451863e-08	1.79037480677795e-08	2.68556221016693e-08	4.02834331525039e-08	6.04251497287558e-08	9.06377245931337e-08	1.359565868897e-07	1.359565868897e-07	1.359565868897e-07	1.359565868897e-07	1.359565868897e-07	1.359565868897e-07	1.359565868897e-07	2.03934880334551e-07	3.05902320501826e-07	3.05902320501826e-07	3.05902320501826e-07	1.87161556945548e-06	6.71451269276197e-06	2.09070983104822e-05	5.7049136543536e-05	0.000137089572025766	0.000290177983017231	0.000541195402556337	0.000889655452962188	0.00128956527469429	0.00166443495039723	0.00192037552681152	0.00205488091410791	0.00222633758279568	0.00281722046276746	0.00441992707892711	0.00768406839233528	0.0130348975556607	0.0201508718910036	0.0278911628748868	0.0345965843859953	0.0390413318962131	0.0413570649361702	0.0431047979983568	0.0461935041078584	0.0512276431987934	0.0568873388650684	0.0608110285994926	0.0616057485403288	0.0603192692563634	0.0600295327028915	0.0636570120016536	0.0715609484289967	0.0807448312507021	0.0863711641704994	0.0845266730953743	0.0744210851815927	0.0585685879706037	0.0411510182059775
1.04786454168989e-09	1.57179681253483e-09	2.35769521880224e-09	3.53654282820336e-09	5.30481424230504e-09	7.95722136345758e-09	1.19358320451864e-08	1.79037480677795e-08	2.68556221016693e-08	4.02834331525039e-08	6.04251497287556e-08	9.06377245931335e-08	9.06377245931335e-08	9.06377245931335e-08	9.06377245931335e-08	9.06377245931335e-08	9.06377245931335e-08	9.06377245931337e-08	1.359565868897e-07	2.03934880334551e-07	2.03934880334551e-07	3.05902320501826e-07	1.05951376487473e-06	3.78894903577413e-06	1.17799080636328e-05	3.21153164119536e-05	7.70918778124564e-05	0.000162975333294603	0.000303501353074439	0.000498029028230377	0.000720374434472486	0.000931210097741238	0.00108139771535944	0.00118689336922037	0.00137486789002135	0.0019342371098254	0.00331364307586432	0.00601111912054965	0.0103635481073617	0.0161172294374325	0.0223910703442584	0.0279165356282134	0.0318093606764708	0.0342997659113668	0.0367455820408165	0.0406899340261113	0.0464483048984319	0.0526797202982161	0.0572753805226536	0.0592327145173868	0.0599542250994814	0.0626933794682947	0.0702535173420095	0.0825052997401186	0.095624965591116	0.103833826990347	0.102552880203574	0.0909208753854672	0.0720209133674664	0.0509663265555054
6.98576361126592e-10	1.04786454168989e-09	1.57179681253483e-09	2.35769521880224e-09	3.53654282820338e-09	5.30481424230506e-09	7.95722136345758e-09	1.19358320451864e-08	1.79037480677795e-08	2.68556221016692e-08	4.02834331525038e-08	6.04251497287557e-08	6.04251497287557e-08	6.04251497287557e-08	6.04251497287557e-08	6.04251497287557e-08	6.04251497287557e-08	6.04251497287558e-08	9.06377245931337e-08	1.359565868897e-07	2.03934880334551e-07	3.05902320501826e-07	5.74903636047746e-07	2.05026486523454e-06	6.36613681169225e-06	1.7342625824266e-05	4.15925734218743e-05	8.78328915122826e-05	0.000163355292683383	0.000267643555640155	0.000386422882606285	0.000501292692310778	0.000588363438313369	0.000669198359249373	0.000841219475161825	0.00131663381933524	0.00242599757796253	0.00453990416661108	0.00791805825956774	0.0123695539652601	0.0172452968498892	0.0216230536037156	0.0249095218875939	0.0273923634525069	0.0302115107728315	0.0345690647691258	0.040565198164501	0.0469427785766674	0.051946579383947	0.0550110212206573	0.0578583445652817	0.0638222402552204	0.0754946911021585	0.0922225205938072	0.109389372266845	0.120337282107555	0.119852661490466	0.106977224509711	0.0853020748102505	0.0608223285476894
4.65717574084395e-10	6.98576361126592e-10	1.04786454168989e-09	1.57179681253484e-09	2.35769521880225e-09	3.53654282820338e-09	5.30481424230506e-09	7.95722136345758e-09	1.19358320451863e-08	1.79037480677795e-08	2.68556221016692e-08	4.02834331525038e-08	4.02834331525038e-08	4.02834331525038e-08	4.02834331525038e-08	4.02834331525038e-08	4.02834331525038e-08	6.04251497287557e-08	9.06377245931335e-08	1.359565868897e-07	2.03934880334551e-07	3.05902320501826e-07	2.99007447502038e-07	1.04804134915448e-06	3.23107535606086e-06	8.76169263160082e-06	2.08978302841891e-05	4.38416246457194e-05	8.08992207873457e-05	0.000131302893009287	0.000187446143178375	0.000242330420570017	0.000286641481318882	0.000342528364516893	0.000482725223135976	0.000858632672577576	0.00170544579141736	0.00328830093814029	0.00579988009696275	0.00910230015615851	0.0127402631151788	0.016078589858215	0.0187537867475299	0.0210728632032067	0.0239602363153244	0.028320758138483	0.0341168635960103	0.0402580645501776	0.0454019303520996	0.0494239204847367	0.0543059102563968	0.0633686377876374	0.0789299845541506	0.0998369630020491	0.120794829348758	0.134408116290942	0.134910093201443	0.121217061451948	0.0973131475887491	0.0699460825506115
3.1047838272293e-10	4.65717574084395e-10	6.98576361126595e-10	1.04786454168989e-09	1.57179681253484e-09	2.35769521880225e-09	3.53654282820338e-09	5.30481424230504e-09	7.95722136345756e-09	1.19358320451863e-08	1.79037480677795e-08	2.68556221016692e-08	2.68556221016692e-08	2.68556221016692e-08	2.68556221016692e-08	2.68556221016692e-08	4.02834331525038e-08	6.04251497287557e-08	9.06377245931335e-08	1.359565868897e-07	2.03934880334551e-07	3.05902320501826e-07	1.49062175033836e-07	5.22473016426446e-07	1.61076630129547e-06	4.36790779478979e-06	1.04180550072351e-05	2.18560707477476e-05	4.03301453186114e-05	6.54575495818244e-05	9.34462670990225e-05	0.000122243065395455	0.000148402007812488	0.000189321467060195	0.000295711656230064	0.000571704450546369	0.00117986658933952	0.00230470018686768	0.00408606293280911	0.0064297923175498	0.00903278163835648	0.0114818632765142	0.013580008516227	0.0156218286688851	0.0183314595289688	0.022369094658097	0.027628534562436	0.0332369631651202	0.0382776680671509	0.0430295177582862	0.0496538329326287	0.0613732587460342	0.0802030213493082	0.104570728616372	0.12869021730853	0.144644869568453	0.146248283653308	0.132269789487304	0.106928984149658	0.0775247595435363
2.06985588481954e-10	3.10478382722931e-10	4.65717574084397e-10	6.98576361126595e-10	1.04786454168989e-09	1.57179681253484e-09	2.35769521880224e-09	3.53654282820336e-09	5.30481424230504e-09	7.95722136345756e-09	1.19358320451863e-08	1.79037480677795e-08	1.79037480677795e-08	1.79037480677795e-08	1.79037480677795e-08	2.68556221016692e-08	4.02834331525038e-08	6.04251497287557e-08	9.06377245931335e-08	1.359565868897e-07	2.03934880334551e-07	3.05902320501826e-07	7.12281066590637e-08	2.49659336663095e-07	7.69691129795042e-07	2.08716800364427e-06	4.97817996461472e-06	1.04437395872912e-05	1.92714207455884e-05	3.12783395398384e-05	4.46525128075562e-05	5.93827130418089e-05	7.46312526028088e-05	0.000103005971474451	0.000178500381678349	0.0003702310020238	0.000786492547984474	0.00155079626448555	0.0027611169082277	0.00435613463172664	0.00614490852231911	0.00787539639048056	0.00946118192219082	0.0111631668912063	0.0135298668623713	0.0170303392977823	0.0215426786446	0.0264287560954431	0.0311677849660695	0.0363701096451515	0.0442837390274836	0.0579597722105875	0.0791125056044868	0.105873755947624	0.132206181216437	0.149945394547378	0.15266486462983	0.138981670587036	0.11317047215652	0.0828269473840212
1.37990392321303e-10	2.06985588481954e-10	3.10478382722931e-10	4.65717574084397e-10	6.98576361126595e-10	1.04786454168989e-09	1.57179681253483e-09	2.35769521880224e-09	3.53654282820336e-09	5.30481424230504e-09	7.95722136345753e-09	1.19358320451863e-08	1.19358320451863e-08	1.19358320451863e-08	1.79037480677795e-08	2.68556221016692e-08	4.02834331525038e-08	6.04251497287557e-08	9.06377245931335e-08	1.359565868897e-07	2.03934880334551e-07	3.05902320501826e-07	3.26237473329769e-08	1.14348443341348e-07	3.5253230951453e-07	9.55960291325529e-07	2.28009549827073e-06	4.7834196006085e-06	8.8266555246357e-06	1.43260391719664e-05	2.04516498324031e-05	2.78263737468974e-05	3.65903328765443e-05	5.52987244506761e-05	0.000105842356009267	0.000232412586388598	0.000504433353751805	0.00100136399747107	0.00178942640342668	0.00283060979908365	0.00401164981543274	0.00518978156861517	0.0063444152978123	0.00769142787817042	0.00963290181417152	0.0124951070190366	0.0161742555165301	0.0202540835484584	0.0245473884654465	0.0299018907169433	0.038556089804034	0.0533296906771447	0.0756595634421533	0.103528269631292	0.130911951331406	0.149701134790072	0.153440733069689	0.140613468467337	0.11536976346315	0.0853232538865481
