2.15744007699013e-06	2.73882994111079e-06	3.03788014208314e-06	2.94411958389749e-06	2.4929840525819e-06	1.84443263391052e-06	1.19229943476349e-06	6.73421722926095e-07	3.32328929123813e-07	1.43294135856023e-07	5.39843567006142e-08	1.77699696614847e-08	5.11075056420298e-09	1.28428652909224e-09	3.05902320501826e-07	2.03934880334551e-07	2.03934880334551e-07	2.03934880334551e-07	1.359565868897e-07	9.06377245931337e-08	6.04251497287558e-08	6.04251497287557e-08	4.02834331525038e-08	4.02834331525038e-08	4.02834331525038e-08	4.02834331525038e-08	4.02834331525038e-08	4.02834331525038e-08	4.02834331525038e-08	4.02834331525038e-08	4.02834331525038e-08	4.02834331525038e-08	4.02834331525038e-08	4.02834331525038e-08	4.02834331525038e-08	4.02834331525038e-08	4.02834331525038e-08	4.02834331525038e-08	4.02834331525038e-08	4.02834331525038e-08	4.02834331525038e-08	4.02834331525038e-08	2.68556221016692e-08	1.79037480677795e-08	1.19358320451863e-08	7.95722136345758e-09	5.30481424230506e-09	3.53654282820338e-09	2.35769521880225e-09	1.57179681253484e-09	1.04786454168989e-09	6.98576361126592e-10	4.65717574084395e-10	3.1047838272293e-10	2.06985588481954e-10	2.06985588481952e-10	2.06985588481952e-10	2.06985588481952e-10	2.06985588481952e-10	1.37990392321301e-10
1.56461339610439e-05	1.98624752604581e-05	2.20312397862466e-05	2.13512717680009e-05	1.80795577432026e-05	1.33761490666964e-05	8.64676468975774e-06	4.8837724864545e-06	2.4101077010934e-06	1.03919421417405e-06	3.91504026344484e-07	1.28870937725029e-07	3.70640597724312e-08	9.31387123695917e-09	3.05902320501826e-07	3.05902320501826e-07	3.05902320501826e-07	3.05902320501826e-07	2.03934880334551e-07	1.359565868897e-07	9.06377245931337e-08	9.06377245931335e-08	6.04251497287556e-08	6.04251497287557e-08	6.04251497287557e-08	6.04251497287557e-08	6.04251497287557e-08	6.04251497287557e-08	6.04251497287557e-08	6.04251497287557e-08	6.04251497287557e-08	6.04251497287557e-08	6.04251497287557e-08	6.04251497287557e-08	6.04251497287557e-08	6.04251497287557e-08	6.04251497287557e-08	6.04251497287557e-08	6.04251497287557e-08	6.04251497287557e-08	6.04251497287557e-08	6.04251497287557e-08	4.02834331525038e-08	2.68556221016692e-08	1.79037480677795e-08	1.19358320451864e-08	7.95722136345758e-09	5.30481424230506e-09	3.53654282820338e-09	2.35769521880224e-09	1.57179681253483e-09	1.04786454168989e-09	6.98576361126592e-10	4.65717574084395e-10	3.10478382722929e-10	3.10478382722928e-10	3.10478382722928e-10	3.10478382722928e-10	3.10478382722928e-10	2.06985588481952e-10
0.000101464714053943	0.000127766078712042	0.000141438968509317	0.000138209623180232	0.000120064520651038	9.38199777986585e-05	6.71047343404517e-05	4.48946384106845e-05	2.86470295098409e-05	1.75698610584745e-05	1.02674718482938e-05	5.6037274642555e-06	2.79501251015468e-06	1.24965892127111e-06	4.86418896397837e-07	1.72461211051745e-07	5.34258779841605e-08	1.4460760971706e-08	3.05902320501826e-07	2.03934880334551e-07	1.359565868897e-07	1.359565868897e-07	9.06377245931337e-08	9.06377245931335e-08	9.06377245931335e-08	9.06377245931335e-08	9.06377245931335e-08	9.06377245931335e-08	9.06377245931335e-08	9.06377245931335e-08	9.06377245931335e-08	9.06377245931335e-08	9.06377245931335e-08	9.06377245931335e-08	9.06377245931335e-08	9.06377245931335e-08	9.06377245931335e-08	9.06377245931335e-08	9.06377245931335e-08	9.06377245931335e-08	9.06377245931335e-08	9.06377245931335e-08	6.04251497287556e-08	4.02834331525039e-08	2.68556221016693e-08	1.79037480677795e-08	1.19358320451864e-08	7.95722136345758e-09	5.30481424230504e-09	3.53654282820336e-09	2.35769521880224e-09	1.57179681253483e-09	1.04786454168989e-09	6.9857636112659e-10	4.65717574084393e-10	4.65717574084392e-10	4.65717574084392e-10	4.65717574084392e-10	4.65717574084392e-10	3.10478382722928e-10
0.000443876610563009	0.000558270334686132	0.000618891582688065	0.000608216339028632	0.000535010673383252	0.000427575420338464	0.000316745399585359	0.000222098244531842	0.000149357732248414	9.61273897774956e-05	5.82650062011563e-05	3.25504814421298e-05	1.64434087039765e-05	7.39461981470587e-06	2.90286543608398e-06	1.0252923160864e-06	3.16535152891981e-07	8.32552477138224e-08	3.05902320501826e-07	2.03934880334551e-07	2.03934880334551e-07	2.03934880334551e-07	1.359565868897e-07	1.359565868897e-07	1.359565868897e-07	1.359565868897e-07	1.359565868897e-07	1.359565868897e-07	1.359565868897e-07	1.359565868897e-07	1.359565868897e-07	1.359565868897e-07	1.359565868897e-07	1.359565868897e-07	1.359565868897e-07	1.359565868897e-07	1.359565868897e-07	1.359565868897e-07	1.359565868897e-07	1.359565868897e-07	1.359565868897e-07	1.359565868897e-07	9.06377245931337e-08	6.04251497287558e-08	4.02834331525039e-08	2.68556221016693e-08	1.79037480677795e-08	1.19358320451863e-08	7.95722136345756e-09	5.30481424230504e-09	3.53654282820336e-09	2.35769521880224e-09	1.57179681253482e-09	1.04786454168988e-09	6.9857636112659e-10	6.98576361126588e-10	6.98576361126588e-10	6.98576361126588e-10	6.98576361126588e-10	4.65717574084392e-10
0.00148912445277054	0.00187024878387911	0.00207706794776212	0.00205567647949814	0.00183590581108276	0.00150651381369828	0.00116039242732417	0.000853926720898023	0.000603338749353115	0.000404869535007154	0.000252835600767158	0.000143909357814619	7.3462012826999e-05	3.3213159085306e-05	1.3130935121182e-05	4.63017218056633e-06	1.42735582346299e-06	3.70923808341388e-07	3.05902320501826e-07	3.05902320501826e-07	3.05902320501826e-07	3.05902320501826e-07	2.03934880334551e-07	2.03934880334551e-07	2.03934880334551e-07	2.03934880334551e-07	2.03934880334551e-07	2.03934880334551e-07	2.03934880334551e-07	2.03934880334551e-07	2.03934880334551e-07	2.03934880334551e-07	2.03934880334551e-07	2.03934880334551e-07	2.03934880334551e-07	2.03934880334551e-07	2.03934880334551e-07	2.03934880334551e-07	2.03934880334551e-07	2.03934880334551e-07	2.03934880334551e-07	2.03934880334551e-07	1.359565868897e-07	9.06377245931337e-08	6.04251497287558e-08	4.02834331525039e-08	2.68556221016692e-08	1.79037480677795e-08	1.19358320451863e-08	7.95722136345756e-09	5.30481424230504e-09	3.53654282820335e-09	2.35769521880224e-09	1.57179681253482e-09	1.04786454168988e-09	1.04786454168988e-09	1.04786454168988e-09	1.04786454168988e-09	1.04786454168988e-09	6.98576361126587e-10
0.00384706842645009	0.00482777298741354	0.00538019227390921	0.00537968126848774	0.00490270934167171	0.0041565485221105	0.0033458628938193	0.00258647186885178	0.0019121023788978	0.00132878632930443	0.000849830133989614	0.000491337107150492	0.000253748630987899	0.000116113944911903	4.68563903515963e-05	1.69600146106856e-05	5.47615973511143e-06	1.53008184884333e-06	1.17442566906331e-07	4.27006261633815e-08	1.35650748767071e-08	3.7652116187035e-09	3.05902320501826e-07	3.05902320501826e-07	3.05902320501826e-07	3.05902320501826e-07	3.05902320501826e-07	3.05902320501826e-07	3.05902320501826e-07	3.05902320501826e-07	3.05902320501826e-07	3.05902320501826e-07	3.05902320501826e-07	3.05902320501826e-07	3.05902320501826e-07	3.05902320501826e-07	3.05902320501826e-07	3.05902320501826e-07	3.05902320501826e-07	3.05902320501826e-07	3.05902320501826e-07	3.05902320501826e-07	2.03934880334551e-07	1.359565868897e-07	9.06377245931337e-08	6.04251497287556e-08	4.02834331525038e-08	2.68556221016692e-08	1.79037480677795e-08	1.19358320451863e-08	7.95722136345753e-09	5.30481424230502e-09	3.53654282820335e-09	2.35769521880224e-09	1.57179681253482e-09	1.57179681253482e-09	1.57179681253482e-09	1.57179681253482e-09	1.57179681253482e-09	1.04786454168988e-09
0.00768528738436571	0.00965405468889082	0.0108337818692236	0.0110086432779093	0.0103224929810539	0.00912494837848027	0.00772881013941713	0.0062880632891931	0.00485291097312017	0.0034819840274468	0.00227927155532823	0.00134358462039494	0.000708696930189507	0.000333860267921134	0.000141067271844651	5.44089637721752e-05	1.92650088778291e-05	6.10913218218817e-06	1.14445197666754e-06	4.01832118843455e-07	1.25892931090457e-07	3.84151780226544e-08	2.9847759804376e-08	9.06763569145551e-08	2.40688659665358e-07	5.58208488968843e-07	1.13114033261949e-06	2.0026994686567e-06	3.09809207032297e-06	4.1874737808316e-06	4.94525993957505e-06	5.10276292392049e-06	4.60045621065175e-06	3.62389540416318e-06	2.49419066980768e-06	1.49990201808375e-06	7.88089192280478e-07	3.61798779145044e-07	1.4512360745611e-07	5.08613960966507e-08	1.55746297656612e-08	4.167028101464e-09	3.05902320501826e-07	2.03934880334551e-07	1.359565868897e-07	9.06377245931335e-08	6.04251497287557e-08	4.02834331525038e-08	2.68556221016692e-08	1.79037480677795e-08	1.19358320451863e-08	7.95722136345754e-09	5.30481424230502e-09	3.53654282820335e-09	2.35769521880224e-09	2.35769521880223e-09	2.35769521880223e-09	2.35769521880223e-09	2.35769521880223e-09	1.57179681253482e-09
0.0119252161332954	0.0150520311479384	0.0171184212123705	0.0178474459166792	0.0174261738733606	0.0162448317879921	0.0145765239067051	0.0124966360955744	0.0100545147412846	0.00745035801870102	0.00501788546003643	0.00305580729150755	0.00168763576777984	0.000853649012135932	0.000402935737898723	0.000181931764525301	7.97636936422573e-05	3.36695158206529e-05	1.29634275189278e-05	6.36291870806251e-06	4.09323307920917e-06	4.1116407812787e-06	5.21189240197483e-06	6.73226205847424e-06	8.29495164120197e-06	1.01574223108995e-05	1.29952202458765e-05	1.74561579778467e-05	2.34526346922087e-05	2.97145475542311e-05	3.41226807032748e-05	3.47959711302591e-05	3.12165775890144e-05	2.45398802675945e-05	1.68755873820611e-05	1.01447202720363e-05	5.32899517998775e-06	2.44645399159746e-06	9.81314059641114e-07	3.43920633985851e-07	1.05314382895082e-07	2.81771059482721e-08	3.05902320501826e-07	2.03934880334551e-07	1.359565868897e-07	9.06377245931335e-08	6.04251497287557e-08	4.02834331525038e-08	2.68556221016692e-08	1.79037480677795e-08	1.19358320451863e-08	7.95722136345754e-09	5.30481424230502e-09	3.53654282820335e-09	3.53654282820335e-09	3.53654282820335e-09	3.53654282820335e-09	3.53654282820335e-09	3.53654282820335e-09	2.35769521880224e-09
0.0144536438494895	0.0184650441867335	0.0215233253871158	0.0233765406498523	0.0241636280778359	0.0240689201929421	0.0230379402166247	0.0208706308881641	0.0175771322307207	0.0135921751321165	0.00962065801655875	0.0062776901451657	0.00384090457754681	0.00225530534587359	0.00130189090827785	0.000748631515729468	0.000427065625180904	0.000237306249163486	0.000126732654642749	6.97965739739551e-05	4.27487534200269e-05	3.47138507764265e-05	3.7262259035873e-05	4.4389524459939e-05	5.22403971849314e-05	6.10130354917403e-05	7.39107831158126e-05	9.46169842520844e-05	0.000123203937910241	0.000153585658277489	0.000175060365133614	0.000177939941536009	0.000159418855437652	0.000125250915002465	8.61123304592644e-05	5.17611931623736e-05	2.71881545415995e-05	1.24816343336639e-05	5.00659456543706e-06	1.75465862344309e-06	5.37306494169368e-07	1.43757591287295e-07	3.05902320501826e-07	2.03934880334551e-07	1.359565868897e-07	9.06377245931335e-08	6.04251497287557e-08	4.02834331525038e-08	2.68556221016692e-08	1.79037480677795e-08	1.19358320451863e-08	7.95722136345754e-09	5.30481424230502e-09	5.30481424230502e-09	5.30481424230502e-09	5.30481424230502e-09	5.30481424230502e-09	5.30481424230502e-09	5.30481424230502e-09	3.53654282820335e-09
0.0138012113222835	0.0180784651882996	0.0220017946613643	0.0254467224286267	0.028409706663763	0.0306391990126148	0.0315106715242672	0.0303835884123566	0.0271503731893865	0.0224457583532974	0.0173210606392386	0.0126953781563123	0.00902171001076956	0.0063129247778919	0.00437000246648196	0.00297068625522392	0.00195773623731102	0.00123562890044219	0.00074644690901825	0.000447392874846178	0.000285532191716741	0.000219653917740509	0.000211848951614452	0.000231260967620867	0.000256310793724499	0.000283333778345079	0.000323421752292449	0.000392126629701614	0.000491925206502617	0.000601039199209417	0.000678666649511965	0.000687004704903328	0.000614433207075912	0.000482394226485033	0.000331555503075739	0.000199269672856659	0.000104659481534032	4.80474456646145e-05	1.9272642822006e-05	6.7544732217036e-06	2.06833527515054e-06	5.53387871460305e-07	3.05902320501826e-07	2.03934880334551e-07	1.359565868897e-07	9.06377245931335e-08	6.04251497287557e-08	4.02834331525038e-08	2.68556221016692e-08	1.79037480677795e-08	1.19358320451863e-08	7.95722136345753e-09	7.95722136345754e-09	7.95722136345754e-09	7.95722136345754e-09	7.95722136345754e-09	7.95722136345754e-09	7.95722136345754e-09	7.95722136345754e-09	5.30481424230502e-09
0.0105511857942217	0.0144793525305054	0.0189139457102877	0.023937317812987	0.0294350988145679	0.0347536180070308	0.0387483048943269	0.0403404119211261	0.0391706038254033	0.0357852416579006	0.0312274197891073	0.0264344265887457	0.0219086427843235	0.0177709929310581	0.0139970220792332	0.0105852936340748	0.00760869345898005	0.0051655767249871	0.00332183767504958	0.00207472612222965	0.0013356479418484	0.000982071211455869	0.000877324598114113	0.000897114041469278	0.000948633684531627	0.0010019510532786	0.00108320344630254	0.00124222254351093	0.00149419857669616	0.00178209406988207	0.00198888511282009	0.00200291595231126	0.0017874017388748	0.00140200440081231	0.000963245838939935	0.000578832840117317	0.000303977805108403	0.000139551207975796	5.59763489920078e-05	1.96180022536162e-05	6.00736797042226e-06	1.60728515060927e-06	3.05902320501826e-07	2.03934880334551e-07	1.359565868897e-07	9.06377245931335e-08	6.04251497287557e-08	4.02834331525038e-08	2.68556221016692e-08	1.79037480677795e-08	1.19358320451863e-08	1.19358320451863e-08	1.19358320451863e-08	1.19358320451863e-08	1.19358320451863e-08	1.19358320451863e-08	1.19358320451863e-08	1.19358320451863e-08	1.19358320451863e-08	7.95722136345753e-09
0.00671562944584992	0.00993603808589881	0.0144070574452403	0.0204671118419001	0.0280990186863823	0.0366179729796855	0.0447699963525684	0.0512691640136235	0.0553839119341664	0.057101386244376	0.0568043794830336	0.0548287303545579	0.0512815586948702	0.0461737564539412	0.0396745166097352	0.0322540339863795	0.0246495652285072	0.0176598603534257	0.0119106646401535	0.00770726251255077	0.00500592879706447	0.00353368386931723	0.00290688727444569	0.00273994934632907	0.00272738130305618	0.00273573163496577	0.00279463276034697	0.00301931214408044	0.00346064598436796	0.00400835616772234	0.00440849930911725	0.00441046449929678	0.00392486690864025	0.00307496205231469	0.00211161690932255	0.00126865367373557	0.000666146295932599	0.000305816802160425	0.000122668289967943	4.29914925209207e-05	1.3164730630165e-05	3.52225403168501e-06	3.05902320501826e-07	2.03934880334551e-07	1.359565868897e-07	9.06377245931335e-08	6.04251497287557e-08	4.02834331525038e-08	2.68556221016692e-08	1.79037480677795e-08	1.79037480677795e-08	1.79037480677795e-08	1.79037480677795e-08	1.79037480677795e-08	1.79037480677795e-08	1.79037480677795e-08	1.79037480677795e-08	1.79037480677795e-08	1.79037480677795e-08	1.19358320451863e-08
0.00396811519444676	0.00639161602161509	0.010513993087082	0.0169475967011949	0.0260370167391235	0.0375621540435594	0.0507398364450941	0.0645071486520262	0.0778515773307363	0.089898022795051	0.0997382908810918	0.106262235277676	0.10825636515498	0.104793623784261	0.0957410109514771	0.0820684074131113	0.065749096070676	0.0491959053621629	0.0345314396299831	0.0230623900739049	0.015130113893532	0.0103258179598585	0.00782482376089075	0.00669986445940837	0.00616758527680204	0.00581090567309424	0.00557974314570784	0.00565084127055775	0.00612785081483695	0.00684993501027381	0.00739644155432409	0.00733773919824842	0.00650639171300737	0.00508975083598823	0.00349300776618109	0.00209804459649927	0.00110144244056296	0.000505654098796969	0.000202826408413516	7.10844670830057e-05	2.17672801352783e-05	5.82388598515061e-06	3.05902320501826e-07	2.03934880334551e-07	1.359565868897e-07	9.06377245931335e-08	6.04251497287557e-08	4.02834331525038e-08	2.68556221016692e-08	2.68556221016692e-08	2.68556221016692e-08	2.68556221016692e-08	2.68556221016692e-08	2.68556221016692e-08	2.68556221016692e-08	2.68556221016692e-08	2.68556221016692e-08	2.68556221016692e-08	2.68556221016692e-08	1.79037480677795e-08
0.00275947555468668	0.00443902361975333	0.00804443838327044	0.0144266347170771	0.0244315178049604	0.0386346318541714	0.0572128852379423	0.0798749273744356	0.105802795095135	0.133487386823829	0.160525670992103	0.183598323465453	0.198901234953585	0.203084438977469	0.194478378830427	0.173992808663211	0.1451270255532	0.112896440715942	0.0822301964149055	0.0566469386921323	0.0376953572944131	0.025171003159887	0.0177536105739817	0.0136954566001252	0.0113992249485626	0.00987522684768789	0.00878300209399442	0.00824100062069359	0.00835507129065038	0.00892682882722854	0.00940882094296381	0.00923000687114829	0.00814507548130457	0.00635872328741836	0.00436025257487577	0.00261804448388974	0.00137410418486407	0.000630826846951134	0.000253035314066138	8.86811564345277e-05	2.71556875087314e-05	7.2655668010131e-06	3.05902320501826e-07	2.03934880334551e-07	1.359565868897e-07	9.06377245931335e-08	6.04251497287557e-08	4.02834331525038e-08	4.02834331525038e-08	4.02834331525038e-08	4.02834331525038e-08	4.02834331525038e-08	4.02834331525038e-08	4.02834331525038e-08	4.02834331525038e-08	4.02834331525038e-08	4.02834331525038e-08	4.02834331525038e-08	4.02834331525038e-08	2.68556221016692e-08
0.00261237990662686	0.00362085160655074	0.00664926833098141	0.0126845314503532	0.0230173694152743	0.0390693036708725	0.0622363511941014	0.0935267460643795	0.133083095479359	0.17953640832121	0.229416733428153	0.276960703729906	0.314785558042528	0.335571020411492	0.3344139258115	0.310795030909291	0.26909737958628	0.217216360307197	0.163972124043226	0.11657911273895	0.0791600723362176	0.0526000886757479	0.0354121266946944	0.0249606637251173	0.0185872871721923	0.0144311624771015	0.0115607171785462	0.00977621359206147	0.00901426432497765	0.00900385363905287	0.00913985796650703	0.00880724901858778	0.00771182095464436	0.00600026592455238	0.00410869887860189	0.00246551066519823	0.00129353129667549	0.000593809715418217	0.000238178315266732	8.34742317033288e-05	2.55612380612175e-05	6.83896817529148e-06	3.05902320501826e-07	2.03934880334551e-07	1.359565868897e-07	9.06377245931335e-08	6.04251497287556e-08	6.04251497287557e-08	6.04251497287557e-08	6.04251497287557e-08	6.04251497287557e-08	6.04251497287557e-08	6.04251497287557e-08	6.04251497287557e-08	6.04251497287557e-08	6.04251497287557e-08	6.04251497287557e-08	6.04251497287557e-08	6.04251497287557e-08	4.02834331525038e-08
0.00273051064556533	0.00316267990780935	0.00553995623061891	0.0108523176612495	0.0206521840974745	0.0370328055651541	0.0625908361469326	0.0999160186480267	0.150795589852322	0.214977654239518	0.288921344881317	0.365090963454297	0.43257599656504	0.479336426313236	0.495701959060589	0.477721754740112	0.428809756410009	0.358740157872689	0.280444164474663	0.206052203308268	0.143825352940953	0.0970140649839758	0.0646768820843515	0.0435396615107567	0.0298898204590216	0.0208793244949951	0.0147870646312502	0.0108390851171693	0.00857472670710135	0.00753070541575409	0.00704196477750604	0.00650142191459705	0.00557953637907548	0.00430106210235279	0.00293287177235155	0.00175642924205165	0.000920408074295495	0.000422349965070983	0.00016934983815392	5.9350471729668e-05	1.81729599571234e-05	4.86221733469875e-06	3.05902320501826e-07	2.03934880334551e-07	1.359565868897e-07	9.06377245931337e-08	9.06377245931335e-08	9.06377245931335e-08	9.06377245931335e-08	9.06377245931335e-08	9.06377245931335e-08	9.06377245931335e-08	9.06377245931335e-08	9.06377245931335e-08	9.06377245931335e-08	9.06377245931335e-08	9.06377245931335e-08	9.06377245931335e-08	9.06377245931335e-08	6.04251497287556e-08
0.00252051501858807	0.00258386485948183	0.00431876589737956	0.00862502687786149	0.0171176038696694	0.0322571270230233	0.0575300179876606	0.0969550943770789	0.154206430220375	0.230915101870634	0.324724131270725	0.427803384467739	0.526942337067418	0.605802578090434	0.649182989846717	0.647837812091976	0.601881684379313	0.521070839247651	0.4216303054414	0.320904742398891	0.232226423055166	0.162203005824273	0.111171567733636	0.0756966392077288	0.0513480998189891	0.0345274041428691	0.0228559216523052	0.0149799959116306	0.00995423520549975	0.00700879751880856	0.0053299653095625	0.0042506815021226	0.00334540412237129	0.00246095499576881	0.00163769242895675	0.00096813052184264	0.000503409600452814	0.00023010539101125	9.19748177641958e-05	3.22140087235359e-05	9.85379337323776e-06	2.63640513515335e-06	3.05902320501826e-07	3.05902320501826e-07	2.03934880334551e-07	1.359565868897e-07	1.359565868897e-07	1.359565868897e-07	1.359565868897e-07	1.359565868897e-07	1.359565868897e-07	1.359565868897e-07	1.359565868897e-07	1.359565868897e-07	1.359565868897e-07	1.359565868897e-07	1.359565868897e-07	1.359565868897e-07	1.359565868897e-07	9.06377245931337e-08
0.00190746202606019	0.00190358821611361	0.00320336331395078	0.00659392467976451	0.0136027279250727	0.0267164867485007	0.0497933400993767	0.0877333082075458	0.145795205209761	0.227733990771393	0.333343409988851	0.456086819062171	0.58226600761572	0.692694875399704	0.767214474503721	0.790765729056662	0.758735418647656	0.67898829128358	0.569261072197951	0.450818317166597	0.341423432305482	0.251006201376351	0.181576194078265	0.130161870663574	0.092297972699384	0.0642581625185688	0.0435242976363653	0.0285375182595493	0.0181032008747079	0.0112222949293958	0.00689199135002258	0.00425396394031348	0.00264205977487973	0.00162600895713534	0.000961740756091561	0.000529476221319077	0.000263836431749835	0.000118251904247532	4.66733934274004e-05	1.64653695980238e-05	5.06987274961882e-06	1.38520457768505e-06	4.42539018510339e-08	1.03808675797068e-08	3.05902320501826e-07	2.03934880334551e-07	2.03934880334551e-07	2.03934880334551e-07	2.03934880334551e-07	2.03934880334551e-07	2.03934880334551e-07	2.03934880334551e-07	2.03934880334551e-07	2.03934880334551e-07	2.03934880334551e-07	2.03934880334551e-07	2.03934880334551e-07	2.03934880334551e-07	2.03934880334551e-07	1.359565868897e-07
0.00121371413525912	0.00137644014210792	0.00253744331377083	0.00538584035987105	0.0112682434914331	0.0224165601795732	0.0425278738026757	0.076680168443379	0.131001709299086	0.210941852201555	0.318625838716557	0.449788234026237	0.592016949027485	0.725564816110469	0.827590251205678	0.878803531987962	0.87011112346983	0.80608934981853	0.703258318401378	0.583638285626305	0.466890567843449	0.365030427045298	0.281783158988369	0.215451674928485	0.162532086461991	0.120049399063933	0.0860731813688399	0.0594731998797289	0.0393564935820119	0.0248755301253425	0.0150153909067456	0.00869021666402726	0.00484801921276617	0.0026275775022074	0.00137964371824128	0.000694194156623736	0.00032665894060886	0.000143232042020285	5.62820785136524e-05	2.04506131208832e-05	6.50417682539242e-06	1.89605396321675e-06	2.51430991550511e-07	5.84340985811293e-08	3.05902320501826e-07	3.05902320501826e-07	3.05902320501826e-07	3.05902320501826e-07	3.05902320501826e-07	3.05902320501826e-07	3.05902320501826e-07	3.05902320501826e-07	3.05902320501826e-07	3.05902320501826e-07	3.05902320501826e-07	3.05902320501826e-07	3.05902320501826e-07	3.05902320501826e-07	3.05902320501826e-07	2.03934880334551e-07
0.000748575457663666	0.00114854615405033	0.00237545602166181	0.00502759846950295	0.0102146346735863	0.0197490414272995	0.0367799776388795	0.0659421166963862	0.113352106323475	0.185210620044676	0.285367225908629	0.412062144977259	0.555670854848554	0.698672754184994	0.81904571024323	0.89637941855169	0.918557871805993	0.885877166802941	0.810409793460286	0.710679091618192	0.60457192432554	0.504190287000377	0.414750408292276	0.336701797988542	0.268650300296549	0.209348719426515	0.158205850605456	0.115175453536143	0.0802952136316279	0.0534086031964232	0.0338692867605527	0.0205292049787488	0.0119422451147901	0.00670470998981685	0.00362645898444565	0.00187603329284183	0.000912472220488654	0.000415979182653318	0.000172883810726389	6.68823791732454e-05	2.34560588206242e-05	8.05095924348501e-06	2.68832958378748e-06	2.26893887646817e-06	3.15120556041888e-06	4.72261272246168e-06	6.30487365355999e-06	7.38125023824146e-06	7.55828894445026e-06	6.76232898212293e-06	5.28625784541766e-06	3.6106021252384e-06	2.15471664857868e-06	1.12351776591318e-06	5.11857373930822e-07	2.03749816980788e-07	7.08638483407734e-08	2.15343358856114e-08	5.71764879087925e-09	3.05902320501826e-07
0.00057970426470656	0.00118774101781606	0.00256400877538713	0.00521188115998163	0.00997627121103617	0.0181940611252703	0.0322680663669667	0.0559691611021546	0.0946302877946133	0.154168686748878	0.239216835676802	0.350288512430503	0.481584893422719	0.620278804495997	0.748550983893639	0.848084337880201	0.905546624096934	0.916553843190415	0.88620377191191	0.825838924285986	0.748097440933831	0.662945010049167	0.576400836998729	0.491509512269009	0.409931515934955	0.333091931189571	0.262461492395559	0.199577635269905	0.145788176068592	0.101984959970793	0.0682684769214402	0.0437911097600622	0.0269768369852038	0.0159875467028751	0.00908456403468769	0.0049119817215783	0.00249550752533696	0.00118694390590784	0.000519794613042462	0.000211785285531002	8.00009092323282e-05	3.04470440460843e-05	1.36463140072389e-05	1.36509098931595e-05	2.01373825644875e-05	3.02164353230895e-05	4.03499631556219e-05	4.7241667313552e-05	4.83747549871019e-05	4.32804315972294e-05	3.38332432049307e-05	2.31086684364672e-05	1.37906728239276e-05	7.19076725554572e-06	3.2760027083148e-06	1.30404481061148e-06	4.53544621821466e-07	1.37824609502565e-07	3.65942426115069e-08	3.05902320501826e-07
0.000592404185713711	0.00135417391457001	0.00288223517661495	0.00558972954847828	0.0100700475244512	0.0172140107159647	0.0286537811225327	0.0471161000211171	0.0766895004893907	0.122256610337462	0.188358474864603	0.277218953322721	0.387031434179268	0.510833137829377	0.637045159432192	0.75179409048867	0.842431471147551	0.900698015158933	0.924150150744065	0.915250301749752	0.879160570066333	0.821641733568876	0.748120882823736	0.663710058727281	0.573346032183285	0.48171797958341	0.39289485768253	0.310222385212542	0.23632735008382	0.173141883722186	0.121752921480578	0.082128031018613	0.0531482087253301	0.032978562429766	0.0195573375517678	0.01101525591525	0.00584472845673324	0.00291391317170821	0.00135301742538686	0.000588232552701398	0.000241672751435065	0.000102442421811871	5.69747328182516e-05	6.37031231196993e-05	9.7110452382797e-05	0.000145874436897236	0.000194839097763247	0.000228131340032215	0.000233603052273556	0.000209002421356457	0.000163381682927235	0.000111592409763639	6.65955469011559e-05	3.47244173026221e-05	1.58199092093143e-05	6.29726906403051e-06	2.19017973378882e-06	6.65558915322558e-07	1.76714626709041e-07	3.05902320501826e-07
0.00062337325993482	0.00144504373233719	0.00301600366451663	0.005675214480072	0.00982509451813084	0.0160158820721947	0.0252423556081981	0.0392517429265047	0.0608004457488854	0.0933993833454508	0.140833421561685	0.206153027098903	0.290642085097009	0.392693314794909	0.507251506750616	0.626110319420529	0.739260810192739	0.836730754475393	0.910230528847307	0.954066887204902	0.965485686848569	0.944660670178809	0.894651855906937	0.821104554191433	0.731347500526556	0.633043248755825	0.53278553047737	0.435516582912376	0.344760110474962	0.263230192164151	0.193141235398041	0.135868088972272	0.0915434308541848	0.059024649977884	0.0363574548155081	0.0213126350743875	0.0118403515880243	0.00622338357181742	0.00307850687480476	0.0014351594592126	0.000638229191265739	0.000296488610694197	0.000190048238546792	0.000227551380349823	0.000353381101940218	0.000531361204083301	0.000709864047060175	0.00083120688682541	0.000851143318606712	0.000761509803826783	0.00059528857372716	0.000406592007480786	0.000242643896311347	0.000126519989751794	5.76405568909464e-05	2.29443855170254e-05	7.98001921986532e-06	2.42499410175752e-06	6.4386775925918e-07	3.05902320501826e-07
0.00055893217118085	0.00129360895216535	0.00267944541005271	0.00499141994951254	0.00851877629760222	0.0136166091609969	0.0208740293629742	0.0313100503634761	0.0465686818009235	0.0688401551897128	0.100802806817924	0.145407250496328	0.205521123585248	0.283179349431903	0.378619437646689	0.489197145848982	0.608881538589464	0.728537403250705	0.837079052050835	0.923332680202815	0.978157538084305	0.996221308086439	0.977063435589658	0.925081956553154	0.84824287881904	0.755805988438072	0.655888687817046	0.554237326902528	0.454614279490204	0.360120572534336	0.274117125979812	0.199848992059605	0.139418246992705	0.0930780949650819	0.0594904639985141	0.0363465775508583	0.0211872238704378	0.0117530987555175	0.00616763564431127	0.00305329590720815	0.00144084368123514	0.000712408453951724	0.000496140993287901	0.000618242973027047	0.000970410130132807	0.00146041017502639	0.001951372825405	0.00228506080407557	0.00233986780767316	0.00209345739577511	0.00163650062156391	0.00111775717245699	0.000667049402016919	0.000347814574321004	0.000158458958129704	6.30761328491813e-05	2.19377743665327e-05	6.66652196928254e-06	1.7700490732341e-06	3.05902320501826e-07
0.000396597241811526	0.00091985588505114	0.0019128288027576	0.00358363973472661	0.00615627639584167	0.00990013749942329	0.0152077662494832	0.0226703377714762	0.0332000729248361	0.0480150772764352	0.0687633194433049	0.0977669716507653	0.138156427929388	0.193599436794963	0.26748228651749	0.361237418646332	0.472727725668563	0.595261827368774	0.717942381038334	0.827655804395304	0.911938530444967	0.961777000329157	0.973476497956823	0.949158316895915	0.895624679618564	0.821759281603271	0.735486728597261	0.642072828461148	0.544647290610613	0.446175411626142	0.350952099520022	0.264182692659155	0.190269837278992	0.131307289863784	0.0869978095750929	0.0553144219804369	0.033682880604403	0.0195436782877316	0.0107147755487414	0.005519510347565	0.0026953060397147	0.00137775921871602	0.00100053870390794	0.00127359184070399	0.00201107987786149	0.00302857120925742	0.00404736093094678	0.0047396998013554	0.0048533811281722	0.00434227377459893	0.0033944486978684	0.00231846497861627	0.00138360165847441	0.000721441051317976	0.000328677421200695	0.000130833251265048	4.55035877477666e-05	1.38277777104153e-05	3.67145645570293e-06	3.05902320501826e-07
0.000217446250328566	0.000508090881683995	0.00107087849141453	0.00204438208382367	0.00359466102006024	0.00593947792708038	0.00937944404643072	0.0142987204463926	0.0212437898038886	0.0309144660003145	0.0443102248255893	0.0630948771047724	0.089934869367064	0.128547616807636	0.183246231057218	0.257344119208579	0.351304209464542	0.461167096130716	0.578231545862478	0.690615950253304	0.785917998029448	0.854127542766435	0.889723162447191	0.892545052402687	0.867074971214109	0.820069028710745	0.757534864945278	0.682979549601393	0.598130186558502	0.505344817198616	0.40945885922713	0.317273125913359	0.235252610366851	0.167316440014513	0.114403760496392	0.0751338892238501	0.0472211055304234	0.0281880273291818	0.015822125686411	0.00829811688216601	0.00410143520511163	0.00211660759247858	0.00155478394541398	0.00199010257447424	0.00314755663909711	0.00474001721748509	0.00633444196653938	0.00741793208376282	0.00759569509667337	0.00679574211762671	0.00531236135317681	0.00362842696225573	0.0021653524484609	0.00112906351139682	0.000514383930079613	0.000204755537283212	7.12136361935446e-05	2.16406305518855e-05	5.74587141976957e-06	3.05902320501826e-07
9.14454637974039e-05	0.000216570404940699	0.000466906025799441	0.000921441866447344	0.00168470408482233	0.00291599248286751	0.00484710231119337	0.00776382631700727	0.0120754780108808	0.0182949169940401	0.0271354432199773	0.0397766118991137	0.0581726825347751	0.0852089201926503	0.124582650808233	0.179676979213485	0.252116490870975	0.34025953580478	0.438513141227025	0.538181946038414	0.629306648210043	0.703006489216531	0.753352761419505	0.778407876549932	0.779949209843372	0.761654866822939	0.726598585774268	0.675866277648146	0.609538709919157	0.529242820363365	0.440001785819998	0.349551398476453	0.26569007198067	0.193686287575135	0.135617738671701	0.0909953526173421	0.0581839672211	0.0351415225001417	0.0198444130375524	0.0104197317030577	0.00513178966802461	0.0026235414772094	0.00188893530939898	0.00237427394519469	0.00372922603686165	0.00560319399526821	0.00748290607759357	0.00876068468353485	0.00896969474934075	0.00802471673994362	0.00627297756261806	0.00428451789434945	0.00255688127994051	0.0013332154579299	0.000607392409701076	0.000241778469189035	8.40901504922173e-05	2.55535874464937e-05	6.7848128283211e-06	3.05902320501826e-07
2.949031738875e-05	7.12609702419336e-05	0.000158670826853007	0.000330838713165905	0.000641132751487931	0.00119003108793324	0.00214228209992042	0.00371721585937585	0.00625692487049782	0.0101970105083491	0.0161050208505829	0.0247934259818848	0.0375086230983902	0.0560813930811737	0.083031821166424	0.120999841732448	0.171931713321573	0.235970557258502	0.310636521546536	0.390928260804182	0.47015204956819	0.541424610756956	0.599167979423987	0.640204574226333	0.66383593603403	0.670633487910099	0.660653142234758	0.632657706037702	0.585378825849234	0.519949936821835	0.441431984550518	0.357869161156138	0.277530363546147	0.20630732520756	0.147027007512523	0.100057777396746	0.0645613373594506	0.039132030464589	0.0220751477098648	0.0115534199604195	0.00566603229714105	0.00285438482651188	0.00193323905022679	0.00224519919433198	0.0033922165676776	0.00502797638794863	0.00668454670200142	0.00781306899291729	0.00799451728191301	0.00715057383061313	0.0055891393207417	0.00381731465316579	0.00227801709249609	0.00118780939301764	0.000541150472144409	0.000215420092973219	7.4956341363205e-05	2.28778315985234e-05	6.33372849604666e-06	6.55627786670953e-07
7.34510116601332e-06	1.82507351331596e-05	4.23868278028834e-05	9.74337858924867e-05	0.000205814800342724	0.000423238457037298	0.00085413610607118	0.00165199830887331	0.00307432876766878	0.00545314457438603	0.00919736974730159	0.0148060028064693	0.0229627789050637	0.0346554221303605	0.0513922960677047	0.0750531263190571	0.107600164453459	0.150401218947899	0.203410866602093	0.264720354634744	0.330542705422687	0.395952066504581	0.456007408514854	0.506835940612294	0.545911239100019	0.571318190267387	0.580633376148562	0.57078980836547	0.539623378053189	0.488102449584129	0.421371499969453	0.347448556476707	0.274422581128526	0.208052451941709	0.151263592676507	0.104886693958278	0.0687709331630668	0.042251943598121	0.0241622876827264	0.0128963781230117	0.00653122666742296	0.00337978189435095	0.00211386502683504	0.00198130135784799	0.00255086938478211	0.00352513048046786	0.00456553765019665	0.00528380902669818	0.00538652928300908	0.00481104042032434	0.00375840476011582	0.00256640950811204	0.00153132664727051	0.00079846818594898	0.000363788792117951	0.000144876083554918	5.06136073775243e-05	1.60523064448991e-05	6.00671034342048e-06	4.4100818917338e-06
1.4180477472952e-06	3.6497226583531e-06	8.91160741562476e-06	2.47240142436022e-05	5.91856289649241e-05	0.000139639406303419	0.000322999874622292	0.000699160084809028	0.00142429760048021	0.0026993360311784	0.0047618492288431	0.00786861267744555	0.0123469985049341	0.0186842376539018	0.0277681533671078	0.0409494949085111	0.0600584202441183	0.0870595079164923	0.123333591655452	0.168996141959333	0.222376585054172	0.280222243203847	0.338451256311093	0.393103678661081	0.440643378046184	0.477529952070155	0.49963201186871	0.502644476860028	0.48389071427347	0.444375688055624	0.38936230565444	0.32666326762647	0.263737592424827	0.205529345362475	0.154322343411595	0.110837781788062	0.0753957792537788	0.0481880460948536	0.0288898315125696	0.0164486576329719	0.00913367186635998	0.00521466821767212	0.00323829914389125	0.00235240733729727	0.00209706812382742	0.00222872450454712	0.00253498506821806	0.00277662237610973	0.00276992705225807	0.0024531577697084	0.00191011162146622	0.00130269203110916	0.000776681835333795	0.000404979393014474	0.000184598776059514	7.38183808290736e-05	2.68206323508012e-05	1.1559252630098e-05	1.19234016806727e-05	2.23820779200247e-05
7.58478947380656e-08	2.66552553112417e-07	8.83140257547061e-07	4.86247643697946e-06	1.4905003166264e-05	4.26736223197015e-05	0.000113807482848089	0.000270284330108107	0.000585388532770544	0.00115216870920169	0.00207797530798045	0.00347266773333712	0.00548266661461487	0.00835287659560712	0.0126345018819574	0.0193003952701181	0.0298891694330227	0.0463744621817025	0.0706277739308938	0.103787358916041	0.145567813893139	0.194151228977552	0.24654341117127	0.299243803575578	0.348451567362825	0.389852774981687	0.418481933177296	0.429520208135841	0.420184958545401	0.391546065946417	0.348724799709626	0.298916737343525	0.24848336675192	0.201067670490861	0.157854794480137	0.119089981061622	0.0853966788037883	0.0578578698753725	0.0371916517286097	0.0231315752677296	0.0143246606858454	0.00910054446680583	0.0059431831083077	0.00394519458233176	0.00265500579884426	0.0018807085545254	0.00148333635361904	0.00129004247312188	0.00114955656207954	0.000969804891996631	0.000740277417836376	0.000501030457428784	0.000297282796155553	0.000154995883049232	7.09794075547782e-05	2.95429840829287e-05	1.46661311559348e-05	1.75105020635241e-05	3.85548247559618e-05	8.57074550002156e-05
1.12727092378874e-08	3.95177066175239e-08	1.31548754175958e-07	1.26847242516612e-06	4.2270036018375e-06	1.30089886332333e-05	3.66693608324773e-05	9.04118198038764e-05	0.000200692073409997	0.00040067643438371	0.000728521230091224	0.00122633285852732	0.00196063277661142	0.00306374451628275	0.00488455214375802	0.00808329306145905	0.0138037724889422	0.0236550153239695	0.0393814865233857	0.0624176604608402	0.0932619352159571	0.131224933855857	0.174435698113413	0.220172233416463	0.264948688793294	0.304476445145231	0.333887878435038	0.348675364333247	0.346381591649836	0.328013936672047	0.297987130891984	0.26221621193701	0.225544398888124	0.190240849588565	0.156515062833611	0.124186859014275	0.0940347737933467	0.0677381367236758	0.0468060770640393	0.0316631148661602	0.0214227522957792	0.0146527410679081	0.00997535227333447	0.00657745916340731	0.00409754891438365	0.00239824153912736	0.00135799342378801	0.000788138762667147	0.000497478763892239	0.000338493038779171	0.000231753233678961	0.000149730027965546	8.61804492289022e-05	4.48511352361583e-05	2.1478876527399e-05	1.22685854915561e-05	1.69539944785752e-05	4.28672528285127e-05	0.000109342888539757	0.00024762885072391
3.05902320501826e-07	3.05902320501826e-07	3.05902320501826e-07	2.55342224101135e-07	9.41122253194479e-07	3.20826699420183e-06	9.56219381075727e-06	2.45289481494743e-05	5.60510243374847e-05	0.000114338008264576	0.000211634696056094	0.000366308737240988	0.000609449570102855	0.00101469039641977	0.00179450300954613	0.00336096193447455	0.00648267541448062	0.0123035818442442	0.0221731896789103	0.0373770695473214	0.0586785290884339	0.0860533613254662	0.118512498685752	0.154188180652548	0.190335294894833	0.223375541640611	0.249292234047239	0.26446699250658	0.266976041764928	0.257540324740006	0.2393737260389	0.216680568151343	0.192743865285367	0.168864308769412	0.144843998829244	0.120360797159577	0.0960889589257532	0.0736274602512772	0.0545780860934498	0.0396845139909767	0.0285784648097902	0.020360154618187	0.0141130484051102	0.00930811224992776	0.00572087298532074	0.00323021179591336	0.00167501602389615	0.000806644752898447	0.000371904785097063	0.000172219829270544	8.31285282994799e-05	4.26496400833716e-05	2.03474657728154e-05	1.02192225258656e-05	6.88370933211701e-06	1.08223113656407e-05	3.14210447862867e-05	9.17657238994119e-05	0.000237915513071809	0.000539819205230374
2.03934880334551e-07	2.03934880334551e-07	3.05902320501826e-07	5.4437210764262e-08	2.00640809143235e-07	1.08564237100521e-06	3.50797980095441e-06	9.93824993361121e-06	2.51265153168811e-05	5.65875066923205e-05	0.000114086464116573	0.000212613578277614	0.000365719701492641	0.00060702381850031	0.00104852386638425	0.00192227406047158	0.00371231795325911	0.00717479734002065	0.0132445246854757	0.0228656054260037	0.0367004436551524	0.0549398887114577	0.0771373140922379	0.102215016594049	0.128403849476865	0.15322850868623	0.173829430615862	0.187557888921669	0.19290957235691	0.190149607703704	0.181219741830404	0.168749641380564	0.154845793241232	0.140396738932268	0.125299742903453	0.109242011890175	0.0924338721337587	0.0756875636927813	0.0600246872884986	0.0462118490697471	0.034530122463842	0.0249475270494742	0.0172812412402687	0.0113614708122859	0.00701849551590646	0.00403528774973268	0.00215097592577586	0.00105943210777362	0.000480577815405143	0.000201169759386366	7.76426200474686e-05	2.87777137640609e-05	8.77568612394012e-06	3.22752940808513e-06	4.95916003732364e-06	1.51832082135856e-05	5.07708680711764e-05	0.000150659101064571	0.000391248583196295	0.000887891436972588
1.359565868897e-07	2.03934880334551e-07	3.05902320501826e-07	8.75656023670662e-09	3.22743084470763e-08	1.46918663192256e-06	5.31648015182434e-06	1.68427749630007e-05	4.67633679520888e-05	0.000113713477534574	0.000242205642149421	0.000457419702487856	0.000761873079444712	0.00114117973049035	0.00160132635164469	0.00221792663716024	0.00325988351434617	0.00521508551023511	0.00871270371611166	0.014383038028436	0.0226796715004645	0.0337914392170771	0.0475853150898461	0.0636372933377722	0.0811155332348582	0.0986245323421341	0.114323607634766	0.126288300949951	0.133235081058827	0.135009614398758	0.132603034492724	0.127549745874266	0.121213133163714	0.114328120352813	0.106951110891392	0.0986798799000185	0.0890343368870768	0.0777809645672882	0.0651904455248588	0.0520702096473027	0.0395132455403982	0.0285217004006703	0.0196718155443341	0.0130335999693906	0.00831106633781993	0.0050713178884971	0.00293206293353746	0.00158145312473492	0.000781419402858552	0.000349017204837331	0.000139459786740864	5.01578973996078e-05	1.48595390462312e-05	4.23467810134821e-06	5.8006394112663e-06	1.84819053366368e-05	6.28818273845243e-05	0.000186931637243162	0.000485534068562141	0.00110188393275379
9.06377245931337e-08	1.359565868897e-07	2.03934880334551e-07	3.05902320501826e-07	3.05902320501826e-07	3.30178408042593e-06	1.21224516032951e-05	3.88876314136046e-05	0.000108996303019037	0.000266926250860494	0.000571177656787938	0.00107192296131197	0.00176067598156224	0.00254601781237713	0.00328209028930612	0.00385699868381631	0.00434719501847927	0.00507484496611848	0.00652499195387709	0.00918346323401358	0.0134003132734312	0.0193687307105467	0.0271629766109466	0.0368075385043143	0.0481228238325331	0.0604642564652859	0.0726772680493166	0.0833241487074539	0.0913072616946667	0.096288768987092	0.0987307232485228	0.0994588023621036	0.0992193021570982	0.0984215812740612	0.0970079020090258	0.0943847944282137	0.089570527759898	0.0816722621689033	0.0705741617950387	0.0573019918963737	0.0437017364305722	0.0315910568263797	0.022020872477586	0.0150688197362502	0.0101856495365983	0.00671337920976291	0.00421097278482072	0.0024460489839973	0.00128559623263713	0.000602253635950059	0.000250585653640961	9.23814857216422e-05	2.92152642977332e-05	8.32577912153267e-06	6.51723771108733e-06	1.73056203125549e-05	5.8879699330514e-05	0.000175034331126116	0.000454632143510126	0.0010317542818998
6.04251497287558e-08	9.06377245931337e-08	1.359565868897e-07	2.03934880334551e-07	3.05902320501826e-07	6.03444141548997e-06	2.21553627464217e-05	7.10722227245981e-05	0.000199204971933998	0.000487842567484376	0.00104385403047157	0.001953736162537	0.00319641941523954	0.00457919354573611	0.00576542879326017	0.0064252094500803	0.00645860117846591	0.00610531204728648	0.00585419984898321	0.00622602195209143	0.00761630689882326	0.0102875459012879	0.0144521937399768	0.0203522176894559	0.0281020129647837	0.0374112392139937	0.0474965982589176	0.0572929084630731	0.0660046082042061	0.0734116490889751	0.0797709763862435	0.0853404885488867	0.0900769116304625	0.0936648825715682	0.095622469007517	0.0952800768393496	0.0917728518558551	0.0843852974470069	0.0732138493216786	0.0595672272811284	0.04561439523807	0.0333830259067545	0.0239235386057031	0.0171309165837584	0.0122477472510594	0.00853035726487614	0.00559884346529349	0.00336346118358472	0.00181076186328221	0.000862141033129514	0.00036344675991911	0.000134855196100629	4.33389862335776e-05	1.23507637327761e-05	6.21503864866211e-06	1.2226215523153e-05	4.15978093215795e-05	0.000123659679205275	0.000321192217899019	0.000728922164569358
6.04251497287557e-08	9.06377245931335e-08	1.359565868897e-07	2.03934880334551e-07	3.05902320501826e-07	8.32127602412613e-06	3.05514423181531e-05	9.8006019483666e-05	0.000274696437119443	0.00067271722117237	0.00143943251143648	0.00269201398599995	0.00439944131869721	0.00628607852928775	0.00786130773566989	0.00862352232489739	0.00834908536923879	0.00724625640928757	0.00586159457153543	0.00481327234822793	0.00459416127322203	0.00554713450579194	0.00795475183597158	0.0120963874426495	0.0181135294622246	0.0257815812011936	0.034482781278493	0.0434925660197745	0.052459190630394	0.0615286954703624	0.0709647716640517	0.0804897493188636	0.0890623492290337	0.0952973763764286	0.0980833876581565	0.0968810776135147	0.0916054217961593	0.0825324194426051	0.0704738308662557	0.0569310421472797	0.0438096821189224	0.0326697471855585	0.0241478928638875	0.0179193088379005	0.0132128670215689	0.0093990576664706	0.0062430450941298	0.00377423145168677	0.00203977541091806	0.000974321345569389	0.000412997893822787	0.000154474041088161	5.03906540773369e-05	1.4829999506495e-05	5.59301273854435e-06	6.7171729526306e-06	2.22456362655712e-05	6.59404770554737e-05	0.000171218755688535	0.000388554861814949
6.04251497287557e-08	9.06377245931335e-08	1.359565868897e-07	2.03934880334551e-07	3.05902320501826e-07	8.65779359203116e-06	3.17869616105173e-05	0.000101969443749497	0.000285805331556257	0.000699922323190425	0.00149764405573661	0.00280021961931531	0.00457479129583559	0.00653154062941182	0.00815204126065219	0.00890040090724529	0.00852003544829	0.00719344785919374	0.00545896889587738	0.00394655256386753	0.00317479208022745	0.00351217374267134	0.00524973676367988	0.00861308742216127	0.0136557977817226	0.0201039941924106	0.0274347687316269	0.0352615051870385	0.0437334934048184	0.053462388218664	0.0648379261950231	0.077159466705372	0.0884551928046898	0.0962653310670553	0.0988174550105472	0.0957379998766352	0.0878919027031915	0.0767738880304367	0.0640176833341456	0.0511797796069782	0.0395752531619692	0.0300010711288806	0.0225915921421706	0.0169349387796766	0.0124547595734572	0.00875794971387554	0.00573599990427048	0.0034304982004194	0.00184668495443889	0.000888180408488962	0.000385462500302065	0.000151597716864214	5.39443246414245e-05	1.86167781249604e-05	6.87254700337686e-06	4.00247640491909e-06	9.41572561506723e-06	2.66738890484486e-05	6.89065835864999e-05	0.000156284683725347
6.04251497287557e-08	9.06377245931335e-08	1.359565868897e-07	2.03934880334551e-07	3.05902320501826e-07	6.79655716338448e-06	2.49534594859179e-05	8.00482416212675e-05	0.000224363430806443	0.000549454318692825	0.00117568331088254	0.00219807448641718	0.00359069722651991	0.00512531779830876	0.00639309664472049	0.00697008119861988	0.00665069349621886	0.00557155446440084	0.00415379777973903	0.00290191448551597	0.00224586941910807	0.00250479089554329	0.0039304220472286	0.00667416888009228	0.0107075893514091	0.0157373423424466	0.0213653198339007	0.0275146122205062	0.0347307141953342	0.0439677712455759	0.0557432922062842	0.0691864426986345	0.0818806204155521	0.0908023503540741	0.0937726297021187	0.0904112062337318	0.0820067049320974	0.0706473397583435	0.0583395915307077	0.0465631233003423	0.0361976292974822	0.0275880681500835	0.0206812334708787	0.0151946509330711	0.0108206239531934	0.00735551772572777	0.00470508763557651	0.00280925709169443	0.00156060529722058	0.000813916589958248	0.00040782766976877	0.000199137381295535	9.37692857630915e-05	4.3635754512468e-05	1.92268758611955e-05	7.99884249239091e-06	5.30629399290652e-06	8.89455009425765e-06	2.11386549317136e-05	4.74827698623242e-05
6.04251497287557e-08	9.06377245931335e-08	1.359565868897e-07	2.03934880334551e-07	3.05902320501826e-07	4.02564215187769e-06	1.47800858474146e-05	4.74130604521828e-05	0.000132891824887491	0.00032544513533667	0.000696364376812074	0.00130190378494764	0.00212667951048463	0.00303537599847457	0.00378550010849321	0.00412535168214316	0.00393353365853018	0.00329071275870259	0.00245068791070995	0.00172478809517224	0.00139124723707195	0.00167185220816948	0.00274927578623624	0.00471343692636848	0.00751033810867386	0.0109096647921139	0.0146804451084465	0.0189628507752354	0.024458134795613	0.0321857996647369	0.0427087829247325	0.0553056272112894	0.0678356191218171	0.0775400169609256	0.0822997653875004	0.0814864889422815	0.0759053227801616	0.0671131476007485	0.0567197927993774	0.046040582004814	0.0360230050697862	0.0272586629591848	0.0200145340401408	0.01429378850778	0.00994245629910101	0.0067483984050748	0.00448843029056118	0.00295015837896326	0.00192451113868552	0.00124983763906539	0.00079803977690627	0.0004890347188349	0.000278373312217583	0.000145870924852212	6.84693300657716e-05	2.85267563598899e-05	1.08699394074456e-05	5.19102620264487e-06	5.74045813536317e-06	1.10963422953214e-05
6.04251497287557e-08	9.06377245931335e-08	1.359565868897e-07	2.03934880334551e-07	3.05902320501826e-07	1.79906065822134e-06	6.60522469957122e-06	2.1188910620286e-05	5.93893955136596e-05	0.000145441526420978	0.00031120544421095	0.00058181716634807	0.000950398197564046	0.00135645817097258	0.00169157914626303	0.00184319528365304	0.00175782068131024	0.00147206897690683	0.00110303757206159	0.000798596576668423	0.000699482805420919	0.00092846571029034	0.00159401334944854	0.00274382907172452	0.00434073646147607	0.00625963520579303	0.00842185854134747	0.0110554563099833	0.0147888720100492	0.0204808758579914	0.0286841652829829	0.0390799796535386	0.0503510159364948	0.0606251030505854	0.0681845294158494	0.0719550797837233	0.0715582199814342	0.0671814524949478	0.0595194504576386	0.0497638947205402	0.0394128779184281	0.0298595145569693	0.0219945155500713	0.0160692916819358	0.0118508933665921	0.00890397692641648	0.00680221179062136	0.00523269286033926	0.00397929405895079	0.00294095007765283	0.00206148592182657	0.0013418298645229	0.000794911373342738	0.000424131370079316	0.000200945968012938	8.42263999975276e-05	3.05973279340914e-05	1.02801054696064e-05	3.67034051105492e-06	2.58505500938606e-06
6.04251497287557e-08	9.06377245931335e-08	1.359565868897e-07	2.03934880334551e-07	3.05902320501826e-07	6.06625822100026e-07	2.22721776790687e-06	7.14469535293099e-06	2.00255287184791e-05	4.90414734652898e-05	0.000104935460388043	0.000196182505802253	0.000320462728173241	0.0004573766791714	0.000570360907467402	0.000621447905751752	0.000593033358584405	0.000497822316557566	0.000377239697828601	0.000285562892663329	0.000278595270904901	0.000409944351635608	0.000731036802518715	0.00126374841569666	0.00199521534914728	0.00288582895043147	0.00394690876027945	0.00539922327758352	0.00770989187942888	0.0115378004329477	0.0174543571270352	0.0256268769492127	0.0356534038343448	0.0465994871180765	0.0571224727175121	0.065617052394288	0.0704369306729417	0.0703953793430808	0.0653753789603571	0.0566077717559834	0.0462649015550326	0.0365256892651573	0.0287275825849488	0.0231040045770286	0.0191251306686102	0.0160714311439491	0.0134235502198686	0.0109630828545963	0.00863691677742279	0.0064989244464203	0.00459313389736261	0.00299988057348185	0.00178183059590999	0.000950721451391879	0.000450370852786411	0.000188815094846149	6.8430629530896e-05	2.23578929603021e-05	6.38249455513553e-06	1.59194946172402e-06
6.04251497287557e-08	9.06377245931335e-08	1.359565868897e-07	2.03934880334551e-07	3.05902320501826e-07	1.54333578407571e-07	5.6663345919573e-07	1.81770435790643e-06	5.09475758207481e-06	1.24767951091771e-05	2.66969596636495e-05	4.99114067327542e-05	8.15299279777017e-05	0.00011636263575515	0.000145107307711539	0.000158104511206818	0.000151041771332048	0.000127294030342559	9.81348910479104e-05	7.90247689073259e-05	8.73049574674611e-05	0.000141257339062793	0.000260099306698627	0.000452228945340348	0.000719068178749937	0.00106439199957016	0.001532406429221	0.0023106101281802	0.00374885169154885	0.00640219620699891	0.0109182792716599	0.0178532842267973	0.0274220194395463	0.0392335355006625	0.0520594714108844	0.0638625986987382	0.0722299105455704	0.0752929715819734	0.0726608637145183	0.0657255689187358	0.0570143582394727	0.0489106964146217	0.0426060723229722	0.0379107960862515	0.0338844043865058	0.0296946002313369	0.0250808628785973	0.0202896409387807	0.015682064635362	0.0115537847690112	0.00802311426409271	0.00517421244803479	0.0030495290163128	0.00161881701430337	0.000764462752092481	0.00031985896751435	0.000115878815151449	3.78603289679367e-05	1.08079658455539e-05	2.69576969655493e-06
6.04251497287557e-08	9.06377245931335e-08	1.359565868897e-07	2.03934880334551e-07	3.05902320501826e-07	2.96254124717755e-08	1.08769265393764e-07	3.48921096175917e-07	9.77974439328281e-07	2.39500830116869e-06	5.12466859084483e-06	9.58084447183307e-06	1.56502413153084e-05	2.23366237996862e-05	2.78543651224787e-05	3.03492694621578e-05	2.9040155827915e-05	2.46150743347744e-05	1.94429449474725e-05	1.69548122694965e-05	2.13587647954095e-05	3.7463401424901e-05	7.08551880618466e-05	0.000124106651911621	0.000204264196136287	0.000329497096744348	0.000552003584012545	0.00104258547296256	0.00211179747267484	0.00430378039267961	0.00834744278127511	0.0149963997568725	0.0246930288228303	0.0371731875219676	0.0511568738132953	0.0644605726594256	0.0745962360243254	0.0797847840072574	0.0798185869575504	0.0761794455540918	0.0712173406693206	0.0667927849461612	0.0633156075642833	0.0598238863536354	0.0549742782977074	0.0481360048680342	0.039780518720012	0.0310648510814728	0.0230411756637159	0.0163023990052448	0.0109444605842334	0.00688490769163851	0.00399147635367779	0.00209653669523986	0.000983544651279672	0.000409727856720054	0.000148054633394796	4.83729240606078e-05	1.38089901844061e-05	3.44429819737633e-06
6.04251497287557e-08	9.06377245931335e-08	1.359565868897e-07	2.03934880334551e-07	3.05902320501826e-07	4.29074625567445e-09	1.57534116585005e-08	5.05353938403044e-08	1.41643265479964e-07	3.46876956070711e-07	7.4222266402835e-07	1.38762532278266e-06	2.26667609735516e-06	3.23508693842562e-06	4.03423962340875e-06	4.39558485240574e-06	4.21584657720342e-06	3.60321397151954e-06	2.94493066104411e-06	2.8365846972878e-06	4.07683472344664e-06	7.64254846096943e-06	1.48146170271704e-05	2.62330644805328e-05	5.13017897348397e-05	0.000110040549210142	0.000256516471516392	0.000656539064987013	0.00161391302865793	0.00367277020359766	0.00757860646750185	0.014105042131332	0.023686432816758	0.0360355858793995	0.0499108241666489	0.063334095633083	0.0742186937525894	0.081228387598152	0.0843994692372336	0.0850690475765817	0.0850074335841918	0.0851542645663755	0.0848735612213693	0.082362996946904	0.0759969327784063	0.0655912897065938	0.0526262662539151	0.0393914666828658	0.0277516344374324	0.0185867987714711	0.0118634044503153	0.00716637210836809	0.00403563419357883	0.00207855255864075	0.000962798558482072	0.000397732156142939	0.000142726431416855	4.66320754039418e-05	1.33120311421468e-05	3.32034451860869e-06
4.02834331525038e-08	6.04251497287556e-08	9.06377245931337e-08	1.359565868897e-07	2.03934880334551e-07	3.05902320501826e-07	3.05902320501826e-07	3.05902320501826e-07	3.05902320501826e-07	3.05902320501826e-07	3.05902320501826e-07	3.05902320501826e-07	3.05902320501826e-07	3.05902320501826e-07	3.05902320501826e-07	3.05902320501826e-07	4.99250357302358e-09	1.93273659850779e-08	6.53741717824813e-08	1.93205271745324e-07	4.98897109523488e-07	1.12559523604394e-06	2.30119348015436e-06	4.15361552413812e-06	1.67156454070149e-05	5.69349143186187e-05	0.000175952835366761	0.000524497189850147	0.00137953093304028	0.00322926199742669	0.00673842925875351	0.0125855105437385	0.0211417159723787	0.0321793785723543	0.0447260158488603	0.0572753504712406	0.0682869898449694	0.0767967594310659	0.0828503074966525	0.0873956717228943	0.0915123920326451	0.0953122809242186	0.0973814329065176	0.0954048936282413	0.0877033915211974	0.074552090259569	0.0582430985401606	0.0419135423584856	0.0280197936126538	0.0176202305159581	0.010526481456597	0.00598810463485064	0.0032146887468845	0.00159889275060845	0.000723024312752619	0.000293962041061821	0.000103812884423801	3.39181061720269e-05	9.68258182235008e-06	2.41507153465354e-06
2.68556221016692e-08	4.02834331525039e-08	6.04251497287558e-08	9.06377245931337e-08	1.359565868897e-07	2.03934880334551e-07	2.03934880334551e-07	2.03934880334551e-07	2.03934880334551e-07	2.03934880334551e-07	2.03934880334551e-07	2.03934880334551e-07	2.03934880334551e-07	2.03934880334551e-07	2.03934880334551e-07	2.03934880334551e-07	3.05902320501826e-07	3.05902320501826e-07	3.05902320501826e-07	3.05902320501826e-07	3.05902320501826e-07	3.05902320501826e-07	1.35718382029015e-08	5.26690534600052e-08	8.79215731247843e-06	3.80658190398635e-05	0.000128834200141796	0.000397590077939893	0.00105871771991728	0.00248220590721417	0.00517490875646157	0.00966335544251547	0.016272017858289	0.0249411638188331	0.0351213426267229	0.0458771142025652	0.0561698460986191	0.0652295689847653	0.0728959653188034	0.0796100245178047	0.0858546786530144	0.091274223769365	0.0942414575492889	0.0924907076751094	0.084567789407495	0.0710246295353688	0.0543892917279725	0.0379530726868931	0.0242569784426105	0.0143504502026936	0.00796003447927277	0.00418675041944729	0.00209173706581622	0.000980656022297473	0.000424025693216702	0.000167132483747831	5.69721429671816e-05	1.86141364314671e-05	5.31376658047937e-06	1.32538269707017e-06
1.79037480677795e-08	2.68556221016693e-08	4.02834331525039e-08	6.04251497287558e-08	9.06377245931337e-08	1.359565868897e-07	1.359565868897e-07	1.359565868897e-07	1.359565868897e-07	1.359565868897e-07	1.359565868897e-07	1.359565868897e-07	1.359565868897e-07	1.359565868897e-07	1.359565868897e-07	1.359565868897e-07	2.03934880334551e-07	2.03934880334551e-07	2.03934880334551e-07	2.03934880334551e-07	2.03934880334551e-07	3.05902320501826e-07	1.90313824418124e-09	7.38562370299498e-09	5.87783680620423e-06	2.43143729059916e-05	8.16746579575722e-05	0.000251114034801563	0.000668819482074197	0.00156524841495697	0.00326622475406813	0.00613247768176445	0.0104419301530492	0.0163017352103456	0.0235560970572645	0.0317780545066605	0.0403495248527257	0.0486434325496639	0.0562950939483625	0.0633022416426586	0.0697107382042521	0.0750024736411147	0.0777765943060302	0.0762446199415768	0.0693629119710901	0.0577519602916179	0.0436320684939412	0.0298091450796283	0.0184351782319065	0.0103806637284233	0.00537634350746891	0.00259897469724006	0.00118725600065257	0.000513745239363376	0.000210773588880899	8.30293881547552e-05	3.04795004962284e-05	1.26850915621288e-05	5.34259612689972e-06	2.28207787859965e-06
1.19358320451864e-08	1.79037480677795e-08	2.68556221016693e-08	4.02834331525039e-08	6.04251497287556e-08	9.06377245931335e-08	9.06377245931335e-08	9.06377245931335e-08	9.06377245931335e-08	9.06377245931335e-08	9.06377245931335e-08	9.06377245931335e-08	9.06377245931335e-08	9.06377245931335e-08	9.06377245931335e-08	9.06377245931337e-08	1.359565868897e-07	1.359565868897e-07	1.359565868897e-07	1.359565868897e-07	1.359565868897e-07	2.03934880334551e-07	3.05902320501826e-07	3.05902320501826e-07	3.06375986667674e-06	1.22569930953392e-05	4.09143212800063e-05	0.000125527855816724	0.000336291218211484	0.000789358595368723	0.00165984300442055	0.0031634248210489	0.00551129444730357	0.00888526675483443	0.0133621257088243	0.018854620697832	0.0250744224151121	0.0315885426034546	0.0379991827135225	0.0440706781601413	0.0495950375933033	0.0540348899829569	0.0563309519429568	0.0552433073776166	0.0501202397206057	0.041513260275715	0.0311053976412585	0.0209732388103204	0.0127000428404321	0.0069177775392554	0.00341129515245229	0.00154920298309448	0.00066904341283946	0.000290676867949726	0.000140021983418888	7.95683833873029e-05	5.0558990535104e-05	3.36134497733376e-05	2.03875216703534e-05	1.10378699768849e-05
7.95722136345758e-09	1.19358320451864e-08	1.79037480677795e-08	2.68556221016692e-08	4.02834331525038e-08	6.04251497287557e-08	6.04251497287557e-08	6.04251497287557e-08	6.04251497287557e-08	6.04251497287557e-08	6.04251497287557e-08	6.04251497287557e-08	6.04251497287557e-08	6.04251497287557e-08	6.04251497287557e-08	6.04251497287556e-08	9.06377245931335e-08	9.06377245931335e-08	9.06377245931335e-08	9.06377245931335e-08	9.06377245931337e-08	1.359565868897e-07	2.03934880334551e-07	3.05902320501826e-07	1.22918714636631e-06	4.80696780682736e-06	1.59694744110486e-05	4.89674316102636e-05	0.000133182435615938	0.000315635475702749	0.000674993550611808	0.00132273380916754	0.00239294721104084	0.004047780205386	0.00642705150818334	0.00959551774387576	0.0134783742402777	0.0178587794557045	0.0224663016365153	0.0270589759382065	0.0313657060686485	0.0349007468155906	0.0368766852365631	0.0364418268144385	0.0331776371956451	0.0274884561992413	0.0205415040158985	0.0137647660186813	0.0082487226935711	0.00443173513443806	0.00216870784848275	0.00102398492279896	0.000534096667640639	0.000357460252882315	0.000297032311083487	0.000255742411024442	0.000206030825767925	0.000148176894307523	9.3348316188918e-05	5.14411757849935e-05
5.30481424230506e-09	7.95722136345758e-09	1.19358320451863e-08	1.79037480677795e-08	2.68556221016692e-08	4.02834331525038e-08	4.02834331525038e-08	4.02834331525038e-08	4.02834331525038e-08	4.02834331525038e-08	4.02834331525038e-08	4.02834331525038e-08	4.02834331525038e-08	4.02834331525038e-08	4.02834331525038e-08	4.02834331525038e-08	6.04251497287557e-08	6.04251497287557e-08	6.04251497287557e-08	6.04251497287556e-08	9.06377245931335e-08	1.359565868897e-07	2.03934880334551e-07	3.05902320501826e-07	3.76528207898431e-07	1.4512857949663e-06	4.80446826769826e-06	1.47416815409735e-05	4.13466144667783e-05	9.99103698575428e-05	0.00022013515037242	0.000451327272266693	0.000862635381992524	0.0015554113819523	0.00263684902776472	0.00419346997115345	0.00624653904969367	0.0087380722774483	0.0115599550804447	0.0145795553641784	0.0175957509793009	0.0202375278597435	0.0219332057384451	0.0220776456079932	0.0203571859360166	0.0170033636227747	0.0127622834323432	0.0085701999836718	0.00516026484075217	0.00284637786059189	0.00155613842524098	0.00101033772245131	0.000887631503790543	0.000925195616260205	0.000952960347541453	0.000887801824462085	0.000732107634257443	0.000528666115607757	0.000333608246092919	0.000183954050338792
3.53654282820338e-09	5.30481424230504e-09	7.95722136345756e-09	1.19358320451863e-08	1.79037480677795e-08	2.68556221016692e-08	2.68556221016692e-08	2.68556221016692e-08	2.68556221016692e-08	2.68556221016692e-08	2.68556221016692e-08	2.68556221016692e-08	2.68556221016692e-08	2.68556221016692e-08	2.68556221016692e-08	2.68556221016692e-08	4.02834331525038e-08	4.02834331525038e-08	4.02834331525038e-08	6.04251497287557e-08	9.06377245931335e-08	1.359565868897e-07	2.03934880334551e-07	3.05902320501826e-07	8.77905020556781e-08	3.31580412876467e-07	1.09445285551262e-06	3.36095878888311e-06	9.99444961764e-06	2.4997519929725e-05	5.78122166250632e-05	0.000126810618147468	0.000260547097404106	0.000506687484348106	0.00092102082206596	0.00156010679935341	0.00246193169295121	0.00363847046319523	0.00508067139433704	0.00675442696242618	0.00856059165681691	0.010272815994197	0.0115243940832315	0.0119135307031999	0.0112062893197749	0.00949743765639468	0.00721192464208842	0.00491739324600961	0.00308726856992764	0.00195799100777093	0.00152556409120731	0.00162276061330417	0.00199667702363206	0.00237703890561324	0.00254612893266932	0.00239978711186214	0.00198242004015608	0.00143186636501443	0.000904812695167037	0.000501595519496584
2.35769521880224e-09	3.53654282820336e-09	5.30481424230504e-09	7.95722136345756e-09	1.19358320451863e-08	1.79037480677795e-08	1.79037480677795e-08	1.79037480677795e-08	1.79037480677795e-08	1.79037480677795e-08	1.79037480677795e-08	1.79037480677795e-08	1.79037480677795e-08	1.79037480677795e-08	1.79037480677795e-08	1.79037480677795e-08	2.68556221016692e-08	2.68556221016692e-08	4.02834331525038e-08	6.04251497287557e-08	9.06377245931335e-08	1.359565868897e-07	2.03934880334551e-07	3.05902320501826e-07	1.49973678660341e-08	5.64601731257965e-08	1.85715695814789e-07	5.71902363511782e-07	1.89834146581724e-06	5.02685438264196e-06	1.24849011944541e-05	2.99236986546718e-05	6.66489764182475e-05	0.00013986660553018	0.000270966384029859	0.000485535253468504	0.000808030963821335	0.00126039500879237	0.00186167277133253	0.00261901500632135	0.0035003931113528	0.00439872848244698	0.00512321393163415	0.0054528664046617	0.00524721237808991	0.00453118827607692	0.00351815766969604	0.00252165716156349	0.0018392541396044	0.00166717104275812	0.00206156096896309	0.00292095410305294	0.00398259882193784	0.00487508792810051	0.0052526633933502	0.00495467184903332	0.0040889088513344	0.00295240808442759	0.00186975001767276	0.00104684426795722
1.57179681253483e-09	2.35769521880224e-09	3.53654282820336e-09	5.30481424230504e-09	7.95722136345753e-09	1.19358320451863e-08	1.19358320451863e-08	1.19358320451863e-08	1.19358320451863e-08	1.19358320451863e-08	1.19358320451863e-08	1.19358320451863e-08	1.19358320451863e-08	1.19358320451863e-08	1.19358320451863e-08	1.19358320451863e-08	1.79037480677795e-08	1.79037480677795e-08	2.68556221016692e-08	4.02834331525038e-08	6.04251497287556e-08	9.06377245931337e-08	1.359565868897e-07	2.03934880334551e-07	3.05902320501826e-07	3.05902320501826e-07	3.05902320501826e-07	5.38650481461499e-09	1.24609009956747e-07	4.73067737567011e-07	1.57453585467562e-06	4.82331618850724e-06	1.26406878032015e-05	2.99508056286036e-05	6.30850918704255e-05	0.000120727597714488	0.000213115696684492	0.000352527812171423	0.000552959463369545	0.000825087815303499	0.0011632470981223	0.00152888091860989	0.00184522948676759	0.00201854969196981	0.00198954540700016	0.00176436619690537	0.00144816011466822	0.00121642340916201	0.0012769737802934	0.00182009648020041	0.00294767283788952	0.00457843043955496	0.00638094588684647	0.00782854861128351	0.00841313446437316	0.00791045486765302	0.00651028336659061	0.00469910751363573	0.00299587475555844	0.00172459788856511
1.04786454168989e-09	1.57179681253483e-09	2.35769521880224e-09	3.53654282820335e-09	5.30481424230502e-09	7.95722136345754e-09	7.95722136345754e-09	7.95722136345754e-09	7.95722136345754e-09	7.95722136345754e-09	7.95722136345754e-09	7.95722136345754e-09	7.95722136345754e-09	7.95722136345754e-09	7.95722136345754e-09	7.95722136345753e-09	1.19358320451863e-08	1.19358320451863e-08	1.79037480677795e-08	2.68556221016692e-08	4.02834331525039e-08	6.04251497287558e-08	9.06377245931337e-08	1.359565868897e-07	2.03934880334551e-07	2.03934880334551e-07	2.03934880334551e-07	3.05902320501826e-07	1.93019521980064e-08	7.52397095504977e-08	2.56254929227353e-07	8.17053282587555e-07	2.19540977801341e-06	5.41361098223342e-06	1.18462141702758e-05	2.37559009690614e-05	4.43784750246182e-05	7.83176499748327e-05	0.000131416574065565	0.000208875993074078	0.000310703925333382	0.000425994515265659	0.000530763257342651	0.000595572764561074	0.00060736977206492	0.000575143427667737	0.000566098236817262	0.000705257404828157	0.0011738848229154	0.00217172685558637	0.00382011824691374	0.00601940729608859	0.00835209824394131	0.0101580451910623	0.0108176833025394	0.0100887959854796	0.00825432543584054	0.00596002634634819	0.00387086783141967	0.00238743887449661
6.98576361126592e-10	1.04786454168989e-09	1.57179681253482e-09	2.35769521880224e-09	3.53654282820335e-09	5.30481424230502e-09	5.30481424230502e-09	5.30481424230502e-09	5.30481424230502e-09	5.30481424230502e-09	5.30481424230502e-09	5.30481424230502e-09	5.30481424230502e-09	5.30481424230502e-09	5.30481424230502e-09	5.30481424230502e-09	7.95722136345754e-09	7.95722136345756e-09	1.19358320451863e-08	1.79037480677795e-08	2.68556221016693e-08	4.02834331525039e-08	6.04251497287558e-08	9.06377245931337e-08	1.359565868897e-07	1.359565868897e-07	2.03934880334551e-07	3.05902320501826e-07	2.88188054573889e-09	1.12336748633653e-08	3.82601763652839e-08	1.23568388102131e-07	3.33946165429832e-07	8.44401011044463e-07	1.89270779537152e-06	3.92889977138249e-06	7.67861371613524e-06	1.42833058715612e-05	2.52973754218826e-05	4.22343400577636e-05	6.54326441596764e-05	9.25913982289257e-05	0.000118124872532798	0.000137564833178725	0.000155462621066809	0.000188447542000516	0.000297846581097961	0.000601296602969747	0.00128032792304459	0.00253839590249902	0.00448429923319764	0.00697058116437913	0.00950282861346266	0.0113516057594223	0.0118837031712146	0.0109166398113897	0.00884000387113504	0.00640493693052514	0.00434138871085531	0.00305941333720249
4.65717574084395e-10	6.9857636112659e-10	1.04786454168988e-09	1.57179681253482e-09	2.35769521880224e-09	3.53654282820335e-09	3.53654282820335e-09	3.53654282820335e-09	3.53654282820335e-09	3.53654282820335e-09	3.53654282820335e-09	3.53654282820335e-09	3.53654282820335e-09	3.53654282820335e-09	3.53654282820335e-09	3.53654282820335e-09	5.30481424230502e-09	5.30481424230504e-09	7.95722136345758e-09	1.19358320451864e-08	1.79037480677795e-08	2.68556221016693e-08	4.02834331525039e-08	6.04251497287556e-08	9.06377245931335e-08	9.06377245931337e-08	1.359565868897e-07	2.03934880334551e-07	3.05902320501826e-07	3.05902320501826e-07	3.05902320501826e-07	3.05902320501826e-07	3.05902320501826e-07	7.79870458553595e-09	3.15934369107878e-08	1.11827990374373e-07	3.45846520300342e-07	9.34534940652179e-07	2.20641356939919e-06	4.55153135652593e-06	8.20365525178572e-06	1.29192263366861e-05	1.7776442623177e-05	2.64345988358764e-05	4.69471107530121e-05	0.000103330485274919	0.000261056361029592	0.000644355438751575	0.0014406765704447	0.00284757460643948	0.00494150804119079	0.00751487602381194	0.0100127461673487	0.0116884838990393	0.0119655974870531	0.0107732113212297	0.00861367852005562	0.006306206524334	0.00459347627504284	0.00385280794423234
3.10478382722929e-10	4.65717574084393e-10	6.9857636112659e-10	1.04786454168988e-09	1.57179681253482e-09	2.35769521880223e-09	2.35769521880223e-09	2.35769521880223e-09	2.35769521880223e-09	2.35769521880223e-09	2.35769521880223e-09	2.35769521880223e-09	2.35769521880223e-09	2.35769521880223e-09	2.35769521880223e-09	2.35769521880224e-09	3.53654282820335e-09	3.53654282820338e-09	5.30481424230506e-09	7.95722136345758e-09	1.19358320451864e-08	1.79037480677795e-08	2.68556221016692e-08	4.02834331525038e-08	6.04251497287557e-08	6.04251497287558e-08	9.06377245931337e-08	1.359565868897e-07	2.03934880334551e-07	2.03934880334551e-07	2.03934880334551e-07	2.03934880334551e-07	3.05902320501826e-07	1.07786547986051e-09	4.3665553250276e-09	1.54558400289023e-08	4.77997366707535e-08	1.29162855344039e-07	3.04950263812021e-07	6.29070953501804e-07	1.13383404994928e-06	1.78557707143381e-06	2.45689699463425e-06	9.42374982556674e-06	3.02098745170247e-05	9.32383631915349e-05	0.000265896961012536	0.000674033926827881	0.00150137733158521	0.0029292297721082	0.00500170642890586	0.0074733686169771	0.00977442967795786	0.0111929876508073	0.0112396330146615	0.00994517320639975	0.00788002067594776	0.00587684325485992	0.00465224844281869	0.00453812153005818
2.06985588481953e-10	3.10478382722929e-10	4.65717574084393e-10	6.9857636112659e-10	1.04786454168988e-09	1.57179681253482e-09	1.57179681253482e-09	1.57179681253482e-09	1.57179681253482e-09	1.57179681253482e-09	1.57179681253482e-09	1.57179681253482e-09	1.57179681253482e-09	1.57179681253482e-09	1.57179681253482e-09	1.57179681253482e-09	2.35769521880223e-09	2.35769521880225e-09	3.53654282820338e-09	5.30481424230506e-09	7.95722136345758e-09	1.19358320451863e-08	1.79037480677795e-08	2.68556221016692e-08	4.02834331525038e-08	4.02834331525039e-08	6.04251497287558e-08	9.06377245931337e-08	1.359565868897e-07	1.359565868897e-07	1.359565868897e-07	1.359565868897e-07	2.03934880334551e-07	3.05902320501826e-07	3.05902320501826e-07	3.05902320501826e-07	3.05902320501826e-07	3.05902320501826e-07	3.05902320501826e-07	3.05902320501826e-07	3.05902320501826e-07	3.05902320501826e-07	3.05902320501826e-07	6.23799534335464e-06	2.45617585576983e-05	8.14063773120849e-05	0.000235844607702163	0.000597282955909412	0.00132233212724588	0.00255934266698672	0.00433078531865003	0.00640737018984638	0.00829215840325705	0.00938978202733807	0.00932256046753775	0.00816935913004395	0.00646087799005552	0.00493187824637128	0.00420045050390915	0.00453840779786459
