1.79037480677795e-08	1.79037480677795e-08	2.68556221016693e-08	4.02834331525039e-08	6.04251497287556e-08	9.06377245931335e-08	9.06377245931335e-08	9.06377245931335e-08	9.06377245931335e-08	9.06377245931335e-08	9.06377245931335e-08	9.06377245931335e-08	9.06377245931335e-08	9.06377245931335e-08	9.06377245931335e-08	9.06377245931335e-08	9.06377245931335e-08	9.06377245931335e-08	9.06377245931335e-08	6.04251497287556e-08	4.02834331525039e-08	2.68556221016693e-08	2.68556221016692e-08	1.79037480677795e-08	1.79037480677795e-08	1.79037480677795e-08	1.79037480677795e-08	1.79037480677795e-08	1.79037480677795e-08	1.79037480677795e-08	1.19358320451863e-08	7.95722136345756e-09	5.30481424230504e-09	5.30481424230502e-09	5.30481424230502e-09	5.30481424230502e-09	5.30481424230502e-09	5.30481424230502e-09	5.30481424230502e-09	5.30481424230502e-09	5.30481424230502e-09	3.53654282820335e-09	2.35769521880224e-09	1.57179681253482e-09	1.57179681253482e-09	1.57179681253482e-09	1.57179681253482e-09	1.57179681253482e-09	1.57179681253482e-09	1.57179681253482e-09	1.57179681253482e-09	1.57179681253482e-09	1.57179681253482e-09	1.57179681253482e-09	1.57179681253482e-09	1.57179681253482e-09	1.57179681253482e-09	1.57179681253482e-09	1.57179681253482e-09	1.04786454168988e-09
2.68556221016692e-08	2.68556221016693e-08	4.02834331525039e-08	6.04251497287558e-08	9.06377245931337e-08	1.359565868897e-07	1.359565868897e-07	1.359565868897e-07	1.359565868897e-07	1.359565868897e-07	1.359565868897e-07	1.359565868897e-07	1.359565868897e-07	1.359565868897e-07	1.359565868897e-07	1.359565868897e-07	1.359565868897e-07	1.359565868897e-07	1.359565868897e-07	9.06377245931337e-08	6.04251497287558e-08	4.02834331525039e-08	4.02834331525038e-08	2.68556221016692e-08	2.68556221016692e-08	2.68556221016692e-08	2.68556221016692e-08	2.68556221016692e-08	2.68556221016692e-08	2.68556221016692e-08	1.79037480677795e-08	1.19358320451863e-08	7.95722136345756e-09	7.95722136345754e-09	7.95722136345754e-09	7.95722136345754e-09	7.95722136345754e-09	7.95722136345754e-09	7.95722136345754e-09	7.95722136345754e-09	7.95722136345754e-09	5.30481424230502e-09	3.53654282820335e-09	2.35769521880224e-09	2.35769521880223e-09	2.35769521880223e-09	2.35769521880223e-09	2.35769521880223e-09	2.35769521880223e-09	2.35769521880223e-09	2.35769521880223e-09	2.35769521880223e-09	2.35769521880223e-09	2.35769521880223e-09	2.35769521880223e-09	2.35769521880223e-09	2.35769521880223e-09	2.35769521880223e-09	2.35769521880223e-09	1.57179681253482e-09
4.02834331525038e-08	4.02834331525039e-08	6.04251497287558e-08	9.06377245931337e-08	1.359565868897e-07	2.03934880334551e-07	2.03934880334551e-07	2.03934880334551e-07	2.03934880334551e-07	2.03934880334551e-07	2.03934880334551e-07	2.03934880334551e-07	2.03934880334551e-07	2.03934880334551e-07	2.03934880334551e-07	2.03934880334551e-07	2.03934880334551e-07	2.03934880334551e-07	2.03934880334551e-07	1.359565868897e-07	9.06377245931337e-08	6.04251497287558e-08	6.04251497287557e-08	4.02834331525038e-08	4.02834331525038e-08	4.02834331525038e-08	4.02834331525038e-08	4.02834331525038e-08	4.02834331525038e-08	4.02834331525038e-08	2.68556221016692e-08	1.79037480677795e-08	1.19358320451863e-08	1.19358320451863e-08	1.19358320451863e-08	1.19358320451863e-08	1.19358320451863e-08	1.19358320451863e-08	1.19358320451863e-08	1.19358320451863e-08	1.19358320451863e-08	7.95722136345753e-09	5.30481424230504e-09	3.53654282820336e-09	3.53654282820335e-09	3.53654282820335e-09	3.53654282820335e-09	3.53654282820335e-09	3.53654282820335e-09	3.53654282820335e-09	3.53654282820335e-09	3.53654282820335e-09	3.53654282820335e-09	3.53654282820335e-09	3.53654282820335e-09	3.53654282820335e-09	3.53654282820335e-09	3.53654282820335e-09	3.53654282820335e-09	2.35769521880224e-09
6.04251497287557e-08	6.04251497287556e-08	9.06377245931337e-08	1.359565868897e-07	2.03934880334551e-07	3.05902320501826e-07	3.05902320501826e-07	3.05902320501826e-07	3.05902320501826e-07	3.05902320501826e-07	3.05902320501826e-07	3.05902320501826e-07	3.05902320501826e-07	3.05902320501826e-07	3.05902320501826e-07	3.05902320501826e-07	3.05902320501826e-07	3.05902320501826e-07	3.05902320501826e-07	2.03934880334551e-07	1.359565868897e-07	9.06377245931337e-08	9.06377245931335e-08	6.04251497287556e-08	6.04251497287557e-08	6.04251497287557e-08	6.04251497287557e-08	6.04251497287557e-08	6.04251497287557e-08	6.04251497287557e-08	4.02834331525038e-08	2.68556221016692e-08	1.79037480677795e-08	1.79037480677795e-08	1.79037480677795e-08	1.79037480677795e-08	1.79037480677795e-08	1.79037480677795e-08	1.79037480677795e-08	1.79037480677795e-08	1.79037480677795e-08	1.19358320451863e-08	7.95722136345756e-09	5.30481424230504e-09	5.30481424230502e-09	5.30481424230502e-09	5.30481424230502e-09	5.30481424230502e-09	5.30481424230502e-09	5.30481424230502e-09	5.30481424230502e-09	5.30481424230502e-09	5.30481424230502e-09	5.30481424230502e-09	5.30481424230502e-09	5.30481424230502e-09	5.30481424230502e-09	5.30481424230502e-09	5.30481424230502e-09	3.53654282820335e-09
9.06377245931335e-08	9.06377245931335e-08	1.359565868897e-07	2.03934880334551e-07	3.05902320501826e-07	2.90940795848687e-09	2.14521363991909e-08	1.14956844026638e-07	4.47710696580024e-07	1.26723880777696e-06	2.60686063127426e-06	3.89740482152644e-06	4.23478706881027e-06	3.34415188417311e-06	1.91928188869332e-06	8.00552635801391e-07	2.42683010594031e-07	5.34671717166199e-08	8.56117559403224e-09	3.05902320501826e-07	2.03934880334551e-07	1.359565868897e-07	1.359565868897e-07	9.06377245931337e-08	9.06377245931335e-08	9.06377245931335e-08	9.06377245931335e-08	9.06377245931335e-08	9.06377245931335e-08	9.06377245931335e-08	6.04251497287556e-08	4.02834331525039e-08	2.68556221016693e-08	2.68556221016692e-08	2.68556221016692e-08	2.68556221016692e-08	2.68556221016692e-08	2.68556221016692e-08	2.68556221016692e-08	2.68556221016692e-08	2.68556221016692e-08	1.79037480677795e-08	1.19358320451863e-08	7.95722136345756e-09	7.95722136345754e-09	7.95722136345754e-09	7.95722136345754e-09	7.95722136345754e-09	7.95722136345754e-09	7.95722136345754e-09	7.95722136345754e-09	7.95722136345754e-09	7.95722136345754e-09	7.95722136345754e-09	7.95722136345754e-09	7.95722136345754e-09	7.95722136345754e-09	7.95722136345754e-09	7.95722136345754e-09	5.30481424230502e-09
1.359565868897e-07	1.359565868897e-07	1.359565868897e-07	2.03934880334551e-07	3.05902320501826e-07	3.76996730269744e-08	2.77973573840143e-07	1.48959358531181e-06	5.80136822081289e-06	1.64206908697435e-05	3.37793100274064e-05	5.05019885563646e-05	5.48737372382928e-05	4.33330197706048e-05	2.48697675550331e-05	1.03734412778232e-05	3.14465014158929e-06	6.92819611465554e-07	1.10934432443564e-07	3.05902320501826e-07	2.03934880334551e-07	2.03934880334551e-07	2.03934880334551e-07	1.359565868897e-07	1.359565868897e-07	1.359565868897e-07	1.359565868897e-07	1.359565868897e-07	1.359565868897e-07	1.359565868897e-07	9.06377245931337e-08	6.04251497287558e-08	4.02834331525039e-08	4.02834331525038e-08	4.02834331525038e-08	4.02834331525038e-08	4.02834331525038e-08	4.02834331525038e-08	4.02834331525038e-08	4.02834331525038e-08	4.02834331525038e-08	2.68556221016692e-08	1.79037480677795e-08	1.19358320451863e-08	1.19358320451863e-08	1.19358320451863e-08	1.19358320451863e-08	1.19358320451863e-08	1.19358320451863e-08	1.19358320451863e-08	1.19358320451863e-08	1.19358320451863e-08	1.19358320451863e-08	1.19358320451863e-08	1.19358320451863e-08	1.19358320451863e-08	1.19358320451863e-08	1.19358320451863e-08	1.19358320451863e-08	7.95722136345753e-09
2.03934880334551e-07	2.03934880334551e-07	2.03934880334551e-07	2.03934880334551e-07	3.05902320501826e-07	2.97879520163115e-07	2.19637540978889e-06	1.17698480332509e-05	4.58388267895272e-05	0.000129746152268382	0.000266903234285491	0.000399035506427053	0.000433578363037898	0.00034239074506696	0.000196505535222039	8.19645228240381e-05	2.48470822170594e-05	5.47423244958361e-06	8.76535334463307e-07	3.05902320501826e-07	3.05902320501826e-07	3.05902320501826e-07	3.05902320501826e-07	2.03934880334551e-07	2.03934880334551e-07	2.03934880334551e-07	2.03934880334551e-07	2.03934880334551e-07	2.03934880334551e-07	2.03934880334551e-07	1.359565868897e-07	9.06377245931337e-08	6.04251497287558e-08	6.04251497287557e-08	6.04251497287557e-08	6.04251497287557e-08	6.04251497287557e-08	6.04251497287557e-08	6.04251497287557e-08	6.04251497287557e-08	6.04251497287557e-08	4.02834331525038e-08	2.68556221016692e-08	1.79037480677795e-08	1.79037480677795e-08	1.79037480677795e-08	1.79037480677795e-08	1.79037480677795e-08	1.79037480677795e-08	1.79037480677795e-08	1.79037480677795e-08	1.79037480677795e-08	1.79037480677795e-08	1.79037480677795e-08	1.79037480677795e-08	1.79037480677795e-08	1.79037480677795e-08	1.79037480677795e-08	1.79037480677795e-08	1.19358320451863e-08
3.05902320501826e-07	3.05902320501826e-07	3.05902320501826e-07	3.05902320501826e-07	9.57825476996219e-09	1.51155688018418e-06	1.10246319966789e-05	5.85704273291278e-05	0.000226553981689479	0.000637827814699481	0.00130665147581524	0.00194780319701053	0.00211427361454332	0.00167639608499176	0.000982664070454544	0.000443996527729781	0.000173891742634899	7.08999357882005e-05	3.09558422901473e-05	1.16767405223989e-05	3.70816183409928e-06	8.55842965295092e-07	1.43558147803636e-07	3.05902320501826e-07	3.05902320501826e-07	3.05902320501826e-07	3.05902320501826e-07	3.05902320501826e-07	3.05902320501826e-07	3.05902320501826e-07	2.03934880334551e-07	1.359565868897e-07	9.06377245931337e-08	9.06377245931335e-08	9.06377245931335e-08	9.06377245931335e-08	9.06377245931335e-08	9.06377245931335e-08	9.06377245931335e-08	9.06377245931335e-08	9.06377245931335e-08	6.04251497287556e-08	4.02834331525039e-08	2.68556221016693e-08	2.68556221016692e-08	2.68556221016692e-08	2.68556221016692e-08	2.68556221016692e-08	2.68556221016692e-08	2.68556221016692e-08	2.68556221016692e-08	2.68556221016692e-08	2.68556221016692e-08	2.68556221016692e-08	2.68556221016692e-08	2.68556221016692e-08	2.68556221016692e-08	2.68556221016692e-08	2.68556221016692e-08	1.79037480677795e-08
9.3526164440957e-07	3.73201631700649e-06	1.08231156526386e-05	2.28117928953112e-05	3.50332422036694e-05	4.38745814977456e-05	6.69772957571961e-05	0.000203838682902824	0.00071458910388155	0.00196921076456602	0.00399304125027862	0.00591202980477192	0.00639820935731121	0.00510621616934389	0.00310744631047029	0.0016022083077931	0.00085839371914867	0.000525793189044426	0.00031573207691587	0.000161973085081679	7.66545993884022e-05	4.2654280664457e-05	3.2367572666341e-05	2.50535997626836e-05	1.57998238425808e-05	7.39907886719211e-06	2.53588448024194e-06	6.33590390214144e-07	1.15049848974796e-07	1.51831498987742e-08	3.05902320501826e-07	2.03934880334551e-07	1.359565868897e-07	1.359565868897e-07	1.359565868897e-07	1.359565868897e-07	1.359565868897e-07	1.359565868897e-07	1.359565868897e-07	1.359565868897e-07	1.359565868897e-07	9.06377245931337e-08	6.04251497287558e-08	4.02834331525039e-08	4.02834331525038e-08	4.02834331525038e-08	4.02834331525038e-08	4.02834331525038e-08	4.02834331525038e-08	4.02834331525038e-08	4.02834331525038e-08	4.02834331525038e-08	4.02834331525038e-08	4.02834331525038e-08	4.02834331525038e-08	4.02834331525038e-08	4.02834331525038e-08	4.02834331525038e-08	4.02834331525038e-08	2.68556221016692e-08
8.03071942919026e-06	3.21083460191819e-05	9.33362388978327e-05	0.00019728092536651	0.000303753401533624	0.000351081907288916	0.000358029963920209	0.000575258236271133	0.00158498417809504	0.00410874196674377	0.0080921286855968	0.0117468931823497	0.012591258031853	0.0101993594539871	0.00677185603065609	0.00445853012760163	0.00341182378032029	0.00270915663351662	0.00188060368695414	0.0010958409729783	0.000603575330737532	0.00039933410738702	0.000331269497240851	0.000263941577292611	0.000168913531954978	8.09903857321791e-05	2.86699825383491e-05	7.46985341593022e-06	1.42385481122048e-06	2.00254454753088e-07	3.05902320501826e-07	2.03934880334551e-07	2.03934880334551e-07	2.03934880334551e-07	2.03934880334551e-07	2.03934880334551e-07	2.03934880334551e-07	2.03934880334551e-07	2.03934880334551e-07	2.03934880334551e-07	2.03934880334551e-07	1.359565868897e-07	9.06377245931337e-08	6.04251497287558e-08	6.04251497287557e-08	6.04251497287557e-08	6.04251497287557e-08	6.04251497287557e-08	6.04251497287557e-08	6.04251497287557e-08	6.04251497287557e-08	6.04251497287557e-08	6.04251497287557e-08	6.04251497287557e-08	6.04251497287557e-08	6.04251497287557e-08	6.04251497287557e-08	6.04251497287557e-08	6.04251497287557e-08	4.02834331525038e-08
4.22143050404269e-05	0.000169336328418379	0.00049436090123889	0.00105081098267385	0.00162954775767383	0.00186554332818203	0.00168595131307732	0.00169322090336187	0.00305686855506664	0.00683999741621082	0.012602937954211	0.0175046264922387	0.0183635593653669	0.0153679079802107	0.0120058844017998	0.0108060754578073	0.0109008040435632	0.01011498337321	0.00782147609318225	0.00511515733859908	0.00321889038222974	0.0023759144735662	0.00204175139839479	0.00163240826162016	0.00104559285316071	0.000505364611893316	0.000181292504129353	4.80967094471843e-05	9.34850353900304e-06	1.34814506574457e-06	3.05902320501826e-07	3.05902320501826e-07	3.05902320501826e-07	3.05902320501826e-07	3.05902320501826e-07	3.05902320501826e-07	3.05902320501826e-07	3.05902320501826e-07	3.05902320501826e-07	3.05902320501826e-07	3.05902320501826e-07	2.03934880334551e-07	1.359565868897e-07	9.06377245931337e-08	9.06377245931335e-08	9.06377245931335e-08	9.06377245931335e-08	9.06377245931335e-08	9.06377245931335e-08	9.06377245931335e-08	9.06377245931335e-08	9.06377245931335e-08	9.06377245931335e-08	9.06377245931335e-08	9.06377245931335e-08	9.06377245931335e-08	9.06377245931335e-08	9.06377245931335e-08	9.06377245931335e-08	6.04251497287556e-08
0.000161897713908673	0.000589571989047553	0.00167103250014026	0.00354486473971666	0.00555566121045123	0.00645376947947145	0.00577749981183764	0.00486647619027343	0.00611713120242111	0.0111188224774053	0.0186573644372174	0.0245199768682221	0.0251934273225656	0.0221952333142797	0.0205571931611707	0.0228621191911827	0.0264872007233843	0.0269563824178225	0.0228270467703321	0.016634735101561	0.0117927989478857	0.00943322984740849	0.00823397962664631	0.00654734167332527	0.00418816471679534	0.00204302526359756	0.000747729732476427	0.000206933207877036	4.5229470676173e-05	9.67827161724108e-06	2.48730895058109e-06	2.56061957176019e-06	3.90438142440057e-06	5.31619754641411e-06	5.43634444876496e-06	4.05825384922628e-06	2.20357845381602e-06	8.69593291646642e-07	2.49403302423288e-07	5.19860205720135e-08	7.87533985083542e-09	3.05902320501826e-07	2.03934880334551e-07	1.359565868897e-07	1.359565868897e-07	1.359565868897e-07	1.359565868897e-07	1.359565868897e-07	1.359565868897e-07	1.359565868897e-07	1.359565868897e-07	1.359565868897e-07	1.359565868897e-07	1.359565868897e-07	1.359565868897e-07	1.359565868897e-07	1.359565868897e-07	1.359565868897e-07	1.359565868897e-07	9.06377245931337e-08
0.000511076674902912	0.0014856122217235	0.00383327356898494	0.00798427530045438	0.0127500949761786	0.0154182963793411	0.0145128285626927	0.0121509497816898	0.0126227240675667	0.0186447043337027	0.0283552096189147	0.0359450560408764	0.037235210660599	0.0347723227820707	0.0350654979175458	0.0412116437151914	0.0494846948309717	0.0529456298972168	0.0483263327292147	0.0390015589299051	0.0308749790226705	0.0262809309798842	0.0229169670203309	0.0179037984394112	0.0113826396836673	0.00563377380469029	0.00215879088004066	0.00067558464242312	0.000203689111246536	7.74426167618243e-05	3.85311170623031e-05	3.58194403717469e-05	5.01376721530131e-05	6.63606668623833e-05	6.73528098144067e-05	5.01837683751853e-05	2.723571816842e-05	1.07461258198339e-05	3.08203765308231e-06	6.42424824691882e-07	9.73206598118726e-08	3.05902320501826e-07	2.03934880334551e-07	2.03934880334551e-07	2.03934880334551e-07	2.03934880334551e-07	2.03934880334551e-07	2.03934880334551e-07	2.03934880334551e-07	2.03934880334551e-07	2.03934880334551e-07	2.03934880334551e-07	2.03934880334551e-07	2.03934880334551e-07	2.03934880334551e-07	2.03934880334551e-07	2.03934880334551e-07	2.03934880334551e-07	2.03934880334551e-07	1.359565868897e-07
0.00167439987244856	0.00347948586373558	0.00709742254266934	0.0135623462934778	0.0219272221103785	0.0282915452003469	0.0292346347345116	0.0263736576087464	0.0256019980831613	0.0315366402016763	0.0427466557662148	0.0525074601629685	0.0557477941639186	0.0549789501737474	0.0570696117458163	0.0653912834253862	0.0763366888575387	0.0824866629023172	0.0796675722614698	0.0709973476658646	0.06255052870847	0.0560289440079406	0.0481906701291095	0.03652465392628	0.022980934552797	0.011737522610364	0.00502647011354725	0.00206785558903807	0.000983843935459547	0.000551820989511458	0.000343100361145215	0.000312092677538672	0.000410889332321987	0.00052755301890499	0.000531073689463055	0.00039611445297041	0.000216085793333024	8.5896755830044e-05	2.48660901392322e-05	5.2400007870072e-06	8.04125611593224e-07	9.12255177511663e-09	3.05902320501826e-07	3.05902320501826e-07	3.05902320501826e-07	3.05902320501826e-07	3.05902320501826e-07	3.05902320501826e-07	3.05902320501826e-07	3.05902320501826e-07	3.05902320501826e-07	3.05902320501826e-07	3.05902320501826e-07	3.05902320501826e-07	3.05902320501826e-07	3.05902320501826e-07	3.05902320501826e-07	3.05902320501826e-07	3.05902320501826e-07	2.03934880334551e-07
0.00506848072670445	0.00847347954632136	0.0131113358461573	0.0208208010965849	0.0324675178478286	0.044368284183201	0.0504787126152702	0.0497255697413432	0.0484139533151507	0.053860999185245	0.0665938999229292	0.0796378868806136	0.0864264740103264	0.0884438682875496	0.0922871607204655	0.101119400348911	0.111622007711955	0.117824370603915	0.117249877859256	0.11305583182382	0.108454344344917	0.101023230188129	0.0862176144545731	0.0643660514485798	0.0412443482722865	0.0230625585904923	0.0121860041281973	0.00694914076320399	0.00443579514480939	0.00291370777955281	0.00197202577870656	0.0017374016569121	0.00211051931459714	0.00259484028480625	0.00257730185381044	0.00192066561535664	0.00105233307403043	0.000421271963638714	0.00012305408238627	2.62031748732115e-05	4.07005779586854e-06	8.96871259640785e-08	4.04474553576277e-08	2.50410634142838e-07	1.13713826807527e-06	3.76953027706967e-06	9.26115951485574e-06	1.73002352187384e-05	2.58022553262629e-05	3.2841208375043e-05	3.71667537122634e-05	3.64205186007586e-05	2.89342499782131e-05	1.76421600232906e-05	8.0083891296656e-06	2.6687076177921e-06	6.47783929872943e-07	1.14804565700406e-07	1.47872190255625e-08	3.05902320501826e-07
0.0117852987653475	0.0181502050400395	0.0240938440991072	0.031933679865037	0.0454449600615778	0.0629020705228064	0.0762744645952063	0.0807957449672841	0.0822367183655469	0.0912178191035317	0.111286908667084	0.134396367314369	0.149693049549857	0.155778040131645	0.160144570193681	0.167967451533594	0.176345604231898	0.17946359722404	0.176898317544496	0.173920697729423	0.171940806052344	0.163654693641102	0.142168864530057	0.11004642619735	0.0763924282448856	0.049238056583673	0.0315231855625081	0.0213556116176761	0.0151374369412661	0.0107041407818798	0.00772400064886378	0.00661683414860581	0.00725123496566559	0.00833089631867536	0.00808131569274462	0.00601143480372274	0.00332067973231902	0.00134867654727825	0.000403676766332072	9.14211240570822e-05	1.78922172279378e-05	3.227327223124e-06	1.66471034457615e-06	2.89434274491158e-06	1.1263300570693e-05	3.69494190163867e-05	9.04679883091088e-05	0.000167888811814544	0.00024719721087152	0.000308503303473526	0.000341865313660292	0.000329877889892599	0.000259869012505794	0.00015783395201861	7.15274588069947e-05	2.38194876132445e-05	5.77911252027502e-06	1.02421266170355e-06	1.31922078751535e-07	3.05902320501826e-07
0.0202851114780567	0.0299353123617349	0.037542107561719	0.0453128198774304	0.0595506872758185	0.0814263062094776	0.102977889020764	0.116792030202487	0.127355721899927	0.147903619607828	0.18532669750674	0.229739687704618	0.262808319715514	0.277236169636398	0.282138674493746	0.288177842796323	0.294059573690683	0.291323362327312	0.2791830494723	0.266909114124063	0.258905348105678	0.246654625638255	0.220738549067825	0.182365109332346	0.139963901996279	0.101677976361042	0.0721155563695564	0.0516201722105009	0.0377709996378158	0.0281385068787851	0.0215611745887417	0.0181265374688075	0.0177987396556794	0.0186234295605543	0.0173594114017833	0.0128411380086238	0.00718697152630336	0.00300818521121755	0.000971759878033225	0.000289980448361729	0.000128169211441747	8.97304957658155e-05	7.128675477799e-05	5.96387638810091e-05	8.99346737816404e-05	0.000229806721971815	0.000541774157775626	0.000994991256369651	0.00144665267416862	0.00177114314644904	0.00192133910948114	0.0018242207417141	0.00142408779983051	0.000861266448765331	0.000389600704549941	0.000129644457013994	3.14385300451626e-05	5.57174486993215e-06	7.1765971364978e-07	3.05902320501826e-07
0.0267196322002272	0.0371428213960094	0.0450517670365764	0.052616433829093	0.0674573096200171	0.0934192558772854	0.124715575657639	0.152932964478171	0.179631150154371	0.217589807675332	0.276260074897995	0.345587806530823	0.401324777252712	0.430231562918254	0.442264264632091	0.453331779600052	0.463474709904273	0.459860334510472	0.438629623847528	0.412066858498503	0.38982893217591	0.365845161189288	0.330659672384168	0.284632143644891	0.233736245189785	0.182839981607147	0.136452959645203	0.0991510687698509	0.0729957548673625	0.0561568747101822	0.0449439899486213	0.0374611193965569	0.033670051733546	0.0318484233687187	0.028075132786466	0.0205313350686114	0.0117579869017683	0.00529336850935739	0.0021310214228814	0.00109950102182672	0.000860964040699188	0.000748994378027933	0.000601406383234842	0.000446626128054441	0.000450654102502768	0.000887927668849599	0.00198507688495563	0.00360036228476671	0.00517107451335908	0.00621428243857478	0.00659825020265689	0.00615962312722542	0.00476191687234423	0.00286664643478798	0.00129416838035354	0.000430296285340373	0.000104287777973563	1.84825718977987e-05	2.38061820225577e-06	3.05902320501826e-07
0.0275280031451509	0.0352803142351394	0.0410347234138268	0.0472587198384522	0.0617365445009049	0.090211356702448	0.13025189584371	0.17396544909305	0.218891856777054	0.273799011921277	0.348337538391633	0.434539275969008	0.508529034259603	0.556657111831349	0.590290820210799	0.6269250118843	0.663532597658804	0.678951037003924	0.662029055931256	0.625201371158673	0.584084698696173	0.538022022543584	0.481166110111391	0.417474891962624	0.35298739401468	0.28696631879845	0.220014681462157	0.160626234460097	0.117695446874478	0.0912822880507267	0.0743883095276139	0.0617667194655056	0.0526529807543549	0.0459754028274273	0.0383227511863483	0.0278368897964573	0.0168653349742521	0.00900965312796904	0.0053516535226363	0.00440019642430533	0.00425013978652886	0.00388791037900496	0.00313204619628021	0.0022031581242108	0.00165534812247864	0.00224560547841439	0.00448752268190153	0.00796255437844061	0.0112905655557855	0.0133247414631206	0.0138469289763977	0.0127004635198511	0.00971659032864351	0.00581999042030992	0.00262174958547952	0.000870914514854942	0.000210947652902968	3.73855425555175e-05	4.81538519644405e-06	3.05902320501826e-07
0.0219804605332702	0.0267762974933185	0.030453913476069	0.0349580517450091	0.0468020899052186	0.0725619174820519	0.113341743185223	0.163719540621928	0.219343638533784	0.284687386557164	0.367429574552753	0.462052330808485	0.550045265610077	0.623094754532223	0.695184564665873	0.78106227356805	0.867949822993539	0.920448053110072	0.916352068351494	0.868232715732347	0.802328050150159	0.729092503212477	0.64811191909374	0.565232338111274	0.484949601657046	0.400992001796399	0.311014843390069	0.227995551191927	0.167187587674533	0.130016313631144	0.106332340736662	0.0876450684712101	0.0720752333420138	0.0593564323702021	0.0475641831879017	0.0353148395928899	0.0239978984682399	0.0163121963149013	0.0132960884696416	0.0132941328384307	0.0136347212344737	0.0127168153919293	0.0103546411568955	0.00719914273433438	0.00458258619969429	0.00405048988885103	0.00639856917820917	0.0107988591039204	0.015063787840422	0.0174604814761751	0.0177581942593914	0.0159922716881335	0.0120992594255174	0.00720767166695281	0.00323911789995311	0.00107492990170017	0.000260187292566931	4.61121181715173e-05	5.93939785386457e-06	3.05902320501826e-07
0.0137525574126468	0.0178633467968936	0.0218395312490893	0.0259627921871997	0.0341451333561725	0.0522229408354491	0.0836533313802056	0.126914261259831	0.179692758551743	0.244998619582479	0.328359079499924	0.42636398330244	0.527646620876096	0.630925559454732	0.75057689946165	0.892425816353983	1.029037187411	1.11193020876592	1.11321335124052	1.04997291815568	0.961665952345512	0.871994741946789	0.783958874666155	0.696743010147339	0.606661470895098	0.505202603067018	0.394377780293045	0.293199501279761	0.219521934676364	0.173489521641327	0.142218931953687	0.115123257454134	0.090144767993681	0.0693141340103781	0.0534908340217218	0.0415417813806451	0.0323951712976834	0.0266167634945746	0.0251566241424898	0.0267025622656014	0.0279635570269321	0.0265552303765885	0.0220939485531106	0.0156118886147218	0.00936045605328426	0.0058462059947397	0.00612863764055634	0.00908519731000276	0.0123008014169965	0.01398429181452	0.0139181572815674	0.0122987916638115	0.00919483171149604	0.00544510728498243	0.00244063996616247	0.000809066226064852	0.000195689519731529	3.46813949665373e-05	4.46708177809354e-06	3.05902320501826e-07
0.00723808240535371	0.011413920773941	0.0163411981649435	0.0212363938044281	0.0275829165560188	0.0388571398943241	0.0582402361324349	0.0873441031202261	0.128047700451999	0.18441253343423	0.260170117695958	0.353406391361833	0.460752372435969	0.589275344636742	0.75200063944169	0.941304385191751	1.11339748532215	1.21228867389791	1.21380704585076	1.14389033542572	1.05100382849854	0.965285494173115	0.887879534668742	0.80691991712306	0.711025878794549	0.596563531752311	0.474086664004978	0.36407895790115	0.281578265110614	0.225644972193193	0.183348512803667	0.14353785011971	0.105123996672599	0.0737911231760134	0.0535717165387369	0.042823826145768	0.0370075451416466	0.0336750539570199	0.0333334314688806	0.035673712986458	0.0377899306959222	0.0367755906810636	0.0315919959073799	0.023037987621167	0.0138042036373534	0.00717256480468842	0.00457172762323846	0.00494201870876294	0.00618803520262566	0.00685074923370435	0.00666676508719128	0.00577713724279315	0.0042647900763718	0.00250941155189482	0.00112157667320367	0.000371355789024223	8.97468374825674e-05	1.59055299537795e-05	2.04868642383053e-06	3.05902320501826e-07
0.00333894573519359	0.0064804091492083	0.0108759709343753	0.0162115251473822	0.022961031556166	0.0319954967520099	0.0443640460836785	0.0627581393166635	0.092398873335414	0.138369482168137	0.201744082804381	0.28023037683992	0.37764156347059	0.511079381230571	0.69681923543486	0.920781124852965	1.12798897704199	1.25388055905131	1.27309461938841	1.21596508494609	1.13522226572251	1.06202673326901	0.994007237317023	0.913965003838258	0.812338666247241	0.694080903827634	0.571359458328616	0.456515387742095	0.360195258439299	0.285839233269086	0.225319830849882	0.168792147217413	0.116472593616385	0.0761557745746241	0.0522468073206446	0.0413711377762705	0.0367035672803435	0.0339426782747295	0.0330840896114596	0.0348975914510184	0.0375166839767693	0.0376406076577209	0.0332578490108682	0.0247656004985222	0.0149414747905169	0.0072387516251118	0.00319938264893317	0.0019876563579822	0.00197031343867507	0.00206025108295389	0.00195167552905268	0.00165766387951536	0.00120739851568533	0.000705517596767074	0.000314347498170799	0.000103944541417478	2.50980997559524e-05	4.44805174921943e-06	5.7292421300028e-07	3.05902320501826e-07
0.00124030256390851	0.00282703410049713	0.00557687805848958	0.00996520367770039	0.0164720458480842	0.0248155626389215	0.0347100328220043	0.0486832926505632	0.0725641230119814	0.110452952388982	0.160372734984517	0.218965164992358	0.294148713587522	0.40941937516202	0.587220119184732	0.820458100097236	1.05776514536585	1.22750035779085	1.2901925085804	1.26618180242379	1.2059976805388	1.14215616159529	1.07451376690996	0.991331989182337	0.89178101241975	0.783939121153849	0.670756439385771	0.552313080090911	0.438037324492052	0.340386864216893	0.25954186328707	0.188830008958397	0.128686393183435	0.0849757760759987	0.0587615107737755	0.0447573218198098	0.0367672308812917	0.031489984594201	0.0291794338670507	0.0308802987494511	0.034619857383782	0.0358352658429744	0.0316145112621407	0.0229589681897419	0.0133962661254009	0.00616397530135217	0.00227114122235971	0.000807852822483971	0.000447562932459797	0.000387855786973552	0.000349191172984948	0.000290568371474774	0.000208657657442901	0.000121013017842476	5.3734724384706e-05	1.77427939912133e-05	4.27989022072529e-06	7.58510539358634e-07	9.769874055326e-08	3.05902320501826e-07
0.000336409794156079	0.000894363695896133	0.00213203456780785	0.00462775760224856	0.00889827688946867	0.0148047904710092	0.0222449217111695	0.0332889214075084	0.0522454057378593	0.0812594436490221	0.117308305121041	0.157663621152313	0.210707124061983	0.298016532839126	0.442407296501216	0.64734025651178	0.878298715815707	1.07067137478819	1.17415803367273	1.19038057572737	1.15768642545983	1.10716861368512	1.04527073174673	0.971051237658517	0.890633807069124	0.807903267718484	0.714265197154805	0.601584298756702	0.479941330101034	0.369384336748386	0.278513870182283	0.204330853122553	0.145096798817862	0.10193790827319	0.0728976755806838	0.0531875039808232	0.0392009226441247	0.0297779761016841	0.0259068597418519	0.0283225503542889	0.0339106521693025	0.0363836709109095	0.031971312004631	0.0224699781439409	0.012514792495487	0.00546070642665491	0.00184440147208674	0.00049160182705773	0.000121999203964144	5.33571450772389e-05	3.81840217554788e-05	3.1117257203327e-05	2.20131206804867e-05	1.26637909779047e-05	5.60238492508647e-06	1.84694928533815e-06	4.450353598997e-07	7.88721190175715e-08	1.01589975259924e-08	3.05902320501826e-07
6.38899569504739e-05	0.000205543638639964	0.00060064341750929	0.00154107445686209	0.00334060368662196	0.00611426640646245	0.0101685665284206	0.0170237064441378	0.0293611651815763	0.0485258250487712	0.0728923634050833	0.10124621174461	0.139406019378818	0.201724718625622	0.305429755275026	0.458390413116063	0.642428865825002	0.811121270663542	0.919435374401099	0.958470040383381	0.952335114570159	0.925347341435748	0.886109782114561	0.839188176169325	0.7915561702418	0.741664343871431	0.674971630850738	0.580600141050481	0.46867285472705	0.362639574927497	0.276559029549442	0.20962546236837	0.156891632753006	0.115720058360779	0.0844387994329449	0.0609501995854515	0.0431819191279848	0.0302653173944578	0.0236550801347102	0.0246200855464443	0.0301637602313199	0.0336397567614178	0.030520161335297	0.0219109412078953	0.0123249570284915	0.00536908966058878	0.00178510650869	0.000448898156715469	8.41429839247064e-05	1.73775660529467e-05	5.37925247882953e-06	3.26824330128381e-06	1.44312910708057e-06	4.63120865600703e-07	1.0801445179621e-07	1.8309131287711e-08	2.255547447821e-09	3.05902320501826e-07	3.05902320501826e-07	2.03934880334551e-07
8.88008725242696e-06	3.48596890518361e-05	0.000121087068708139	0.000350955224714889	0.000837069657757837	0.00169155354778849	0.00323512838452869	0.00644021420854891	0.013100896729623	0.0248827552865304	0.042232297468434	0.0650138027535083	0.0955877296663261	0.141337194174817	0.213743331499926	0.320160912901897	0.450259090352337	0.572560964337272	0.654736623085365	0.689991281424244	0.696329449911378	0.691335501905408	0.679864548438362	0.66385552712378	0.64667636698576	0.623822137219791	0.580284541099897	0.506132328942118	0.412161437547918	0.321988170314716	0.249844881612576	0.194620235302522	0.150235382980801	0.113733570172818	0.0852251300168627	0.0642170060402869	0.0477819366832363	0.0336160452339844	0.0235834374866659	0.0206541739629472	0.0234185551562737	0.0262081584650084	0.0244035363021678	0.0179959130488421	0.0103398119154675	0.0045699596654318	0.00154473966292633	0.000423657666876285	0.000134951646146442	8.67953635958652e-05	6.47890364252442e-05	3.93635240447964e-05	1.7381400975869e-05	5.5779413122515e-06	1.3009525541735e-06	2.20519668593842e-07	2.71663667639446e-08	3.05902320501826e-07	2.03934880334551e-07	2.03934880334551e-07
6.76764168498951e-07	3.75913957208089e-06	1.59722534280696e-05	5.19616480770674e-05	0.000137966134347109	0.000320256683590744	0.000782191695823447	0.00207546076810292	0.00548067596266886	0.0129500777956344	0.0263878250592575	0.0465718690549265	0.073707786613769	0.110773525844011	0.165830616299189	0.245477714632328	0.342162910631144	0.43094427960839	0.48663748634065	0.506364806758101	0.508637501683483	0.510078573147775	0.5133521329848	0.51549360480647	0.513836233459126	0.50147547842675	0.466747496105259	0.405489777496736	0.330825739110653	0.262220880132914	0.207403469456323	0.162685211175026	0.124522437340164	0.0937831141777036	0.0723795334612162	0.0589893458976649	0.048377462134593	0.0365506027950633	0.0256520165800121	0.0203107077847017	0.0205745173572531	0.0215569646424566	0.0191177359611183	0.0134270322476537	0.00735302742542201	0.00314495662395353	0.00113958876108681	0.000553988016501897	0.000536181867594154	0.000574580132171687	0.000475829336461866	0.000289097053459776	0.00012765401292344	4.09660069029474e-05	9.55457010593152e-06	1.61955993441683e-06	1.99517618791608e-07	3.05902320501826e-07	3.05902320501826e-07	3.05902320501826e-07
2.93955066746186e-08	1.99842732827402e-07	1.02527136351743e-06	3.92479891389005e-06	1.35803565885596e-05	4.36025502740664e-05	0.00017868258531752	0.000702698809228896	0.00248042605784331	0.00731374399241101	0.0176125303549611	0.0347784975750828	0.0583103757663187	0.0892647369873059	0.134509334376826	0.201462071009239	0.28482565715898	0.361594079592093	0.406485460463432	0.415441321308835	0.40759521520861	0.402570215249775	0.405385247030921	0.411002606461535	0.4107978171798	0.394793551229492	0.357115467811517	0.303311086558039	0.248645133354162	0.20415037995537	0.167358740742888	0.131129074869767	0.095871415504634	0.0683499351971566	0.0530748568259698	0.0475530813455332	0.0441244227104435	0.0370171230397965	0.0279902647787194	0.0226789120866299	0.0222693866349313	0.0222197153457761	0.0185414199794993	0.0120262131070659	0.00599931921523489	0.00245799965680648	0.00128645350462089	0.00154015926828618	0.00223697437763169	0.00255108112770594	0.00213140716512187	0.00129642878003272	0.000576412254666149	0.00019277728535136	5.61235398117522e-05	2.11241468444314e-05	1.13802928731481e-05	5.76195432905253e-06	2.30088991988874e-06	6.67759732979628e-07
3.05902320501826e-07	3.05902320501826e-07	3.16540921577106e-09	3.1787576855306e-08	7.3358004587803e-07	5.10351991300115e-06	5.12846977667073e-05	0.000281941820124216	0.00123903303713211	0.00426935166084427	0.0114127543264583	0.0240267147302083	0.04168967429823	0.0652358194326817	0.101139071970806	0.157572514014813	0.232035653174567	0.304687939333333	0.35038537493161	0.361544779322867	0.353101181083438	0.342730585556336	0.336565381095193	0.332304480309783	0.322933396701456	0.299735071648774	0.261431939063425	0.218412275553475	0.183555363923017	0.159686476787958	0.138350301177265	0.111181060232862	0.0802302365636286	0.0552755905012655	0.043295313008596	0.0421083233111806	0.0428592786471513	0.0385286645830314	0.0303138400575519	0.0243802845701323	0.0231316542499099	0.0227301006830697	0.0189375413524839	0.0122111035341527	0.00602852725353638	0.00270515254086371	0.00232207218664435	0.00393589977371678	0.00606672563289633	0.00696230400414855	0.00582403744348262	0.00355367590943722	0.00161034578910224	0.00059788452137467	0.000255526583914378	0.000164064728188562	0.000111501151369595	5.99235767218115e-05	2.39289563521353e-05	6.94461450157327e-06
2.03934880334551e-07	2.03934880334551e-07	3.05902320501826e-07	3.05902320501826e-07	3.84463271594811e-07	2.77932936877428e-06	2.89311920979385e-05	0.000158704361107466	0.000699527922414716	0.00243141988678135	0.00658120095017207	0.014127410851535	0.0252760495046416	0.0413676333214073	0.067626194268866	0.11098224127753	0.171762931721228	0.237098464951201	0.286864913128183	0.310685712972198	0.313844001799099	0.304442719338604	0.285965353179803	0.262512362036434	0.238110279555007	0.212414228843919	0.185581472614405	0.162333859945934	0.146427264983374	0.135500236224646	0.123217940044883	0.10467288494533	0.0813633669422933	0.0612507963970246	0.051572911167949	0.0511016625823738	0.0512750826909246	0.045301731584416	0.0345587185336404	0.0253500742582876	0.0210174021229644	0.0191251496261853	0.0157398321739629	0.0103010019213545	0.00527271540736536	0.00280667548538199	0.00341254234868595	0.00646273640107165	0.0100908420834065	0.0115972349509948	0.00972081511030838	0.00600239621104346	0.00291157599169887	0.00144867835357611	0.00107401540695777	0.000947807751192189	0.000695683877428493	0.000380010629502622	0.000151747580237577	4.40398833442016e-05
1.359565868897e-07	1.359565868897e-07	2.03934880334551e-07	3.05902320501826e-07	1.59260332003821e-06	1.12071799612161e-05	6.31286939015089e-05	0.000254598623813713	0.000800147756697243	0.00202557060893272	0.0043171562809414	0.00818376510812998	0.0145554427453079	0.0254137013528362	0.0442801720089897	0.0755302901113736	0.121149626154479	0.17564563532781	0.225800969114705	0.259739728036349	0.27321804598616	0.265479915347047	0.238136720397037	0.200527925852914	0.166493518021105	0.144342031576159	0.134349283796326	0.132130593711645	0.13114601797008	0.126389739262643	0.117034721731145	0.103822647328326	0.0878827188634868	0.0735740744070772	0.0663179527686418	0.0651624146868238	0.0625600104803295	0.0531061845157942	0.0389189234297917	0.0259282315583262	0.017646101321258	0.0131898647102083	0.00980300468625601	0.00622551620485514	0.00326655960529271	0.00209731626678747	0.00326565639095008	0.00652339096977355	0.0102434761912306	0.01179275006004	0.00995840943095376	0.00642304690454361	0.00384602572671939	0.00322306085981819	0.00359832481292216	0.00357107346960594	0.00267858604419268	0.00146948061964804	0.000586799712759266	0.000170299854902923
9.06377245931335e-08	1.359565868897e-07	2.03934880334551e-07	3.05902320501826e-07	5.03724602371428e-06	3.54223317774287e-05	0.000182564543950799	0.000683322813658852	0.00187983924117627	0.00384971068492648	0.00609427599806872	0.00826883295234713	0.0115801246932694	0.0187933887669626	0.0326603164252244	0.0553139793684602	0.0884821754983635	0.130977360299783	0.175351534686676	0.210437267442014	0.227077128083502	0.220601605163879	0.192601363681441	0.153515902086065	0.119189440656103	0.101176933331894	0.100212351677856	0.107756038652263	0.112928889295168	0.11031561970525	0.101891174383706	0.0912576452883752	0.0798896261577566	0.0700808867166164	0.0651697257329716	0.063941265465754	0.0602230081032193	0.0502341048118097	0.0364458651771738	0.0236746546884369	0.0145474807993549	0.00890151108973213	0.00536858216258516	0.00294855099337385	0.00146334533377223	0.00107221060154455	0.00195769620313863	0.00402604825261193	0.00634619535801572	0.00734202237185065	0.00637343983523894	0.00475102091687133	0.00447908074742073	0.00612696909063249	0.00814121143061024	0.00836225261077038	0.00630885116673605	0.00346499076727268	0.00138365593922301	0.000401561896779447
9.06377245931335e-08	1.359565868897e-07	2.03934880334551e-07	3.05902320501826e-07	9.76645633194504e-06	6.86785308581842e-05	0.000351250007401493	0.00130551644312453	0.00353358487609256	0.00699744116199272	0.0102811163377953	0.0118671097736948	0.0127678974349967	0.0165576879041572	0.0262539280409791	0.0428073724862212	0.0668603763971198	0.0987692337552482	0.134995627835623	0.166927389986692	0.184879834619652	0.1830009468044	0.161839015958429	0.12912111514919	0.0977161709638356	0.078962742687477	0.0752491560143653	0.0795664974131178	0.0826226569251497	0.0799234176601154	0.0725959301079375	0.0633964864382049	0.0542059475954006	0.0470986874360324	0.0440318509216803	0.043607991223846	0.0413677754269547	0.0350013660842379	0.0265993017935119	0.0191007319915397	0.0132373299151956	0.00846296162001882	0.00465123736252749	0.00209012598120746	0.00079807656417105	0.000439174509305885	0.000738767710121016	0.0015188050711011	0.00240378714305241	0.00283014515530629	0.00270480523342785	0.00290683146583246	0.0047073318108011	0.00825346366985539	0.0115760007442124	0.0120015345645989	0.00906836340047736	0.00498207661338994	0.00198946558844858	0.000577378777937722
9.06377245931335e-08	1.359565868897e-07	2.03934880334551e-07	3.05902320501826e-07	1.15465160460104e-05	8.11960583877936e-05	0.000414996787967093	0.00154152425134635	0.00416359457882614	0.00820245236628891	0.0118682612294947	0.0130639665567417	0.0124231418929419	0.0135113729814342	0.0194549401640514	0.031082376957206	0.0488637594385058	0.0738194677955773	0.104577070352524	0.135328871450099	0.157989173849417	0.165994449051087	0.156537565744362	0.13201242738408	0.101159933888823	0.0756759129961474	0.0617707838861468	0.0565477601186712	0.0536279857096246	0.0492134572791413	0.0426545661217898	0.0348429692538306	0.0274024902926062	0.022220159551372	0.0203157921127579	0.0204987909036128	0.020213856880594	0.0184858462149035	0.0166688412904785	0.0155914399669605	0.013926155677869	0.0104411472894535	0.00607151321731058	0.00264600815911634	0.000867289463859535	0.000257182408211004	0.000195616796324719	0.000352639132981454	0.000560559685941465	0.000702571540140859	0.000884439633667648	0.00164512369934859	0.00372824714892289	0.00710824562478504	0.0101194615409903	0.0105173482675284	0.00795011254842362	0.00436806228820667	0.00174427458366084	0.000506219928280983
9.06377245931335e-08	1.359565868897e-07	2.03934880334551e-07	3.05902320501826e-07	8.32405642183229e-06	5.85354550720876e-05	0.000299158494026262	0.00111117390311738	0.00299999944578427	0.00590238497125354	0.0085010397682915	0.00920343126747948	0.00830705198521905	0.00822204863160812	0.0112731907035051	0.0185176723222228	0.0311906464452828	0.0514318060485433	0.0802274657994611	0.11488511868948	0.148040465121551	0.169533108609839	0.170826404098354	0.149935451163776	0.114647328530204	0.0793789459290778	0.0546630361208044	0.040887420924669	0.0331451402450771	0.0276329202602993	0.0225341157828622	0.0171983055490347	0.0121222206962379	0.00847266551149729	0.00690550009090914	0.00686848934635696	0.00732860631461212	0.00814477017274942	0.00996849582578653	0.012290777152013	0.0129029199165257	0.0104422989190645	0.00627187078559703	0.00275906225974465	0.000887819352416074	0.000214742367889201	5.77015378932571e-05	5.32221607830703e-05	8.25506217490079e-05	0.00012590444020273	0.00026409334466168	0.000752694021560072	0.00193720809414319	0.00378226728023257	0.0054059162407833	0.00562211720882662	0.00425023413685738	0.00233527131486329	0.000932531207594248	0.000270637367218514
9.06377245931335e-08	1.359565868897e-07	2.03934880334551e-07	3.05902320501826e-07	3.65922545252189e-06	2.57319768415969e-05	0.000131509004769342	0.00048846807642976	0.00131866382964525	0.00259312602950408	0.00372771714050071	0.00400625490148629	0.00352835992701474	0.00333952251477778	0.00460423973975758	0.00826671385014023	0.0160839279898458	0.0314645580025015	0.0583605061081929	0.0972806439908975	0.140085126313074	0.170939821939494	0.176045882797293	0.153223322142653	0.113364652267814	0.0732928960815165	0.044493237164163	0.0280539070637851	0.0197337345956179	0.0158713985065228	0.0139231452548371	0.0117532954144558	0.0085261784416122	0.00515375255765636	0.00290263244833741	0.00204306882180827	0.00217418467972519	0.00317092243157548	0.00513955683567428	0.00737163673756235	0.00822901868640303	0.00682117249282652	0.00413869757431663	0.00183131363157436	0.000592596208191413	0.000142379026864161	2.80457244034128e-05	8.33515721525166e-06	8.7445990107788e-06	1.9769578916664e-05	6.82427047038687e-05	0.000234524295567385	0.000626737425065739	0.00123148360579534	0.00176197403437905	0.00183275370624034	0.00138557209946246	0.00076130024176244	0.000304005889711398	8.82279895196959e-05
9.06377245931335e-08	1.359565868897e-07	2.03934880334551e-07	3.05902320501826e-07	9.80874449604094e-07	6.89759047350628e-06	3.5251673979861e-05	0.000130936413138197	0.000353464178890851	0.000694874262537077	0.000997808038637411	0.00106791972298872	0.000928171765120528	0.000864356301152476	0.00128482470397563	0.00277793829676844	0.00693448692118265	0.0174138658865526	0.0394713808408723	0.075259493340944	0.116787591391186	0.14687008442213	0.151596025969589	0.13102404515984	0.0971175358358334	0.063863829220786	0.039174894693146	0.0238185888064541	0.0157303652756536	0.0130467930082823	0.0132800622332277	0.0130043341050987	0.0102692652839717	0.0061395257662973	0.00278625288018304	0.00108874815955464	0.000663564062165543	0.00101582978718449	0.00190131857129755	0.00290033380524707	0.00331010996007342	0.00277491201551326	0.00171298274426815	0.000798763695815965	0.000305224430122606	0.000112653341842003	4.47805576796921e-05	1.70965684068448e-05	5.56107486992335e-06	3.64112253329254e-06	1.25129127457713e-05	4.58786561104632e-05	0.000124248133930027	0.000244694454578865	0.000350232734583557	0.00036432393031244	0.000275433662664263	0.000151336850548082	6.04325223784009e-05	1.75386074135341e-05
9.06377245931335e-08	1.359565868897e-07	2.03934880334551e-07	3.05902320501826e-07	1.60327409961007e-07	1.12743564279336e-06	5.76201122198886e-06	2.14020214274158e-05	5.77741872662939e-05	0.000113551850550075	0.000162918847273048	0.000173863604778231	0.000149964327477504	0.000140217365794785	0.00026366253941298	0.000821430684323146	0.00287522020098372	0.00914748826245795	0.0238416824995043	0.0490791994859093	0.0795480542659005	0.103515351080073	0.112231091999421	0.106383621175861	0.0921621991681722	0.0745700214922859	0.0559400348915934	0.0382039701957761	0.0243178463802102	0.0166845170355838	0.0143492829375393	0.0133106947709393	0.0104993413112868	0.0063169690576275	0.00281750150105034	0.000944973999604261	0.000302931914429142	0.000256657224499154	0.000460818289475693	0.000720130392226086	0.00085537871450705	0.000802783883182624	0.000682017734862547	0.000614410992748376	0.000564964948402613	0.000445784283592438	0.000270448352589341	0.000121224347737817	3.9687376088329e-05	9.73664618183423e-06	3.12633638534025e-06	5.76377485835095e-06	1.50608228340719e-05	2.96608062618278e-05	4.24537013105253e-05	4.4161775272525e-05	3.33868804682587e-05	1.83444002117143e-05	7.32536967895038e-06	2.12595433554227e-06
9.06377245931335e-08	1.359565868897e-07	2.03934880334551e-07	3.05902320501826e-07	1.59798328603441e-08	1.12371509881026e-07	5.74299655244245e-07	2.13313946359381e-06	5.75835321223072e-06	1.13157307854584e-05	1.62248293770189e-05	1.72822919342586e-05	1.48630387795972e-05	1.42161133311289e-05	5.15673100577906e-05	0.000260199297198324	0.0011720134710836	0.00423900183680306	0.0118292791532133	0.0256198989105905	0.0442260542466297	0.0639352288997383	0.0822797180001706	0.0983189748621524	0.108813276025835	0.107935346292848	0.0927615246767811	0.067587321882999	0.0418585150685294	0.0236660751546164	0.0146930622777461	0.0110335667370525	0.00830690039270186	0.00515763553605579	0.00245174908779558	0.000874632440671988	0.000241510322878297	7.74789329369586e-05	8.15436307436633e-05	0.000149904268966683	0.000304266053290057	0.000657340600240071	0.00129552061317516	0.00202079492920461	0.00235080650861335	0.00200203512053243	0.00124164450973805	0.000559964515508506	0.00018356011532507	4.37349359366351e-05	7.57315809333846e-06	9.53068041324691e-07	3.05902320501826e-07	3.05902320501826e-07	3.05902320501826e-07	3.05902320501826e-07	3.05902320501826e-07	3.05902320501826e-07	3.05902320501826e-07	3.05902320501826e-07
6.04251497287556e-08	9.06377245931337e-08	1.359565868897e-07	2.03934880334551e-07	3.05902320501826e-07	3.05902320501826e-07	3.05902320501826e-07	3.05902320501826e-07	3.05902320501826e-07	3.05902320501826e-07	3.05902320501826e-07	4.7176994549136e-09	3.81634201762592e-08	2.27253789414289e-07	1.11339964763201e-05	7.88114542819631e-05	0.000395934156652005	0.00153189278749839	0.00454883162825324	0.0108098967228247	0.0216989212691835	0.0389852473257435	0.0642009549140604	0.0950031783486008	0.121958531382337	0.132373980719452	0.119851644374785	0.0899835798413328	0.0562545780446269	0.0304862532597865	0.0165117696971624	0.0109627084806939	0.00842983442687874	0.00585760446418276	0.00320627916178633	0.00131652134692412	0.000400226069698397	9.45564378276833e-05	4.17125221098639e-05	0.000131197511187421	0.000522415123670423	0.00157384765143154	0.00348587781382234	0.00562920933380282	0.00661244476895752	0.00564650169131002	0.00350448172993004	0.00158079049104821	0.000518232948876165	0.000123473908148374	2.13807887626673e-05	2.69073300951379e-06	3.05902320501826e-07	2.03934880334551e-07	2.03934880334551e-07	2.03934880334551e-07	2.03934880334551e-07	2.03934880334551e-07	2.03934880334551e-07	2.03934880334551e-07
4.02834331525039e-08	6.04251497287558e-08	9.06377245931337e-08	1.359565868897e-07	2.03934880334551e-07	2.03934880334551e-07	2.03934880334551e-07	2.03934880334551e-07	2.03934880334551e-07	2.03934880334551e-07	2.03934880334551e-07	3.05902320501826e-07	3.05902320501826e-07	3.05902320501826e-07	2.39872666159947e-06	1.82730198465724e-05	0.000100107497345561	0.000432718847717464	0.00149924656095175	0.00441007870305299	0.0113274373420794	0.025460387256393	0.049093350797599	0.0796482271393401	0.107571279686688	0.120581403328222	0.112439278327156	0.0878067085104255	0.0582444109384365	0.0342971367728754	0.020539111987425	0.0150550517566925	0.0125749022250932	0.00935881559599597	0.00541452811234556	0.00232290071164988	0.000729049011518014	0.000171511185808324	6.38576192894407e-05	0.000208889333570917	0.000879794489927354	0.00269305092904218	0.00599109561673772	0.00968648679482768	0.0113821599963234	0.00972033957244817	0.00603304470228184	0.00272138511546855	0.00089215809914407	0.000212565116568583	3.68078562007069e-05	4.6322011216729e-06	3.05902320501826e-07	2.03934880334551e-07	1.359565868897e-07	1.359565868897e-07	1.359565868897e-07	1.359565868897e-07	1.359565868897e-07	1.359565868897e-07
2.68556221016693e-08	4.02834331525039e-08	6.04251497287558e-08	9.06377245931337e-08	1.359565868897e-07	1.359565868897e-07	1.359565868897e-07	1.359565868897e-07	1.359565868897e-07	1.359565868897e-07	1.359565868897e-07	2.03934880334551e-07	2.03934880334551e-07	3.05902320501826e-07	3.57901547042723e-07	2.82094331946873e-06	2.42321744028649e-05	0.000138770317123526	0.000645846308097125	0.00242032529791613	0.00727659024834789	0.0175863327642624	0.0344515636504076	0.0554170243036556	0.0741746358490128	0.0837295973204331	0.0810217730401878	0.0684147546217046	0.051207522521401	0.0351521897667828	0.0246000251803136	0.0197956895505932	0.0168627357271509	0.0124899715559229	0.00716968277239999	0.00305533185096682	0.000953287035609873	0.000222025754684115	7.3715362127763e-05	0.000219282092147302	0.000923566431626545	0.00282703684235327	0.00628916737219026	0.0101684133584826	0.0119484504760593	0.0102039503951264	0.00633320352800795	0.00285678072430576	0.000936545160837784	0.000223140754397924	3.86391376580648e-05	4.86266453075101e-06	3.05902320501826e-07	2.03934880334551e-07	1.359565868897e-07	9.06377245931335e-08	9.06377245931335e-08	9.06377245931335e-08	9.06377245931335e-08	9.06377245931335e-08
1.79037480677795e-08	2.68556221016693e-08	4.02834331525039e-08	6.04251497287556e-08	9.06377245931335e-08	9.06377245931335e-08	9.06377245931335e-08	9.06377245931335e-08	9.06377245931335e-08	9.06377245931335e-08	9.06377245931337e-08	1.359565868897e-07	2.03934880334551e-07	3.05902320501826e-07	3.36374348741386e-08	2.75471721381529e-07	1.01057968242329e-05	7.1732016120225e-05	0.000388827459705657	0.00155785851441536	0.00474562927016222	0.011203302836361	0.0210192504271365	0.0322627687869349	0.0418603388110392	0.0476450068669479	0.0493973631133738	0.0475214650798337	0.0420307790378357	0.0343668289840219	0.0278129300384724	0.0236970333100634	0.0197098787844843	0.01391951412997	0.00763696075013109	0.00313293518442983	0.000946433571825099	0.000213032850325586	5.75389604620533e-05	0.000140365432722412	0.000591187363061416	0.00180962451522287	0.00402578108871816	0.00650893890689888	0.00764836473882124	0.00653168664465229	0.00405396922759559	0.00182866397631257	0.000599495223151965	0.000142835414613019	2.47334345649704e-05	3.11265732809723e-06	3.05902320501826e-07	2.03934880334551e-07	1.359565868897e-07	9.06377245931335e-08	6.04251497287556e-08	6.04251497287557e-08	6.04251497287557e-08	6.04251497287557e-08
1.19358320451864e-08	1.79037480677795e-08	2.68556221016692e-08	4.02834331525038e-08	6.04251497287557e-08	6.04251497287557e-08	6.04251497287557e-08	6.04251497287557e-08	6.04251497287557e-08	6.04251497287557e-08	6.04251497287558e-08	9.06377245931337e-08	1.359565868897e-07	2.03934880334551e-07	3.05902320501826e-07	4.08860029240086e-09	4.77528912896153e-06	3.50189881409817e-05	0.000194750697060306	0.00078121670226622	0.00235495542477776	0.00544343928147638	0.00993476344221799	0.0148437438559636	0.0191473705725491	0.0228907093233028	0.0269287864321406	0.0310368163121671	0.0334104705075443	0.0332103710020538	0.0316001736909492	0.0288813268963077	0.0235612583878734	0.0157010942823714	0.00807684215887438	0.0031196513816164	0.000891891755661895	0.000189696432416784	3.69018927776579e-05	5.47882302962638e-05	0.000230755598208462	0.000706342884902921	0.00157136566413204	0.00254060588065673	0.00298535302155951	0.00254948490642954	0.00158236821806919	0.000713774475136123	0.000233998369189051	5.57523276101501e-05	9.65409419314106e-06	1.21495002877524e-06	3.05902320501826e-07	2.03934880334551e-07	1.359565868897e-07	9.06377245931335e-08	6.04251497287557e-08	4.02834331525038e-08	4.02834331525038e-08	4.02834331525038e-08
7.95722136345758e-09	1.19358320451863e-08	1.79037480677795e-08	2.68556221016692e-08	4.02834331525038e-08	4.02834331525038e-08	4.02834331525038e-08	4.02834331525038e-08	4.02834331525038e-08	4.02834331525038e-08	4.02834331525039e-08	6.04251497287558e-08	9.06377245931337e-08	1.359565868897e-07	2.03934880334551e-07	3.05902320501826e-07	1.58547339134482e-06	1.15067187708483e-05	6.41533022801521e-05	0.000256669121340829	0.000771949600745203	0.00177859446848588	0.00325041479739949	0.00492871080701459	0.00678064235253719	0.00953372125259245	0.0143636278684508	0.0213376076694331	0.0285481899112185	0.033698639262332	0.0355808748408627	0.0332629223430562	0.0262590882797888	0.0165886683474946	0.00807226774777022	0.00296039889746479	0.000805873259531743	0.000163516965973646	2.38136157797635e-05	1.30402067567909e-05	5.49223929054431e-05	0.000168117444394811	0.000374002464397926	0.000604692390904654	0.000710547145484295	0.000606805697562856	0.000376621194322535	0.000169886245333419	5.56942083815618e-05	1.32696726154025e-05	2.29778154262958e-06	2.89171588290534e-07	3.05902320501826e-07	2.03934880334551e-07	1.359565868897e-07	9.06377245931335e-08	6.04251497287557e-08	4.02834331525038e-08	2.68556221016692e-08	2.68556221016692e-08
5.30481424230504e-09	7.95722136345756e-09	1.19358320451863e-08	1.79037480677795e-08	2.68556221016692e-08	2.68556221016692e-08	2.68556221016692e-08	2.68556221016692e-08	2.68556221016692e-08	2.68556221016692e-08	4.02834331525038e-08	6.04251497287557e-08	9.06377245931335e-08	1.359565868897e-07	2.03934880334551e-07	3.05902320501826e-07	3.22923700217356e-07	2.33217402836336e-06	1.30856098348018e-05	5.24893174421987e-05	0.000158723749971436	0.000368718093761292	0.000704087162588107	0.00119882564950237	0.00221155575485115	0.004793316465958	0.010461156274931	0.0195663097780722	0.0296692160862405	0.0366933348328378	0.0378968954296971	0.0330330057893389	0.0239207729558867	0.0139400432918655	0.00633873067899254	0.00219953220557835	0.000569809525084163	0.000111451801303227	1.36160750569468e-05	1.89256926548121e-06	7.9710724483256e-06	2.43994527224173e-05	5.42802412979485e-05	8.77610497625373e-05	0.000103124107945503	8.80677610980587e-05	5.46603064197939e-05	2.46561647788746e-05	8.08308863610301e-06	1.92587242083644e-06	3.33484798782511e-07	4.19684496309117e-08	3.05902320501826e-07	2.03934880334551e-07	1.359565868897e-07	9.06377245931335e-08	6.04251497287557e-08	4.02834331525038e-08	2.68556221016692e-08	1.79037480677795e-08
3.53654282820336e-09	5.30481424230504e-09	7.95722136345756e-09	1.19358320451863e-08	1.79037480677795e-08	1.79037480677795e-08	1.79037480677795e-08	1.79037480677795e-08	1.79037480677795e-08	2.68556221016692e-08	4.02834331525038e-08	6.04251497287557e-08	9.06377245931335e-08	1.359565868897e-07	2.03934880334551e-07	3.05902320501826e-07	4.01061509103478e-08	2.89176368364047e-07	1.63810593053351e-06	6.60493026494521e-06	2.01524607996554e-05	4.74151930062021e-05	0.000117997462111689	0.000332714567157749	0.00116068647105787	0.00378454934411254	0.00989543073178826	0.0198993949408903	0.0308554496891637	0.0375718177762472	0.036716720277242	0.0292077263472128	0.0188971048837019	0.00980494771692338	0.00400327994982885	0.00126450801630661	0.000300098758298047	5.51862929703246e-05	5.46248057881326e-06	1.67490118473613e-07	7.05430386661354e-07	2.15932240986166e-06	4.80373649281369e-06	7.76674803411148e-06	9.12636032525144e-06	7.79389162080109e-06	4.83737180193903e-06	2.18204112010062e-06	7.15343685426158e-07	1.70437407927018e-07	2.95130061953266e-08	3.71415764222926e-09	3.05902320501826e-07	2.03934880334551e-07	1.359565868897e-07	9.06377245931335e-08	6.04251497287557e-08	4.02834331525038e-08	2.68556221016692e-08	1.79037480677795e-08
2.35769521880224e-09	3.53654282820336e-09	5.30481424230504e-09	7.95722136345753e-09	1.19358320451863e-08	1.19358320451863e-08	1.19358320451863e-08	1.19358320451863e-08	1.19358320451863e-08	1.79037480677795e-08	2.68556221016692e-08	4.02834331525038e-08	6.04251497287556e-08	9.06377245931337e-08	1.359565868897e-07	2.03934880334551e-07	3.05902320501826e-07	3.05902320501826e-07	1.089949765132e-08	7.40323970603315e-08	3.71760974007897e-07	1.36227418664914e-06	2.65508771592883e-05	0.000161941465720653	0.000788343143840497	0.00286146704566782	0.00781132808005168	0.0161503980945644	0.025624403590278	0.0316666694189944	0.0308403790974505	0.023765505261849	0.0144230935009293	0.00682630496812858	0.00249475803071734	0.000699443266029835	0.000146605848581031	2.40531004358173e-05	1.60376995648966e-06	3.61826580230047e-08	3.05902320501826e-07	3.05902320501826e-07	3.05902320501826e-07	3.05902320501826e-07	3.05902320501826e-07	3.05902320501826e-07	3.05902320501826e-07	3.05902320501826e-07	3.05902320501826e-07	3.05902320501826e-07	3.05902320501826e-07	3.05902320501826e-07	2.03934880334551e-07	1.359565868897e-07	9.06377245931337e-08	6.04251497287556e-08	4.02834331525038e-08	2.68556221016692e-08	1.79037480677795e-08	1.19358320451863e-08
1.57179681253483e-09	2.35769521880224e-09	3.53654282820335e-09	5.30481424230502e-09	7.95722136345754e-09	7.95722136345754e-09	7.95722136345754e-09	7.95722136345754e-09	7.95722136345756e-09	1.19358320451863e-08	1.79037480677795e-08	2.68556221016692e-08	4.02834331525039e-08	6.04251497287558e-08	9.06377245931337e-08	1.359565868897e-07	2.03934880334551e-07	2.03934880334551e-07	3.05902320501826e-07	3.05902320501826e-07	3.05902320501826e-07	3.05902320501826e-07	1.12805579163265e-05	8.54846253279624e-05	0.000450044094915184	0.00173912709158458	0.00507985773527834	0.0113008890216506	0.0192654687418599	0.025254176418381	0.025458751584809	0.0196904951491189	0.0116511808738992	0.00527490968268504	0.001841134963634	0.000505627313296161	0.000111573051807662	1.99656746317068e-05	2.46872926015615e-06	3.67820236136476e-07	3.05902320501826e-07	3.05902320501826e-07	3.05902320501826e-07	2.03934880334551e-07	2.03934880334551e-07	2.03934880334551e-07	2.03934880334551e-07	2.03934880334551e-07	2.03934880334551e-07	2.03934880334551e-07	2.03934880334551e-07	2.03934880334551e-07	1.359565868897e-07	9.06377245931337e-08	6.04251497287558e-08	4.02834331525039e-08	2.68556221016692e-08	1.79037480677795e-08	1.19358320451863e-08	7.95722136345756e-09
1.04786454168989e-09	1.57179681253482e-09	2.35769521880224e-09	3.53654282820335e-09	5.30481424230502e-09	5.30481424230502e-09	5.30481424230502e-09	5.30481424230502e-09	5.30481424230504e-09	7.95722136345756e-09	1.19358320451863e-08	1.79037480677795e-08	2.68556221016693e-08	4.02834331525039e-08	6.04251497287558e-08	9.06377245931337e-08	1.359565868897e-07	1.359565868897e-07	2.03934880334551e-07	2.03934880334551e-07	2.03934880334551e-07	3.05902320501826e-07	3.44429323654628e-06	5.016005871267e-05	0.000301345972722813	0.00133635203548646	0.00443786490314167	0.0110002131749171	0.02029613044666	0.0278309429829607	0.028388183847419	0.0216721150149982	0.0126017624393689	0.00580912677304459	0.00227660135555071	0.000815577253407562	0.000271237660120477	7.86460424476047e-05	2.14319315824357e-05	5.4612862917757e-06	9.87215744494489e-07	2.22650700088039e-07	3.6495087776066e-08	3.05902320501826e-07	2.03934880334551e-07	1.359565868897e-07	1.359565868897e-07	1.359565868897e-07	1.359565868897e-07	1.359565868897e-07	1.359565868897e-07	1.359565868897e-07	9.06377245931337e-08	6.04251497287558e-08	4.02834331525039e-08	2.68556221016693e-08	1.79037480677795e-08	1.19358320451863e-08	7.95722136345756e-09	5.30481424230504e-09
6.9857636112659e-10	1.04786454168988e-09	1.57179681253482e-09	2.35769521880224e-09	3.53654282820335e-09	3.53654282820335e-09	3.53654282820335e-09	3.53654282820335e-09	3.53654282820336e-09	5.30481424230504e-09	7.95722136345758e-09	1.19358320451864e-08	1.79037480677795e-08	2.68556221016693e-08	4.02834331525039e-08	6.04251497287556e-08	9.06377245931335e-08	9.06377245931337e-08	1.359565868897e-07	1.359565868897e-07	2.03934880334551e-07	3.05902320501826e-07	6.46135920030788e-07	4.78535344557306e-05	0.000313379028421308	0.00149787581188606	0.00524547416438535	0.0134413811602088	0.025212277884391	0.0347042144608078	0.0353441201078082	0.0272377191155976	0.0167502926376787	0.00902467164818167	0.00463425789917445	0.00225274234732144	0.000979811186159231	0.000373470915402187	0.000132514275611661	4.23032654263503e-05	1.03654605619665e-05	2.32241313470722e-06	3.78720169450158e-07	3.05902320501826e-07	2.03934880334551e-07	1.359565868897e-07	9.06377245931335e-08	9.06377245931335e-08	9.06377245931335e-08	9.06377245931335e-08	9.06377245931335e-08	9.06377245931335e-08	6.04251497287556e-08	4.02834331525039e-08	2.68556221016693e-08	1.79037480677795e-08	1.19358320451864e-08	7.95722136345758e-09	5.30481424230504e-09	3.53654282820336e-09
4.65717574084393e-10	6.9857636112659e-10	1.04786454168988e-09	1.57179681253482e-09	2.35769521880223e-09	2.35769521880223e-09	2.35769521880223e-09	2.35769521880223e-09	2.35769521880224e-09	3.53654282820338e-09	5.30481424230506e-09	7.95722136345758e-09	1.19358320451864e-08	1.79037480677795e-08	2.68556221016692e-08	4.02834331525038e-08	6.04251497287557e-08	6.04251497287556e-08	9.06377245931335e-08	1.359565868897e-07	2.03934880334551e-07	3.05902320501826e-07	7.42419194939687e-08	4.48922698813749e-05	0.000296070445944076	0.00142184350858169	0.00498098373384829	0.0127261703094141	0.0237814929552512	0.0327451741041993	0.0339081426944284	0.0277798688312446	0.0198218911070947	0.0135907304750679	0.00899786659916974	0.00541973356526955	0.00291807414113606	0.00143024114456334	0.000632540174895769	0.000234284393276102	6.56414407321271e-05	1.46473179000589e-05	2.38090881704412e-06	3.05902320501826e-07	2.03934880334551e-07	1.359565868897e-07	9.06377245931335e-08	6.04251497287556e-08	6.04251497287557e-08	6.04251497287557e-08	6.04251497287557e-08	6.04251497287557e-08	4.02834331525038e-08	2.68556221016692e-08	1.79037480677795e-08	1.19358320451864e-08	7.95722136345758e-09	5.30481424230506e-09	3.53654282820338e-09	2.35769521880224e-09
3.10478382722929e-10	4.65717574084393e-10	6.9857636112659e-10	1.04786454168988e-09	1.57179681253482e-09	1.57179681253482e-09	1.57179681253482e-09	1.57179681253482e-09	1.57179681253484e-09	2.35769521880225e-09	3.53654282820338e-09	5.30481424230506e-09	7.95722136345758e-09	1.19358320451863e-08	1.79037480677795e-08	2.68556221016692e-08	4.02834331525038e-08	4.02834331525038e-08	6.04251497287556e-08	9.06377245931337e-08	1.359565868897e-07	2.03934880334551e-07	3.05902320501826e-07	2.91041698668728e-05	0.000190461375668554	0.000907379908582949	0.0031549850921359	0.00800601589388078	0.014926507222664	0.0207919393955867	0.0225998027845782	0.0209943017415824	0.0186781193868434	0.0164724619232793	0.0136533838167287	0.0103073971120345	0.0071053908200201	0.00434365422871663	0.0022052796913718	0.000873139322512272	0.000256653081929055	5.68971064909891e-05	9.20055634172861e-06	3.05902320501826e-07	2.03934880334551e-07	1.359565868897e-07	1.359565868897e-07	9.06377245931337e-08	6.04251497287558e-08	4.02834331525039e-08	4.02834331525038e-08	4.02834331525038e-08	2.68556221016692e-08	1.79037480677795e-08	1.19358320451863e-08	7.95722136345758e-09	5.30481424230506e-09	3.53654282820338e-09	2.35769521880225e-09	1.57179681253484e-09
2.06985588481953e-10	3.10478382722929e-10	4.65717574084392e-10	6.98576361126587e-10	1.04786454168988e-09	1.04786454168988e-09	1.04786454168988e-09	1.04786454168988e-09	1.04786454168989e-09	1.57179681253484e-09	2.35769521880225e-09	3.53654282820338e-09	5.30481424230504e-09	7.95722136345756e-09	1.19358320451863e-08	1.79037480677795e-08	2.68556221016692e-08	4.02834331525038e-08	6.04251497287557e-08	9.06377245931335e-08	1.359565868897e-07	2.03934880334551e-07	3.05902320501826e-07	1.22306268145711e-05	7.93249874452327e-05	0.000374503775258227	0.00129338872509316	0.00326763671672294	0.0061259558361696	0.00882298960025509	0.0105814177374418	0.0119944133203878	0.0139013970469221	0.0159168206508893	0.0170766620224854	0.0166717648576333	0.0141398002949933	0.00977664146976322	0.0052358598249649	0.00210693886846777	0.00062467941663332	0.000137076494773863	2.19827137543695e-05	3.05902320501826e-07	2.03934880334551e-07	2.03934880334551e-07	2.03934880334551e-07	1.359565868897e-07	9.06377245931337e-08	6.04251497287558e-08	4.02834331525039e-08	2.68556221016692e-08	1.79037480677795e-08	1.19358320451863e-08	7.95722136345756e-09	5.30481424230506e-09	3.53654282820336e-09	2.35769521880224e-09	1.57179681253483e-09	1.04786454168989e-09
1.37990392321302e-10	2.06985588481952e-10	3.10478382722928e-10	4.65717574084392e-10	6.98576361126588e-10	6.98576361126588e-10	6.98576361126588e-10	6.98576361126587e-10	1.04786454168988e-09	1.57179681253482e-09	2.35769521880223e-09	3.53654282820335e-09	5.30481424230502e-09	7.95722136345754e-09	1.19358320451863e-08	1.79037480677795e-08	2.68556221016692e-08	4.02834331525038e-08	6.04251497287557e-08	9.06377245931335e-08	1.359565868897e-07	2.03934880334551e-07	3.05902320501826e-07	3.26920508794267e-06	2.10519167009851e-05	9.86475978181643e-05	0.000339685768537505	0.000859599818260564	0.0016464051596321	0.00255336438949471	0.00365821383022562	0.00554137684773421	0.0088991616937949	0.0138910299031326	0.0194747021750822	0.0229390421539114	0.0214750941528536	0.0153925321466247	0.0082710410185076	0.00329533223071088	0.000966360385394503	0.00020871241112178	3.30257463381505e-05	3.05902320501826e-07	3.05902320501826e-07	3.05902320501826e-07	3.05902320501826e-07	2.03934880334551e-07	1.359565868897e-07	9.06377245931337e-08	6.04251497287556e-08	4.02834331525038e-08	2.68556221016692e-08	1.79037480677795e-08	1.19358320451863e-08	7.95722136345753e-09	5.30481424230502e-09	3.53654282820335e-09	2.35769521880224e-09	1.57179681253482e-09
9.19935948808677e-11	1.37990392321302e-10	2.06985588481952e-10	3.10478382722928e-10	4.65717574084392e-10	4.65717574084392e-10	4.65717574084392e-10	6.98576361126588e-10	1.04786454168988e-09	1.57179681253482e-09	2.35769521880223e-09	3.53654282820335e-09	5.30481424230502e-09	7.95722136345754e-09	1.19358320451863e-08	1.79037480677795e-08	2.68556221016692e-08	4.02834331525038e-08	6.04251497287557e-08	9.06377245931335e-08	1.359565868897e-07	2.03934880334551e-07	3.05902320501826e-07	5.50555181344152e-07	3.52601836221509e-06	1.64276185542508e-05	5.67269337989987e-05	0.000145178368020722	0.000293957784340074	0.000538942095816334	0.00108377583505454	0.00252921306455867	0.00592900647415145	0.0121163195585401	0.0199231278858774	0.0252543589847996	0.0241266449078253	0.0171770246463896	0.00907076541348995	0.00355713802269111	0.0010502599696841	0.000246569047593518	5.28622666049734e-05	8.50790075380826e-06	2.63776548823745e-06	5.94358261759872e-07	9.73327024001692e-08	3.05902320501826e-07	2.03934880334551e-07	1.359565868897e-07	9.06377245931335e-08	6.04251497287557e-08	4.02834331525038e-08	2.68556221016692e-08	1.79037480677795e-08	1.19358320451863e-08	7.95722136345754e-09	5.30481424230502e-09	3.53654282820335e-09	2.35769521880223e-09
6.13290632539119e-11	9.19935948808677e-11	1.37990392321302e-10	2.06985588481952e-10	3.10478382722928e-10	3.10478382722928e-10	4.65717574084392e-10	6.98576361126588e-10	1.04786454168988e-09	1.57179681253482e-09	2.35769521880223e-09	3.53654282820335e-09	5.30481424230502e-09	7.95722136345754e-09	1.19358320451863e-08	1.79037480677795e-08	2.68556221016692e-08	4.02834331525038e-08	6.04251497287557e-08	9.06377245931335e-08	1.359565868897e-07	2.03934880334551e-07	3.05902320501826e-07	5.28602398867035e-08	3.34534125948184e-07	1.53868627392553e-06	5.34696605647393e-06	1.40260503738675e-05	3.43641552081459e-05	0.000105588924912199	0.000393518960424174	0.00144130434737358	0.00435048146282175	0.0101085991613179	0.0176140332971394	0.022764125085985	0.0217266389413506	0.015322134794276	0.00806418003195296	0.00329715414351179	0.00118244352876544	0.000454202137535241	0.000192365682416367	7.11722434580918e-05	2.20660410771899e-05	4.97206210220153e-06	8.14229854357203e-07	3.05902320501826e-07	2.03934880334551e-07	1.359565868897e-07	9.06377245931335e-08	6.04251497287557e-08	4.02834331525038e-08	2.68556221016692e-08	1.79037480677795e-08	1.19358320451863e-08	7.95722136345754e-09	5.30481424230502e-09	3.53654282820335e-09	2.35769521880223e-09
4.08860421692746e-11	6.13290632539119e-11	9.19935948808677e-11	1.37990392321301e-10	2.06985588481952e-10	2.06985588481952e-10	3.10478382722928e-10	4.65717574084392e-10	6.98576361126587e-10	1.04786454168988e-09	1.57179681253482e-09	2.35769521880224e-09	3.53654282820335e-09	5.30481424230502e-09	7.95722136345753e-09	1.19358320451863e-08	1.79037480677795e-08	2.68556221016692e-08	4.02834331525038e-08	6.04251497287556e-08	9.06377245931337e-08	1.359565868897e-07	2.03934880334551e-07	3.05902320501826e-07	3.05902320501826e-07	3.05902320501826e-07	2.41087459050462e-08	1.81311521594327e-07	3.06174611790953e-06	3.64227087092727e-05	0.000216064427363096	0.000966761149608713	0.00321180573733602	0.00786002097663651	0.0141158588525269	0.0185885841276618	0.0180081733023098	0.0130443840799475	0.00750464271671654	0.00403851353049588	0.00246062599683552	0.00158342084719305	0.000870623448657572	0.000363052136786641	0.00011255965772967	2.53626650325144e-05	4.15341534981851e-06	3.05902320501826e-07	2.03934880334551e-07	1.359565868897e-07	9.06377245931335e-08	6.04251497287557e-08	4.02834331525038e-08	2.68556221016692e-08	1.79037480677795e-08	1.19358320451863e-08	7.95722136345754e-09	5.30481424230502e-09	3.53654282820335e-09	2.35769521880223e-09
2.72573614461831e-11	4.08860421692746e-11	6.13290632539117e-11	9.19935948808674e-11	1.37990392321301e-10	1.37990392321302e-10	2.06985588481952e-10	3.10478382722928e-10	4.65717574084392e-10	6.9857636112659e-10	1.04786454168988e-09	1.57179681253482e-09	2.35769521880224e-09	3.53654282820335e-09	5.30481424230504e-09	7.95722136345756e-09	1.19358320451863e-08	1.79037480677795e-08	2.68556221016692e-08	4.02834331525039e-08	6.04251497287558e-08	9.06377245931337e-08	1.359565868897e-07	2.03934880334551e-07	2.03934880334551e-07	2.03934880334551e-07	3.05902320501826e-07	3.05902320501826e-07	6.64132085374462e-07	2.01447668791755e-05	0.0001309079989625	0.000620563452219063	0.00214547131530306	0.00541177579084161	0.00996392385545436	0.0134478530012822	0.0135324013209387	0.0108007976469147	0.00807170969150091	0.00683022088296652	0.00608000200964204	0.0046091051510783	0.00266162456508545	0.00112926908681529	0.000350115393953256	7.88902493013047e-05	1.29191459958561e-05	3.05902320501826e-07	2.03934880334551e-07	1.359565868897e-07	9.06377245931335e-08	6.04251497287557e-08	4.02834331525038e-08	2.68556221016692e-08	1.79037480677795e-08	1.19358320451863e-08	7.95722136345754e-09	5.30481424230502e-09	3.53654282820335e-09	2.35769521880223e-09
