4.02834331525038e-08	6.04251497287556e-08	9.06377245931337e-08	1.359565868897e-07	2.03934880334551e-07	3.05902320501826e-07	3.05902320501826e-07	3.05902320501826e-07	3.05902320501826e-07	3.05902320501826e-07	3.05902320501826e-07	3.05902320501826e-07	3.05902320501826e-07	3.05902320501826e-07	3.05902320501826e-07	3.05902320501826e-07	3.05902320501826e-07	3.05902320501826e-07	3.05902320501826e-07	3.05902320501826e-07	3.05902320501826e-07	3.05902320501826e-07	3.05902320501826e-07	3.05902320501826e-07	3.05902320501826e-07	3.05902320501826e-07	3.05902320501826e-07	2.03934880334551e-07	1.359565868897e-07	9.06377245931337e-08	9.06377245931335e-08	6.04251497287556e-08	6.04251497287557e-08	4.02834331525038e-08	2.68556221016692e-08	2.68556221016692e-08	2.68556221016692e-08	1.79037480677795e-08	1.19358320451863e-08	7.95722136345756e-09	5.30481424230504e-09	3.53654282820338e-09	3.53654282820335e-09	2.35769521880224e-09	1.57179681253482e-09	1.04786454168988e-09	6.9857636112659e-10	4.65717574084395e-10	4.65717574084392e-10	4.65717574084392e-10	4.65717574084392e-10	4.65717574084392e-10	4.65717574084392e-10	4.65717574084392e-10	4.65717574084392e-10	4.65717574084392e-10	4.65717574084392e-10	4.65717574084392e-10	4.65717574084392e-10	4.65717574084392e-10
6.04251497287557e-08	9.06377245931335e-08	1.359565868897e-07	2.03934880334551e-07	3.05902320501826e-07	2.72330434951714e-08	1.33363937598897e-07	5.3083475452059e-07	1.7173507250705e-06	4.52062377261009e-06	9.67791925497969e-06	1.68843907792015e-05	2.41033960591129e-05	2.84415820376278e-05	2.84059203807478e-05	2.52038386829441e-05	2.13584299396478e-05	1.82224058967759e-05	1.53159439461986e-05	1.18050153323177e-05	7.8461496884756e-06	4.34764928971917e-06	1.96994810359806e-06	7.3341366845685e-07	2.21933020157813e-07	5.45850303832159e-08	1.09119884823123e-08	3.05902320501826e-07	2.03934880334551e-07	1.359565868897e-07	1.359565868897e-07	9.06377245931337e-08	9.06377245931335e-08	6.04251497287556e-08	4.02834331525039e-08	4.02834331525038e-08	4.02834331525038e-08	2.68556221016692e-08	1.79037480677795e-08	1.19358320451863e-08	7.95722136345758e-09	5.30481424230506e-09	5.30481424230502e-09	3.53654282820335e-09	2.35769521880224e-09	1.57179681253482e-09	1.04786454168989e-09	6.98576361126592e-10	6.98576361126588e-10	6.98576361126588e-10	6.98576361126588e-10	6.98576361126588e-10	6.98576361126588e-10	6.98576361126588e-10	6.98576361126588e-10	6.98576361126588e-10	6.98576361126588e-10	6.98576361126588e-10	6.98576361126588e-10	6.98576361126588e-10
6.04251497287558e-08	9.06377245931337e-08	1.359565868897e-07	2.03934880334551e-07	3.05902320501826e-07	1.43146791288157e-07	7.0100940955134e-07	2.83696461647915e-06	9.27366808653411e-06	2.47533757244236e-05	5.41419665488559e-05	9.76331948993146e-05	0.000146631892275264	0.000186647133245805	0.000207103763869055	0.00020805820280965	0.000196032568290856	0.000175195882162048	0.000145503554080238	0.000108316499730313	6.99647082459737e-05	3.83599341699214e-05	1.75763390677149e-05	6.7239774906614e-06	2.11833441985747e-06	5.54549195973987e-07	1.16542441597466e-07	1.06497074035464e-08	3.05902320501826e-07	2.03934880334551e-07	2.03934880334551e-07	1.359565868897e-07	1.359565868897e-07	9.06377245931337e-08	6.04251497287558e-08	6.04251497287557e-08	6.04251497287557e-08	4.02834331525038e-08	2.68556221016692e-08	1.79037480677795e-08	1.19358320451864e-08	7.95722136345758e-09	7.95722136345754e-09	5.30481424230502e-09	3.53654282820335e-09	2.35769521880224e-09	1.57179681253483e-09	1.04786454168989e-09	1.04786454168988e-09	1.04786454168988e-09	1.04786454168988e-09	1.04786454168988e-09	1.04786454168988e-09	1.04786454168988e-09	1.04786454168988e-09	1.04786454168988e-09	1.04786454168988e-09	1.04786454168988e-09	1.04786454168988e-09	1.04786454168988e-09
9.06377245931337e-08	1.359565868897e-07	2.03934880334551e-07	3.05902320501826e-07	3.05902320501826e-07	6.04339710888754e-07	2.99983857210555e-06	1.21988731881251e-05	4.00394796781252e-05	0.000107404592725871	0.000236496299618642	0.00043036124024283	0.000654586885154035	0.000848096271523808	0.000963696293267866	0.000996626867107813	0.00096787558903716	0.00088846778630163	0.00075425318272972	0.000572523026932793	0.000377394541137883	0.000211873263918309	9.9966914602144e-05	3.95750113579818e-05	1.30041178797401e-05	3.57262854539624e-06	7.970583419202e-07	9.9810751597995e-08	7.21982977630444e-09	3.05902320501826e-07	3.05902320501826e-07	2.03934880334551e-07	2.03934880334551e-07	1.359565868897e-07	9.06377245931337e-08	9.06377245931335e-08	9.06377245931335e-08	6.04251497287556e-08	4.02834331525039e-08	2.68556221016693e-08	1.79037480677795e-08	1.19358320451864e-08	1.19358320451863e-08	7.95722136345753e-09	5.30481424230504e-09	3.53654282820336e-09	2.35769521880224e-09	1.57179681253483e-09	1.57179681253482e-09	1.57179681253482e-09	1.57179681253482e-09	1.57179681253482e-09	1.57179681253482e-09	1.57179681253482e-09	1.57179681253482e-09	1.57179681253482e-09	1.57179681253482e-09	1.57179681253482e-09	1.57179681253482e-09	1.57179681253482e-09
1.359565868897e-07	2.03934880334551e-07	3.05902320501826e-07	3.5828551030928e-08	1.83756404624718e-07	2.81525895690421e-06	1.28887990054314e-05	4.92317932939957e-05	0.000154739715606683	0.000403330543328728	0.00087313988004905	0.00157743720112034	0.00240310199818409	0.00314508537321648	0.00363924003479713	0.00385601370787818	0.00384559809926833	0.00362332092785216	0.00316100517236982	0.00248439826318193	0.0017249093955545	0.00105064448858907	0.000563146822808242	0.000269125168025855	0.000115234510847732	4.43953303291293e-05	1.50887362825098e-05	4.29331590149164e-06	1.06853488531677e-06	2.11447312986862e-07	3.75171723183022e-08	3.05902320501826e-07	3.05902320501826e-07	2.03934880334551e-07	1.359565868897e-07	1.359565868897e-07	1.359565868897e-07	9.06377245931337e-08	6.04251497287558e-08	4.02834331525039e-08	2.68556221016693e-08	1.79037480677795e-08	1.79037480677795e-08	1.19358320451863e-08	7.95722136345756e-09	5.30481424230504e-09	3.53654282820336e-09	2.35769521880224e-09	2.35769521880223e-09	2.35769521880223e-09	2.35769521880223e-09	2.35769521880223e-09	2.35769521880223e-09	2.35769521880223e-09	2.35769521880223e-09	2.35769521880223e-09	2.35769521880223e-09	2.35769521880223e-09	2.35769521880223e-09	2.35769521880223e-09
1.359565868897e-07	2.03934880334551e-07	3.05902320501826e-07	1.73269880789558e-07	8.88661400126347e-07	9.28562190789235e-06	4.10255311687194e-05	0.000151716069355588	0.00046558431537115	0.00119451413257674	0.00256510324473315	0.00463043085367483	0.0070997872536852	0.00942204638908541	0.0111344254976142	0.0121122688290308	0.0124252000313838	0.0120394761955848	0.0108176554166853	0.00881091475343404	0.00641308517504585	0.00415942425140905	0.00241433375824622	0.00126438880123875	0.000596816236969132	0.000253128130183246	9.50403974157552e-05	3.08614456543846e-05	8.86250890889096e-06	2.13031668886475e-06	4.63115902076008e-07	5.82232392691636e-08	1.11864308972263e-08	3.05902320501826e-07	2.03934880334551e-07	2.03934880334551e-07	2.03934880334551e-07	1.359565868897e-07	9.06377245931337e-08	6.04251497287558e-08	4.02834331525039e-08	2.68556221016693e-08	2.68556221016692e-08	1.79037480677795e-08	1.19358320451863e-08	7.95722136345756e-09	5.30481424230504e-09	3.53654282820338e-09	3.53654282820335e-09	3.53654282820335e-09	3.53654282820335e-09	3.53654282820335e-09	3.53654282820335e-09	3.53654282820335e-09	3.53654282820335e-09	3.53654282820335e-09	3.53654282820335e-09	3.53654282820335e-09	3.53654282820335e-09	3.53654282820335e-09
1.359565868897e-07	2.03934880334551e-07	3.05902320501826e-07	6.73024672580057e-07	3.45178888061319e-06	2.65977358023842e-05	0.000112617795459972	0.000399169114270453	0.00118456676401538	0.00296647782035884	0.00627850299756019	0.0112758277488547	0.01735807517514	0.023330676776804	0.0281415655943211	0.0314169615118053	0.0331519252249944	0.033075803112185	0.0306982682535853	0.0260264303348047	0.0199595148820341	0.0138397040159509	0.0087064292020559	0.00498346780067726	0.0025828915012064	0.00120551349945786	0.000501845040415648	0.000184492145683446	6.04055560851305e-05	1.70473426281176e-05	4.2751975453218e-06	7.60782745319417e-07	1.53737165694026e-07	3.05902320501826e-07	3.05902320501826e-07	3.05902320501826e-07	3.05902320501826e-07	2.03934880334551e-07	1.359565868897e-07	9.06377245931337e-08	6.04251497287558e-08	4.02834331525039e-08	4.02834331525038e-08	2.68556221016692e-08	1.79037480677795e-08	1.19358320451863e-08	7.95722136345758e-09	5.30481424230506e-09	5.30481424230502e-09	5.30481424230502e-09	5.30481424230502e-09	5.30481424230502e-09	5.30481424230502e-09	5.30481424230502e-09	5.30481424230502e-09	5.30481424230502e-09	5.30481424230502e-09	5.30481424230502e-09	5.30481424230502e-09	5.30481424230502e-09
1.359565868897e-07	2.03934880334551e-07	3.05902320501826e-07	2.09967932262003e-06	1.07687727269926e-05	6.63405221377228e-05	0.000268873009735343	0.000908320512285058	0.00258648181610481	0.00626858738019648	0.0129750496369979	0.0230426331741322	0.0354639377930107	0.0481525033708552	0.0592099111578753	0.0678497021041708	0.0738159924267286	0.0762139648325352	0.0736266825988723	0.0655636054683042	0.0533923073281597	0.0396876137406831	0.0268917788639345	0.0165535214661145	0.0091943439706779	0.00459241003882472	0.00206201268777324	0.000836592439468693	0.000312045901315496	0.000106780923388283	3.4654611600272e-05	9.95137018457073e-06	2.93838397850713e-06	6.53527272603437e-07	1.64035190339031e-07	2.81420497400603e-08	5.16123922023217e-09	3.05902320501826e-07	2.03934880334551e-07	1.359565868897e-07	9.06377245931337e-08	6.04251497287558e-08	6.04251497287557e-08	4.02834331525038e-08	2.68556221016692e-08	1.79037480677795e-08	1.19358320451864e-08	7.95722136345758e-09	7.95722136345754e-09	7.95722136345754e-09	7.95722136345754e-09	7.95722136345754e-09	7.95722136345754e-09	7.95722136345754e-09	7.95722136345754e-09	7.95722136345754e-09	7.95722136345754e-09	7.95722136345754e-09	7.95722136345754e-09	7.95722136345754e-09
1.359565868897e-07	2.03934880334551e-07	3.05902320501826e-07	5.26125115927908e-06	2.69837481293118e-05	0.000142753327131718	0.000556571664814374	0.00179484956926943	0.00489198928931475	0.0114106771442314	0.0229403397690071	0.0400280485904156	0.0612832461074756	0.0837831852529613	0.104874469348788	0.123451543221284	0.138957515618861	0.149420528434598	0.151501670053389	0.142873754494937	0.124211924884812	0.098962715899243	0.0717773305555236	0.0470448684270837	0.0276952676723008	0.014647821801751	0.00700863913513498	0.00308005874772909	0.00127589468566118	0.00050715381767253	0.000199596187013604	7.46935250087729e-05	2.75764363983115e-05	8.5780059153355e-06	2.51399820716754e-06	5.82615834581295e-07	1.19943719723005e-07	3.05902320501826e-07	2.03934880334551e-07	2.03934880334551e-07	1.359565868897e-07	9.06377245931337e-08	9.06377245931335e-08	6.04251497287556e-08	4.02834331525039e-08	2.68556221016693e-08	1.79037480677795e-08	1.19358320451864e-08	1.19358320451863e-08	1.19358320451863e-08	1.19358320451863e-08	1.19358320451863e-08	1.19358320451863e-08	1.19358320451863e-08	1.19358320451863e-08	1.19358320451863e-08	1.19358320451863e-08	1.19358320451863e-08	1.19358320451863e-08	1.19358320451863e-08
1.359565868897e-07	2.03934880334551e-07	3.05902320501826e-07	1.05886154124824e-05	5.43065751241811e-05	0.000260689585242984	0.000985986868252815	0.00305817438325844	0.00800854604803229	0.0179752718440426	0.0349866663274946	0.0597087364884765	0.090558023130227	0.124331848051676	0.158374515732484	0.191981079526954	0.224781884995556	0.253614846251358	0.271987093857837	0.273150703453173	0.253812631678234	0.215923140176294	0.16644519947656	0.115296195529561	0.0715190355946947	0.0399027870198444	0.0202781850245382	0.00958547242595497	0.00433709620685307	0.00191641080508503	0.000838423600387695	0.000347632696690947	0.000136358680698262	4.52088814702495e-05	1.34928047137006e-05	3.2169474472235e-06	6.6653153943524e-07	3.05902320501826e-07	3.05902320501826e-07	3.05902320501826e-07	2.03934880334551e-07	1.359565868897e-07	1.359565868897e-07	9.06377245931337e-08	6.04251497287558e-08	4.02834331525039e-08	2.68556221016693e-08	1.79037480677795e-08	1.79037480677795e-08	1.79037480677795e-08	1.79037480677795e-08	1.79037480677795e-08	1.79037480677795e-08	1.79037480677795e-08	1.79037480677795e-08	1.79037480677795e-08	1.79037480677795e-08	1.79037480677795e-08	1.79037480677795e-08	1.79037480677795e-08
1.359565868897e-07	2.03934880334551e-07	3.05902320501826e-07	1.7116043910055e-05	8.77842558465601e-05	0.000397168896275964	0.00146976899040221	0.00442833175400754	0.0112318711464725	0.0243846074922538	0.0460397415469962	0.0768324686354885	0.115358991644052	0.159145931922925	0.206894483502312	0.259643592423974	0.318367421457738	0.37930764897183	0.431976429922766	0.46199937769429	0.456869967108461	0.412038963383176	0.335009176831959	0.243830280881095	0.158863646690056	0.0934575763407073	0.0505157313140963	0.0257297778772451	0.0127144084752276	0.00619559699097637	0.00296908493097634	0.00133753215780713	0.000557283295042612	0.000199218444971839	6.37148275078307e-05	1.7088669602303e-05	4.10822016545075e-06	3.94122702324531e-07	9.42799504303894e-08	1.73943471637276e-08	3.05902320501826e-07	2.03934880334551e-07	2.03934880334551e-07	1.359565868897e-07	9.06377245931337e-08	6.04251497287558e-08	4.02834331525039e-08	2.68556221016692e-08	2.68556221016692e-08	2.68556221016692e-08	2.68556221016692e-08	2.68556221016692e-08	2.68556221016692e-08	2.68556221016692e-08	2.68556221016692e-08	2.68556221016692e-08	2.68556221016692e-08	2.68556221016692e-08	2.68556221016692e-08	2.68556221016692e-08
1.359565868897e-07	2.03934880334551e-07	3.05902320501826e-07	2.22219254560388e-05	0.000113971148934136	0.000497936125568745	0.00181538184319604	0.00536282163876428	0.0132955253555652	0.0281522468007178	0.0519059682749563	0.0851577837317476	0.127243056077952	0.177564947314381	0.237584968445116	0.311387203274487	0.402535643363507	0.507830454694738	0.613102819410708	0.694352093363889	0.724870860215996	0.687278829638854	0.585394590184971	0.445802963339393	0.304592331731074	0.189067938918671	0.108937343611769	0.0599230057292024	0.0323280772139167	0.0172429301795536	0.00893318380746669	0.00429179767287253	0.00186988542169359	0.000701691183175987	0.000233348348444949	6.62063691412284e-05	1.68223935907031e-05	2.18255551090858e-06	5.12393606907474e-07	9.45349699733225e-08	3.05902320501826e-07	3.05902320501826e-07	3.05902320501826e-07	2.03934880334551e-07	1.359565868897e-07	9.06377245931337e-08	6.04251497287556e-08	4.02834331525038e-08	4.02834331525038e-08	4.02834331525038e-08	4.02834331525038e-08	4.02834331525038e-08	4.02834331525038e-08	4.02834331525038e-08	4.02834331525038e-08	4.02834331525038e-08	4.02834331525038e-08	4.02834331525038e-08	4.02834331525038e-08	4.02834331525038e-08
1.359565868897e-07	2.03934880334551e-07	3.05902320501826e-07	2.31725622750576e-05	0.000118846746716921	0.000508835943927339	0.00183661911714713	0.00535902387172797	0.0130951762357325	0.0272929661131	0.0496290717143035	0.0809241135104737	0.121875953328862	0.174591540421755	0.244004522285339	0.337611496105018	0.461961619702883	0.61544941956508	0.781958650291467	0.928998348949965	1.01435383065296	1.00349055179617	0.891036721563376	0.708522142019043	0.507870209410503	0.33338989985343	0.205339253168213	0.122080005577136	0.0715973959884967	0.041356682568403	0.0229042192974275	0.0116548466682094	0.00534603240781734	0.00215309932069578	0.000790519601898541	0.000268363827995868	9.06167829417757e-05	2.65886983292123e-05	9.79911841843636e-06	3.19795429547533e-06	8.48491887797003e-07	2.14129696668955e-07	3.57302090658123e-08	3.05902320501826e-07	2.03934880334551e-07	1.359565868897e-07	9.06377245931335e-08	6.04251497287556e-08	6.04251497287557e-08	6.04251497287557e-08	6.04251497287557e-08	6.04251497287557e-08	6.04251497287557e-08	6.04251497287557e-08	6.04251497287557e-08	6.04251497287557e-08	6.04251497287557e-08	6.04251497287557e-08	6.04251497287557e-08	6.04251497287557e-08
1.359565868897e-07	2.03934880334551e-07	3.05902320501826e-07	1.94079876276768e-05	9.95391084720215e-05	0.000421265230158833	0.00151029609421727	0.00437715499947862	0.0106172294388538	0.0219832936833122	0.0399144947881796	0.065762665038932	0.101927968454937	0.153318376894331	0.22800334986192	0.336088414760855	0.486355552643737	0.679152697433031	0.898924825877993	1.10908811791318	1.2561007321951	1.28922474266908	1.19006215591759	0.988094008417531	0.744755863067041	0.518809629805018	0.342420515515198	0.219717553769789	0.139083886512505	0.0860399668564681	0.0504655538376443	0.0270652046159304	0.0130946449609761	0.00566702110620338	0.00228378041079698	0.000882582187566527	0.000343413250251749	0.000123591074283804	4.78314931007879e-05	1.62109434629976e-05	4.51086982716578e-06	1.14247262917556e-06	1.94091668849071e-07	3.05902320501826e-07	2.03934880334551e-07	1.359565868897e-07	9.06377245931335e-08	9.06377245931335e-08	9.06377245931335e-08	9.06377245931335e-08	9.06377245931335e-08	9.06377245931335e-08	9.06377245931335e-08	9.06377245931335e-08	9.06377245931335e-08	9.06377245931335e-08	9.06377245931335e-08	9.06377245931335e-08	9.06377245931335e-08	9.06377245931335e-08
1.359565868897e-07	2.03934880334551e-07	3.05902320501826e-07	1.30557261651698e-05	6.69598192180739e-05	0.000281525910919264	0.00100471846741934	0.00290529371724091	0.00704200603612166	0.0146334490915984	0.026958971097965	0.0459475434010305	0.0754368796925753	0.122387593081863	0.196841685969206	0.310122154752134	0.471977743299321	0.684464355776129	0.934767575380155	1.18781859933958	1.38680594025036	1.471479177825	1.41096176363541	1.22544939927419	0.974644319555484	0.722907866212218	0.51149888536454	0.352493541447386	0.238493767599715	0.156334404159358	0.0965137710191061	0.0545716038300278	0.0280935014638389	0.0132488861406336	0.00596552954289838	0.00264089156876477	0.00116911807882666	0.000483761068599742	0.000194882081221032	6.79117269277866e-05	1.9519952843501e-05	4.94287765730788e-06	8.46822343093376e-07	3.05902320501826e-07	2.03934880334551e-07	1.359565868897e-07	1.359565868897e-07	1.359565868897e-07	1.359565868897e-07	1.359565868897e-07	1.359565868897e-07	1.359565868897e-07	1.359565868897e-07	1.359565868897e-07	1.359565868897e-07	1.359565868897e-07	1.359565868897e-07	1.359565868897e-07	1.359565868897e-07	1.359565868897e-07
1.359565868897e-07	2.03934880334551e-07	3.05902320501826e-07	7.05400292499536e-06	3.61783599507128e-05	0.000151542787264105	0.000539441665832365	0.00156357622313783	0.00381886844456919	0.00808173840745522	0.0154744284320086	0.028217004144984	0.0507992309612654	0.0909483185055632	0.159195513428244	0.266783668746223	0.423416028424196	0.632455615828161	0.88496321850036	1.15168549496729	1.38072215892753	1.51184770539521	1.50684274999076	1.37274125965785	1.15613583982857	0.914922685258345	0.692754825217978	0.509422321444661	0.365096741666611	0.251708911453657	0.163153909566847	0.0975610369507925	0.0538892736569372	0.027925258963049	0.0140791149312507	0.00702712341847504	0.00343741380182457	0.00155406868215155	0.00064555563466248	0.000229655999098189	6.75288611175108e-05	1.71209731804005e-05	2.96750732264573e-06	3.05902320501826e-07	2.03934880334551e-07	2.03934880334551e-07	2.03934880334551e-07	2.03934880334551e-07	2.03934880334551e-07	2.03934880334551e-07	2.03934880334551e-07	2.03934880334551e-07	2.03934880334551e-07	2.03934880334551e-07	2.03934880334551e-07	2.03934880334551e-07	2.03934880334551e-07	2.03934880334551e-07	2.03934880334551e-07	2.03934880334551e-07
1.359565868897e-07	2.03934880334551e-07	3.05902320501826e-07	3.06114791650463e-06	1.56999241938579e-05	6.56251426999623e-05	0.000234209715174064	0.000686180894689253	0.00171729465598839	0.00381471113803523	0.00792170881001233	0.0161833568000025	0.0328884244936324	0.065236828619023	0.122851876923803	0.215891375761306	0.3534348157169	0.539859067515941	0.770162864461897	1.02267788339744	1.25565538649791	1.41731068257836	1.46958264897699	1.40764576948335	1.25859074650467	1.0635228992239	0.859833522380309	0.671370335965425	0.506822460351698	0.366123832469844	0.249088708876543	0.157946059355424	0.0939945118292991	0.0535007295648906	0.0298972834659046	0.0164276340985927	0.00863508541750711	0.00412589330712665	0.00175100902050735	0.000631517705335505	0.000188458516420229	4.77785612089662e-05	8.35228620080962e-06	3.05902320501826e-07	3.05902320501826e-07	3.05902320501826e-07	3.05902320501826e-07	3.05902320501826e-07	3.05902320501826e-07	3.05902320501826e-07	3.05902320501826e-07	3.05902320501826e-07	3.05902320501826e-07	3.05902320501826e-07	3.05902320501826e-07	3.05902320501826e-07	3.05902320501826e-07	3.05902320501826e-07	3.05902320501826e-07	3.05902320501826e-07
1.359565868897e-07	2.03934880334551e-07	3.05902320501826e-07	1.06695738230171e-06	5.4721792207092e-06	2.28463914899211e-05	8.41751227661192e-05	0.000256782082209978	0.000693831451831384	0.00174763673597335	0.0042239327149562	0.010013253400365	0.022683306059097	0.0480022516394455	0.0935903248892892	0.167729592414242	0.27853290683202	0.431171605314025	0.623888494334662	0.842028740790815	1.05536151148529	1.22535649110026	1.32125683112405	1.33223377522634	1.26682577949001	1.14442169329375	0.987923503109016	0.818202047658128	0.649689283728727	0.491234322332919	0.35055815656541	0.235424603356095	0.150362303078301	0.0929711731171275	0.0564401130538101	0.0332426250861722	0.0183356783850973	0.00907378535952324	0.00393418981131652	0.0014670094685034	0.000475552864186067	0.000145425157881584	4.19756704223113e-05	1.15251981024632e-05	5.04042314656286e-06	3.02973362850759e-06	4.64108730053653e-06	9.65750614579919e-06	1.7552737917077e-05	2.61635276031058e-05	3.16976042792718e-05	3.12129839347654e-05	2.49817494182004e-05	1.62513377461681e-05	8.5927879390603e-06	3.69281695551011e-06	1.28991228161666e-06	3.66219346936989e-07	8.45086373968696e-08	1.58503780136708e-08
1.359565868897e-07	2.03934880334551e-07	3.05902320501826e-07	2.98692217405168e-07	1.53192374183313e-06	6.38600267792954e-06	2.88385938731899e-05	0.000102628916427813	0.000341819688367093	0.00108355949517262	0.00310445357131125	0.00808554912731372	0.0187613664034847	0.0390831899985686	0.0740453993115444	0.12956103076711	0.212594827329994	0.328866114070585	0.478712177114885	0.652395433236877	0.829483557237367	0.985588161034248	1.10210446331061	1.16993961514391	1.18583497079607	1.1487703345884	1.06184362039674	0.934640869287653	0.781282447612868	0.617850532423839	0.4610717315532	0.325801609873467	0.220789266594465	0.145595400750602	0.0937472299554671	0.0577329302038263	0.0327660702175842	0.0165540305302756	0.00731937730417744	0.0028495780456797	0.00102666662130356	0.000380892918298649	0.000146509713630665	5.57974365430611e-05	2.44719655784862e-05	1.51008647165612e-05	2.37481523205136e-05	4.96684722007482e-05	9.03265468000608e-05	0.00013463774777822	0.000163116156004125	0.000160622295363402	0.000128556306636078	8.36295298447259e-05	4.42185638267525e-05	1.90032691840868e-05	6.63790017397028e-06	1.8845680449663e-06	4.34882206234688e-07	8.15661874639842e-08
1.359565868897e-07	2.03934880334551e-07	3.05902320501826e-07	6.71606388161148e-08	3.44451482575876e-07	1.43588615417252e-06	1.47361256890176e-05	6.92417227081953e-05	0.000288956635775169	0.0010581576460855	0.00321750177557599	0.00835953133342604	0.0185270368728552	0.035971005807191	0.0631128399024206	0.103554513294486	0.163135443413477	0.247727452878803	0.358395570651238	0.487751647448732	0.622027323850402	0.748935247444197	0.863332284224955	0.963722653047071	1.04344382537732	1.08719614817727	1.07830473257573	1.00955881300758	0.887975466928436	0.73266625788578	0.568533615399289	0.418456758549617	0.296329816717069	0.204139250412403	0.13622673833055	0.0858875909629306	0.0494288915556797	0.0253448451292506	0.0115785073089195	0.00492230563573691	0.00213109130510105	0.00100885128486023	0.000485314321454233	0.000216185009790282	9.52676349143943e-05	6.04777278181566e-05	9.76344318219477e-05	0.000205176345398816	0.000373336131967877	0.000556482426851211	0.000674188894642963	0.000663881312672236	0.000531346718765048	0.000345656136502509	0.000182763408600088	7.85439858299393e-05	2.74356549999019e-05	7.78926427792441e-06	1.79744766615174e-06	3.37127965210224e-07
1.359565868897e-07	2.03934880334551e-07	3.05902320501826e-07	1.21288550791493e-08	6.22061104183314e-08	2.59313421985151e-07	1.28904156335023e-05	6.92330470078132e-05	0.000309124884731224	0.00115761295923615	0.00351401068145711	0.00892483236996917	0.018965379545012	0.0347242057972696	0.0568434657167421	0.0872955852992182	0.130917048100765	0.193043350341612	0.274159896133892	0.367304620737124	0.462606236219402	0.556342418789296	0.654244096116005	0.763532809577604	0.880062403160006	0.982633753747456	1.04107207546244	1.03215917454809	0.951560862479465	0.815710731825434	0.6539622095056	0.496180910305592	0.361707483451584	0.255474030990287	0.173332984820203	0.110159052205788	0.0638119856534863	0.0334480097640589	0.0163860979254014	0.00818239659776909	0.00448947587023379	0.0026055221299346	0.00141789061124116	0.000673676176068027	0.000298211881900712	0.000194791570762547	0.000322500928708242	0.000680774664687536	0.00123936354302653	0.00184735409492501	0.00223810412544195	0.00220388605701139	0.00176391111268286	0.00114747429279487	0.000606719484728846	0.000260742382604412	9.10781134595828e-05	2.58580119801773e-05	5.96698502281121e-06	1.11916333201904e-06
9.06377245931337e-08	1.359565868897e-07	2.03934880334551e-07	3.05902320501826e-07	3.05902320501826e-07	3.05902320501826e-07	1.19430413194726e-05	6.61316931223773e-05	0.000298398135891642	0.0011191216387416	0.00338410541582908	0.00852641167234048	0.0178667146580089	0.032090479693187	0.0512933554056728	0.0767938297256096	0.112407613907509	0.16196940942186	0.224472330120428	0.292827292114876	0.359734271266257	0.426371588116559	0.504020678738438	0.605020912393169	0.72943870345855	0.857887820323549	0.956925396732806	0.994313225572122	0.954508622937362	0.846052610641791	0.696810468988656	0.540218584385317	0.400336326803137	0.285646161223154	0.194434496426749	0.123636907044697	0.0724396304754138	0.039948854321432	0.0223359239331964	0.0138259828235825	0.00929103089080896	0.00605578321623705	0.00347312853462211	0.00168884855291149	0.000750716846870204	0.000504599983039367	0.000855866052672179	0.00181429574020155	0.00330454360722852	0.00492564284226422	0.00596750866334192	0.0058762722380653	0.00470315689365949	0.00305953717942564	0.00161771015931745	0.000695223430136428	0.000242843675114344	6.89458138941755e-05	1.59099098263026e-05	2.98405101156741e-06
6.04251497287558e-08	9.06377245931337e-08	1.359565868897e-07	2.03934880334551e-07	2.03934880334551e-07	3.05902320501826e-07	9.55762958864724e-06	5.28635428578473e-05	0.000237910364767731	0.000901467714185004	0.00273987873546055	0.00698111484185719	0.0148678810441062	0.0273629624103134	0.0451007008247816	0.0694717661751478	0.10300119272104	0.147119756789186	0.199080371635019	0.252374474852783	0.302276177433167	0.352026539972061	0.41285142736782	0.496718903113276	0.606370535980292	0.728926938167791	0.837194626228705	0.899215673782917	0.892137768939135	0.814028284510919	0.685610819486102	0.539368951211517	0.40247973253164	0.287346188334268	0.195287331768624	0.125000240014777	0.0760086547641998	0.0464646220843723	0.031146447540538	0.0232642623818746	0.0175260477639036	0.0119676358076106	0.00697568821164051	0.00341457979895668	0.00152965937786858	0.00106342250638146	0.00183780679049306	0.00389502738761025	0.00708491972970929	0.0105531617395463	0.0127818808478741	0.0125851331374022	0.0100722754508564	0.00655219721922417	0.00346440981228713	0.00148885103659198	0.000520060230641028	0.000147650441621159	3.40717598259415e-05	6.39047426946419e-06
4.02834331525039e-08	6.04251497287558e-08	9.06377245931337e-08	1.359565868897e-07	2.03934880334551e-07	3.05902320501826e-07	6.14326900181521e-06	3.39668723823868e-05	0.000152719327503273	0.000602292713066198	0.00187346160326781	0.00496238254915304	0.0111514772086169	0.0220115346560643	0.0391680110730965	0.0642460322835162	0.0981641500761723	0.139612749928057	0.184544000916833	0.228160380604099	0.268691189546782	0.309765186476919	0.358972425892089	0.423912600337885	0.507544091914228	0.604373411157093	0.698287446375928	0.764536451165973	0.778292775221378	0.728166584664709	0.624934744755073	0.496443628650944	0.370968470651698	0.264453031059371	0.180922739033956	0.119646313991625	0.079109307864939	0.0559578561137289	0.0440171933259605	0.03639242589446	0.0284798146793449	0.01958360527649	0.0113982318426651	0.0055790969103167	0.00253185510389263	0.00183138460833962	0.00320047652833319	0.0067426502384091	0.012219019087995	0.0181708255568103	0.0219943386859501	0.0216504420460335	0.017325865051284	0.0112703690404026	0.00595901068061801	0.00256089735922735	0.00089452929712589	0.000253966056202574	5.86051106645361e-05	1.0991931549003e-05
4.02834331525038e-08	6.04251497287557e-08	9.06377245931335e-08	1.359565868897e-07	2.03934880334551e-07	3.05902320501826e-07	3.17148708531323e-06	1.75355331269706e-05	7.88191595803664e-05	0.000344294223667491	0.00113009359571143	0.00323291661610132	0.00798180185686522	0.0174436865031775	0.0339891735643347	0.059215230726627	0.0924636685463605	0.130237578337566	0.168062938302328	0.203468756603953	0.237446245409218	0.27326396842967	0.314120110410721	0.36238149175465	0.419708255801217	0.486080329715876	0.555850510764804	0.613719153379185	0.63731191437837	0.609556995740659	0.532092599244682	0.426367711929223	0.319580453050917	0.229728247055244	0.162274763528594	0.115640426145519	0.0862930545694371	0.0695320896840593	0.0593545522217239	0.0501369143859526	0.0388841203860221	0.026334257462279	0.0151654404664142	0.00743676600568782	0.00349962704488501	0.00269570326220451	0.0046462230062976	0.00952289671404412	0.0170312515334497	0.0251903195690879	0.0304264203952383	0.0299260225966523	0.023940772375923	0.0155713902668919	0.00823270324388558	0.00353791320368779	0.00123580392630109	0.000350857429053186	8.09637270609717e-05	1.51854972324948e-05
4.02834331525038e-08	6.04251497287557e-08	9.06377245931335e-08	1.359565868897e-07	2.03934880334551e-07	3.05902320501826e-07	1.3150444688536e-06	7.27103886180393e-06	3.26761741608979e-05	0.000178731143745546	0.000644138958355072	0.00205489574483632	0.00566511585961958	0.0136192501136007	0.0284113907331986	0.0513018550477435	0.0806196206743085	0.11195854679486	0.141330971476556	0.168290778503651	0.195542367430469	0.225712356222467	0.258874603967261	0.293821269599216	0.330848350168013	0.372602914771567	0.420014598829097	0.465563880024471	0.491685646528414	0.480248646945044	0.427029956036574	0.347087983229566	0.26432502036527	0.19634414394915	0.148396819626667	0.117322843090944	0.0976502290011649	0.0841911105891885	0.0724730194498816	0.0594625850584165	0.0444190598082307	0.0291889611654536	0.0165753564440436	0.0083038698322832	0.00434970210268895	0.00376323751736595	0.00603327521000201	0.0113468760498042	0.0194560408728722	0.0282742255377872	0.0339131990260108	0.0332641527283607	0.0265828723530474	0.0172826721768838	0.00913599728091984	0.00392569227151888	0.0013712563432975	0.000389313761627439	8.98378957588098e-05	1.68499298011712e-05
4.02834331525038e-08	6.04251497287557e-08	9.06377245931335e-08	1.359565868897e-07	2.03934880334551e-07	3.05902320501826e-07	4.37957540105863e-07	2.42151985681961e-06	1.08823520379149e-05	9.03233544040026e-05	0.000364758452507094	0.00129106810286903	0.00388012841266173	0.00991166681819043	0.0214330278284622	0.0392524793113374	0.0615122518443809	0.0842545319266919	0.104572135922986	0.123159510496967	0.143076348746628	0.166258248719159	0.191521908079167	0.21645423880644	0.240640429866058	0.267055753150123	0.298904865550477	0.333234295716994	0.357790059166217	0.357210240093515	0.32534053997539	0.271868557042748	0.215427700138957	0.170534614585024	0.140887021137169	0.122110794453777	0.10796975674517	0.09399158932528	0.0781702617577611	0.0606079748501583	0.042784430309097	0.0269868506047947	0.0152510309896531	0.00834399712347498	0.00562676043471247	0.00578104978506064	0.00802804489171186	0.0124438777059205	0.0190013270645389	0.0261599318806878	0.0306761493740365	0.0298183823477567	0.0237447827791437	0.0154161581336559	0.0081449329192524	0.00349864122349695	0.00122208610324571	0.000346962798176086	8.00650035190825e-05	1.50169333045044e-05
4.02834331525038e-08	6.04251497287557e-08	9.06377245931335e-08	1.359565868897e-07	2.03934880334551e-07	3.05902320501826e-07	1.17148748594941e-07	6.47729505594647e-07	2.91090757954111e-06	4.52778524119189e-05	0.000200540011720685	0.000759114228947602	0.00239426551308465	0.00629615351196459	0.0138131953981681	0.0253754654006567	0.0395569679762266	0.0536299760261074	0.0658848613742539	0.0773176834390489	0.0904360581733472	0.106655195821531	0.124946542178759	0.143282806639141	0.160955340954537	0.17977603107314	0.202260511020297	0.227314430363699	0.247530727106423	0.25258216188862	0.237504359977643	0.207942565947135	0.176070013296138	0.151366974820596	0.135369908057778	0.123606864418624	0.110741254243775	0.094067399765922	0.0741363736020048	0.0535910561356282	0.0353097514382769	0.0213286643286757	0.012538347958649	0.00866115616292775	0.0084327190517748	0.0100257267940851	0.012112146904714	0.0144888316768725	0.0175758995491213	0.0210251371157873	0.0230397009361035	0.0217576243393659	0.0171251495449841	0.0110674534742733	0.0058368725552991	0.00250435932877441	0.000874780389790844	0.000248359138546208	5.73112604758472e-05	1.07492579571017e-05
4.02834331525038e-08	6.04251497287557e-08	9.06377245931335e-08	1.359565868897e-07	2.03934880334551e-07	3.05902320501826e-07	2.51685025337001e-08	1.39159674330616e-07	6.25385978678827e-07	2.1356628312255e-05	9.97679635435015e-05	0.000390083108808089	0.00125731900195352	0.00334415635809845	0.00736938985741219	0.0135258162248062	0.0209920199822258	0.0282987723914276	0.0346777123776814	0.0410094053525629	0.0490858422762039	0.0601348953275214	0.07389184209552	0.0891151936099678	0.10466028383768	0.120446434234157	0.137074187336951	0.153944553280869	0.167736023479137	0.173710705024137	0.169641989771389	0.15837413395857	0.145694607757362	0.135539315411519	0.127387261551791	0.117740055768241	0.103464495964337	0.0841644575155723	0.0623250988750714	0.0417718583261178	0.0255739894464404	0.0150799766783074	0.0102812861985882	0.0102931374517971	0.0134084173073885	0.0171159070578581	0.0192053176463256	0.0190547947764321	0.0177400354885058	0.0165054761132706	0.0153235497404555	0.0133030635947201	0.0100923703313924	0.00642524955187084	0.00336854959600003	0.00143981917294589	0.000502933250379178	0.00014278791599373	3.29496852591051e-05	6.18001878714041e-06
4.02834331525038e-08	6.04251497287557e-08	9.06377245931335e-08	1.359565868897e-07	2.03934880334551e-07	3.05902320501826e-07	4.34301347685726e-09	2.4013043296624e-08	1.07915031099008e-07	8.82732841848063e-06	4.22707342678474e-05	0.000167408399421736	0.00054421422286387	0.00145279398808647	0.0032036896655026	0.00587053950033683	0.00909208985051023	0.0122556251111543	0.0151551576511324	0.0184944880211792	0.0236055758671635	0.0317875830303128	0.0435078113344975	0.0580221576630569	0.0735020468736223	0.0880068167744546	0.100337229295094	0.110046669398768	0.116898706490653	0.120799160352556	0.122297694193267	0.122584910393358	0.122467521676776	0.121206172890317	0.11656322004971	0.106282057048405	0.08978968673717	0.0690179347861353	0.0476611071256763	0.0295005176737051	0.0168484023676627	0.0102409951617473	0.00925905931602734	0.0129571821898341	0.0194277635739367	0.0254351060109927	0.0277622492352385	0.0253477085175562	0.0199723468713091	0.0144377369741503	0.0102812890210003	0.00736812126735666	0.00504097562091505	0.00306309723526064	0.00157521984525765	0.000664864798708917	0.000232239312102799	6.59351263054787e-05	1.52151647018944e-05	2.85374512587065e-06
2.68556221016692e-08	4.02834331525038e-08	6.04251497287556e-08	9.06377245931337e-08	1.359565868897e-07	2.03934880334551e-07	3.05902320501826e-07	3.05902320501826e-07	3.05902320501826e-07	2.99504879520522e-06	1.45916395303697e-05	5.82828200915766e-05	0.000190536924664758	0.000509819568877561	0.00112483081320317	0.00205960809890326	0.00319637034255402	0.00434969097107613	0.00556849002405276	0.00743269781807744	0.0110492129025893	0.0178045899728899	0.0285748898942629	0.0428073384062269	0.0581640534724997	0.0715715299356229	0.0807766054008981	0.0853700702284184	0.0868177002929176	0.087838850681703	0.0910331586218462	0.0971467817574983	0.104228411258967	0.108399359221884	0.105805057681763	0.0947095630094565	0.0764963500185605	0.0551236615452287	0.0351817388368732	0.0199591093265055	0.0106958829292019	0.00717027159174482	0.00883236728441622	0.0149422654125607	0.0236098733453001	0.0311643181747438	0.033712726933583	0.0299095666137145	0.0220064545532159	0.0138014683768553	0.0077853874427338	0.00425101669212405	0.00234131222505267	0.0012551639186677	0.000608670920993033	0.000246588491790746	8.61341160144977e-05	2.44543603199822e-05	5.64307889885826e-06	1.05841173710826e-06
1.79037480677795e-08	2.68556221016692e-08	4.02834331525039e-08	6.04251497287558e-08	9.06377245931337e-08	1.359565868897e-07	2.03934880334551e-07	2.03934880334551e-07	3.05902320501826e-07	8.54368414158237e-07	4.16092420113328e-06	1.65873966351156e-05	5.41821122600285e-05	0.000144786600707911	0.000319055428307104	0.000583555358203051	0.000915043170613723	0.00128681951186779	0.00181976415337553	0.00298556353162944	0.00570873580616267	0.0112892173679819	0.0206966675454289	0.0335611523011373	0.0476810013911438	0.0599114483048821	0.0676584522264476	0.0701382293314521	0.0688942174897437	0.0675633218705291	0.0700800388313181	0.0779433814964538	0.0886630702047284	0.0967565044558907	0.0967184837730166	0.0862324850832715	0.0675328085922388	0.0460538253040942	0.0272504711379553	0.0141280916384419	0.00707654046485822	0.00524132090603583	0.00791971396325066	0.0145211391042788	0.0233573853073439	0.0309141526667065	0.0333502322303366	0.0293227805001993	0.0210864716861338	0.0125186777433741	0.00627288356315771	0.00277754599930917	0.00116694167626763	0.000492450517150334	0.000205647365325415	7.34558427964657e-05	2.56583510423617e-05	7.28466942762718e-06	1.68100755015908e-06	3.15288542503977e-07
1.19358320451863e-08	1.79037480677795e-08	2.68556221016693e-08	4.02834331525039e-08	6.04251497287558e-08	9.06377245931337e-08	1.359565868897e-07	2.03934880334551e-07	3.05902320501826e-07	1.9575526238496e-07	9.53023732784538e-07	3.78717922871609e-06	1.2352922242998e-05	3.29379161279027e-05	7.24031513893271e-05	0.000132056269750293	0.0002140328589138	0.000330884046799014	0.000590351948631492	0.00133774708443715	0.00326229079817113	0.00739907843739998	0.0146374624841615	0.0249542444143755	0.0369481665519723	0.0482382504058762	0.0562574399696872	0.0593077925738941	0.0577347795050094	0.054775652784204	0.0551933208539018	0.0619455034111067	0.0734812290406659	0.0840162592747071	0.0868119139276463	0.0784349663787125	0.0609499058908573	0.0403835746317204	0.0227422709019719	0.0109973626628481	0.00510372274259033	0.00378982451430616	0.00612486816002283	0.0115224685575945	0.018636216065475	0.0246890615394116	0.0266125078860405	0.0233347984892102	0.0166618010118642	0.00971640643364027	0.00466159707381264	0.00187268110750152	0.000654532012767453	0.000212598194633475	6.86544092190234e-05	1.7574944601894e-05	6.13898201937384e-06	1.74292005590899e-06	4.02195570082451e-07	7.54355059742899e-08
1.19358320451863e-08	1.79037480677795e-08	2.68556221016692e-08	4.02834331525038e-08	6.04251497287557e-08	9.06377245931335e-08	1.359565868897e-07	2.03934880334551e-07	3.05902320501826e-07	3.60253808696831e-08	1.75325756119366e-07	6.96451352567445e-07	2.27157477176746e-06	6.05468963138702e-06	1.33118450577178e-05	2.42972989251463e-05	4.39968494330492e-05	8.58399682581071e-05	0.000218162195721345	0.000656075678685869	0.0018352415837098	0.00446540749230147	0.00929618662732697	0.016703465314137	0.0262964767091903	0.0367268813568069	0.0456116036039886	0.0502539305647032	0.0494613923586644	0.0455003864553051	0.04337347770274	0.0472620336326725	0.0569917826567276	0.0675323011002131	0.0720371186736174	0.0664018519091138	0.0519593364338102	0.0342173132363076	0.0188970408284457	0.00881196421367252	0.00381406188789513	0.00254074752393354	0.00393522460256791	0.00738911169951636	0.0119581752742941	0.0158479676633994	0.0170784045169949	0.0149626348063498	0.0106609025300286	0.00618284882065756	0.00292532194686724	0.00113560577230588	0.000366779197709162	0.000101709449424873	2.56829455601465e-05	3.37734681986052e-06	1.17971759626934e-06	3.34933943829388e-07	7.72892296589983e-08	1.44963111963028e-08
7.95722136345753e-09	1.19358320451863e-08	1.79037480677795e-08	2.68556221016692e-08	4.02834331525038e-08	6.04251497287556e-08	9.06377245931337e-08	1.359565868897e-07	2.03934880334551e-07	3.05902320501826e-07	3.05902320501826e-07	3.05902320501826e-07	3.05902320501826e-07	3.05902320501826e-07	3.05902320501826e-07	3.05902320501826e-07	3.21149436377093e-06	1.74191682826212e-05	7.67938382766685e-05	0.00029485696841699	0.000904975274040806	0.00234025393328782	0.0051922404201475	0.0100759569704371	0.0173180300034819	0.0263828931850993	0.0352216161537451	0.040702767093755	0.0406835099487323	0.0364585389855618	0.0325190845966138	0.0332852291821749	0.0395714751579944	0.0477449601112164	0.0521372296246575	0.0489472076516723	0.0387353772387918	0.0256171212917488	0.0141057026430205	0.00648867622360392	0.00266870996188856	0.00151283877234721	0.0020749191761316	0.00381750242990164	0.00616525048483224	0.00817209685792677	0.00880562226394344	0.00771201217138064	0.00548976900045922	0.00317628266303634	0.00149369843897142	0.000570933359598436	0.000177372636446802	4.47885015233236e-05	9.19232039803176e-06	3.05902320501826e-07	3.05902320501826e-07	3.05902320501826e-07	3.05902320501826e-07	3.05902320501826e-07
5.30481424230504e-09	7.95722136345756e-09	1.19358320451863e-08	1.79037480677795e-08	2.68556221016692e-08	4.02834331525039e-08	6.04251497287558e-08	9.06377245931337e-08	1.359565868897e-07	2.03934880334551e-07	2.03934880334551e-07	2.03934880334551e-07	2.03934880334551e-07	2.03934880334551e-07	2.03934880334551e-07	3.05902320501826e-07	1.2759008045127e-06	6.92049504319911e-06	3.0509572473224e-05	0.000124026204144631	0.000396201684241896	0.00108845787216196	0.00262110057298561	0.00559886549160252	0.0105869679449642	0.0174795423569108	0.0247302899223409	0.0295851410745452	0.0298804957973219	0.0262221825866088	0.0219761520056859	0.0207644798962905	0.0236919529800691	0.0285962078837936	0.0316720968176966	0.0301592081976465	0.0241271989860285	0.016068754188317	0.00887603434414633	0.00407009162676513	0.00162058051664741	0.000783173563537608	0.000898110307539033	0.00158867507513932	0.00255353073275155	0.00338500829130197	0.00364744441462268	0.00319445178056131	0.00227395937255733	0.00131567243191811	0.000618716300228514	0.000236490690966397	7.34708817528879e-05	1.85521891382389e-05	3.80762161812377e-06	3.05902320501826e-07	2.03934880334551e-07	2.03934880334551e-07	2.03934880334551e-07	2.03934880334551e-07
3.53654282820336e-09	5.30481424230504e-09	7.95722136345756e-09	1.19358320451863e-08	1.79037480677795e-08	2.68556221016693e-08	4.02834331525039e-08	6.04251497287558e-08	9.06377245931337e-08	1.359565868897e-07	1.359565868897e-07	1.359565868897e-07	1.359565868897e-07	1.359565868897e-07	2.03934880334551e-07	3.05902320501826e-07	4.07137153102189e-07	2.20831481568193e-06	9.73553777470768e-06	4.41761737450008e-05	0.000150894735177638	0.000453105043923234	0.00120806878008714	0.00284796356587539	0.00584160039048135	0.0102251170060071	0.0150192773713526	0.0183421147311972	0.0186248932953784	0.0160920900607984	0.0128144335648925	0.0111391062296648	0.011954168583423	0.0142101477270861	0.0158363705950937	0.0152383636259699	0.0123070917291642	0.00825790697731136	0.00458563634266376	0.00210577235114594	0.000822874891869731	0.000348691249056017	0.000322714114846562	0.000537246555955558	0.000857610109352203	0.00113843231791349	0.00122858207442934	0.00107788895803458	0.000768829144666338	0.000445847618768466	0.000210213530890014	8.05882082804865e-05	2.51212033446681e-05	6.3678338921695e-06	1.31266124460337e-06	8.74979721267992e-09	3.05902320501826e-07	2.03934880334551e-07	1.359565868897e-07	1.359565868897e-07
2.35769521880224e-09	3.53654282820336e-09	5.30481424230504e-09	7.95722136345758e-09	1.19358320451864e-08	1.79037480677795e-08	2.68556221016693e-08	4.02834331525039e-08	6.04251497287556e-08	9.06377245931335e-08	9.06377245931335e-08	9.06377245931335e-08	9.06377245931335e-08	1.359565868897e-07	2.03934880334551e-07	3.05902320501826e-07	1.0434668029266e-07	5.65977136455711e-07	2.49515682839085e-06	1.3761269627549e-05	5.1641211244473e-05	0.000172162586576956	0.000506415160590841	0.00129165028895464	0.00280038641475043	0.00507841964411414	0.00761751619659723	0.00940349425561498	0.00956605546937517	0.00816799829059341	0.00624807284049982	0.00502110057744192	0.0050044870101154	0.00578393402126067	0.00644384111548301	0.00624583667166777	0.00508381264607168	0.00343342457376605	0.00191608727249855	0.000882039264731409	0.000341644333209406	0.000134105931043605	0.000105808057925963	0.000168722164764126	0.000272562086635447	0.00036997084974123	0.000409283315794762	0.00036909145670366	0.000271391689044495	0.000162745600627171	7.9609700125604e-05	3.17727370006634e-05	1.03479608889006e-05	2.75065080854131e-06	5.96833221675001e-07	4.92515842195656e-08	3.05902320501826e-07	2.03934880334551e-07	1.359565868897e-07	9.06377245931335e-08
1.57179681253483e-09	2.35769521880224e-09	3.53654282820338e-09	5.30481424230506e-09	7.95722136345758e-09	1.19358320451864e-08	1.79037480677795e-08	2.68556221016692e-08	4.02834331525038e-08	6.04251497287557e-08	6.04251497287557e-08	6.04251497287556e-08	9.06377245931335e-08	1.359565868897e-07	2.03934880334551e-07	3.05902320501826e-07	2.14798188971158e-08	1.16506690551918e-07	5.13629342528373e-07	3.85973096539584e-06	1.60918207460912e-05	5.90454926480739e-05	0.000187170994447317	0.000502649216891896	0.00112587579570871	0.00208174139145347	0.00315714903892147	0.00391839991589692	0.00398715536709356	0.00337457769328844	0.0025028371637351	0.00187587257333019	0.00172497063744846	0.00191784291784099	0.00212517299218861	0.00207102084758547	0.00169777872681544	0.00115400430472196	0.00064767096195782	0.000300135757464139	0.000119739911800336	5.80203758187388e-05	7.19027522369462e-05	0.000142150671432237	0.000254743814251217	0.00037673932902908	0.000454001511918521	0.000445715622779531	0.000356411529835738	0.000232088055316558	0.000123049562523129	5.31077940658954e-05	1.86559659128955e-05	5.33328262508468e-06	1.24059639582885e-06	2.22667328351997e-07	3.05902320501826e-07	2.03934880334551e-07	1.359565868897e-07	9.06377245931335e-08
1.04786454168989e-09	1.57179681253484e-09	2.35769521880225e-09	3.53654282820338e-09	5.30481424230506e-09	7.95722136345758e-09	1.19358320451863e-08	1.79037480677795e-08	2.68556221016692e-08	4.02834331525038e-08	4.02834331525038e-08	4.02834331525038e-08	6.04251497287556e-08	9.06377245931337e-08	1.359565868897e-07	2.03934880334551e-07	3.05902320501826e-07	3.05902320501826e-07	3.05902320501826e-07	6.85606058776844e-07	3.64371950954236e-06	1.5739608963423e-05	5.52613701284804e-05	0.000157698683508222	0.000365774307324135	0.000689673400919065	0.0010571741116146	0.00131888788886841	0.001342969609937	0.00112925168101686	0.000817250818678138	0.000575984474167241	0.0004870491143641	0.000516160403623484	0.000566405227210716	0.000554080304046714	0.00045708237626887	0.000312469226521594	0.000176949981093264	8.58218786849021e-05	4.92571849355171e-05	7.31713065068291e-05	0.000181611068003086	0.000411029226346845	0.000764764476207439	0.00115822958293694	0.00142610681240153	0.00142755865693754	0.0011617583707762	0.000768624649186576	0.000413416059657155	0.000180773142528063	6.42619690653968e-05	1.85715741576077e-05	4.36334872037509e-06	8.31343606840646e-07	3.05902320501826e-07	2.03934880334551e-07	1.359565868897e-07	9.06377245931335e-08
6.98576361126595e-10	1.04786454168989e-09	1.57179681253484e-09	2.35769521880225e-09	3.53654282820338e-09	5.30481424230504e-09	7.95722136345756e-09	1.19358320451863e-08	1.79037480677795e-08	2.68556221016692e-08	2.68556221016692e-08	2.68556221016692e-08	4.02834331525039e-08	6.04251497287558e-08	9.06377245931337e-08	1.359565868897e-07	2.03934880334551e-07	2.03934880334551e-07	3.05902320501826e-07	1.86969076989473e-07	9.93665188319771e-07	4.29229018967038e-06	1.50701226073304e-05	4.3005421146058e-05	9.97489502191183e-05	0.000188070296825639	0.000288256298437328	0.000359461950772098	0.000365484112756824	0.000305702678044227	0.000217301697415251	0.000145669660467551	0.00011343069687509	0.000113358596900213	0.000122264122572638	0.000119659490032895	9.91720405257569e-05	6.81190598255424e-05	4.09052818383779e-05	3.03941189557187e-05	6.02282062974304e-05	0.000187889896067423	0.000525710420142942	0.00120697808387513	0.0022545643950808	0.00342384784294822	0.00422689558421747	0.00424218701127706	0.00346119249044427	0.00229581164426662	0.00123802305015869	0.000542764131672374	0.000193460369425938	5.60635360917244e-05	1.32094986914174e-05	2.53057962746929e-06	3.05902320501826e-07	2.03934880334551e-07	1.359565868897e-07	9.06377245931335e-08
4.65717574084397e-10	6.98576361126595e-10	1.04786454168989e-09	1.57179681253484e-09	2.35769521880224e-09	3.53654282820336e-09	5.30481424230504e-09	7.95722136345756e-09	1.19358320451863e-08	1.79037480677795e-08	1.79037480677795e-08	1.79037480677795e-08	2.68556221016693e-08	4.02834331525039e-08	6.04251497287558e-08	9.06377245931337e-08	1.359565868897e-07	2.03934880334551e-07	3.05902320501826e-07	4.09523660432201e-08	2.17645298204942e-07	9.4015246714301e-07	3.30085160214141e-06	9.41959909614022e-06	2.18482948494754e-05	4.11890131010839e-05	6.31137425366701e-05	7.86272218537217e-05	7.96774356980555e-05	6.58787614900538e-05	4.50528177060655e-05	2.69935000740103e-05	1.70417722620707e-05	1.4612173620714e-05	1.57229528899935e-05	1.62949153377551e-05	1.43411786289603e-05	1.03528800710482e-05	1.16415536440589e-05	3.28047897228304e-05	0.000129175960831382	0.000446308508400196	0.00126280211364253	0.00290678572917963	0.00544018571209793	0.00827795574307972	0.0102411240886684	0.0103014249682176	0.00842524968420488	0.00560293264476155	0.00302975303226401	0.00133220501580237	0.000476343755655631	0.000138506392168627	3.27517293837856e-05	6.29839214673365e-06	3.05902320501826e-07	2.03934880334551e-07	1.359565868897e-07	9.06377245931335e-08
3.10478382722931e-10	4.65717574084397e-10	6.98576361126595e-10	1.04786454168989e-09	1.57179681253483e-09	2.35769521880224e-09	3.53654282820336e-09	5.30481424230504e-09	7.95722136345753e-09	1.19358320451863e-08	1.19358320451863e-08	1.79037480677795e-08	2.68556221016692e-08	4.02834331525038e-08	6.04251497287557e-08	9.06377245931335e-08	1.359565868897e-07	2.03934880334551e-07	3.05902320501826e-07	7.20447419041988e-09	3.82888727828056e-08	1.65394697279347e-07	5.80696611007435e-07	1.65712668471032e-06	3.84362349617621e-06	7.24610591491704e-06	1.11031760335011e-05	1.3828290112546e-05	1.3998079274664e-05	1.15172057265515e-05	7.70201765359991e-06	4.18639886846156e-06	1.84950456835598e-06	6.64123612863849e-07	1.93830066460376e-07	4.59803292654393e-08	8.86546906242781e-09	3.05902320501826e-07	1.06436849967818e-05	5.85668165362707e-05	0.000251544569218432	0.000878463675982846	0.00249453550102763	0.00576003014213418	0.010815382547684	0.0165140911335436	0.0205058355014897	0.0207073892583368	0.017006468869517	0.0113595324597241	0.00617137015606568	0.00272706575085118	0.000980214747204209	0.0002866011017207	6.81687727198198e-05	1.31906024424383e-05	3.05902320501826e-07	2.03934880334551e-07	1.359565868897e-07	9.06377245931335e-08
2.06985588481954e-10	3.10478382722931e-10	4.65717574084395e-10	6.98576361126592e-10	1.04786454168989e-09	1.57179681253483e-09	2.35769521880224e-09	3.53654282820335e-09	5.30481424230502e-09	7.95722136345754e-09	7.95722136345756e-09	1.19358320451863e-08	1.79037480677795e-08	2.68556221016692e-08	4.02834331525038e-08	6.04251497287556e-08	9.06377245931337e-08	1.359565868897e-07	2.03934880334551e-07	3.05902320501826e-07	3.05902320501826e-07	3.05902320501826e-07	3.05902320501826e-07	3.05902320501826e-07	3.05902320501826e-07	3.05902320501826e-07	3.05902320501826e-07	3.05902320501826e-07	3.05902320501826e-07	3.05902320501826e-07	3.05902320501826e-07	3.05902320501826e-07	3.05902320501826e-07	3.05902320501826e-07	3.05902320501826e-07	3.05902320501826e-07	3.05902320501826e-07	3.05902320501826e-07	1.67292013676684e-05	9.53907115044927e-05	0.000411479309896791	0.00144358278198772	0.00411910897242789	0.00955981587475131	0.0180467003502037	0.0277118855397795	0.0346156769606297	0.0351752379249013	0.0290789096183711	0.0195576105154912	0.0107021262120468	0.00476498018872608	0.00172627144869664	0.000508902001818775	0.000122083291822111	2.38338866216221e-05	3.05902320501826e-07	2.03934880334551e-07	1.359565868897e-07	9.06377245931335e-08
1.37990392321303e-10	2.06985588481954e-10	3.1047838272293e-10	4.65717574084395e-10	6.98576361126592e-10	1.04786454168989e-09	1.57179681253482e-09	2.35769521880224e-09	3.53654282820335e-09	5.30481424230502e-09	5.30481424230504e-09	7.95722136345756e-09	1.19358320451863e-08	1.79037480677795e-08	2.68556221016692e-08	4.02834331525039e-08	6.04251497287558e-08	9.06377245931337e-08	1.359565868897e-07	2.03934880334551e-07	2.03934880334551e-07	2.03934880334551e-07	2.03934880334551e-07	2.03934880334551e-07	2.03934880334551e-07	2.03934880334551e-07	2.03934880334551e-07	2.03934880334551e-07	2.03934880334551e-07	2.03934880334551e-07	2.03934880334551e-07	2.03934880334551e-07	2.03934880334551e-07	2.03934880334551e-07	2.03934880334551e-07	2.03934880334551e-07	2.03934880334551e-07	3.05902320501826e-07	2.18959344079659e-05	0.000132121161334355	0.00057376607000499	0.00202710708038414	0.0058266074049438	0.013626052758767	0.025927321355216	0.0401417650430882	0.0505713186972816	0.0518440070823138	0.0432510204907136	0.0293639290807386	0.0162243683493823	0.00729578879334769	0.00267018645124189	0.000795405856537463	0.000192852657278531	3.80594570693384e-05	3.05902320501826e-07	2.03934880334551e-07	1.359565868897e-07	9.06377245931335e-08
9.19935948808684e-11	1.37990392321302e-10	2.06985588481954e-10	3.1047838272293e-10	4.65717574084395e-10	6.9857636112659e-10	1.04786454168988e-09	1.57179681253482e-09	2.35769521880224e-09	3.53654282820335e-09	3.53654282820336e-09	5.30481424230504e-09	7.95722136345756e-09	1.19358320451863e-08	1.79037480677795e-08	2.68556221016693e-08	4.02834331525039e-08	6.04251497287558e-08	9.06377245931337e-08	1.359565868897e-07	1.359565868897e-07	1.359565868897e-07	1.359565868897e-07	1.359565868897e-07	1.359565868897e-07	1.359565868897e-07	1.359565868897e-07	1.359565868897e-07	1.359565868897e-07	1.359565868897e-07	1.359565868897e-07	1.359565868897e-07	1.359565868897e-07	1.359565868897e-07	1.359565868897e-07	1.359565868897e-07	2.03934880334551e-07	3.05902320501826e-07	2.44980635968148e-05	0.000159995381005399	0.000701126901455762	0.00250015553745682	0.00725490995168826	0.0171318537641774	0.0329227418669562	0.05148942693861	0.0655361178829063	0.0678880118604546	0.0572352005879595	0.0392733450686643	0.0219332361156696	0.0099696964303252	0.00368840389210773	0.00111064141832386	0.000272200090142628	5.42975741229642e-05	3.05902320501826e-07	2.03934880334551e-07	1.359565868897e-07	9.06377245931335e-08
6.13290632539123e-11	9.19935948808684e-11	1.37990392321302e-10	2.06985588481954e-10	3.10478382722929e-10	4.65717574084393e-10	6.9857636112659e-10	1.04786454168988e-09	1.57179681253482e-09	2.35769521880223e-09	2.35769521880224e-09	3.53654282820336e-09	5.30481424230504e-09	7.95722136345758e-09	1.19358320451864e-08	1.79037480677795e-08	2.68556221016693e-08	4.02834331525039e-08	6.04251497287556e-08	9.06377245931335e-08	9.06377245931335e-08	9.06377245931335e-08	9.06377245931335e-08	9.06377245931335e-08	9.06377245931335e-08	9.06377245931335e-08	9.06377245931335e-08	9.06377245931335e-08	9.06377245931335e-08	9.06377245931335e-08	9.06377245931335e-08	9.06377245931335e-08	9.06377245931335e-08	9.06377245931335e-08	9.06377245931335e-08	1.359565868897e-07	2.03934880334551e-07	3.05902320501826e-07	2.41991584660296e-05	0.000173185595459147	0.000766544636318626	0.00276099779832122	0.00809286393249997	0.019304105240231	0.0374723640605442	0.0591954340809672	0.0760994888271498	0.079614354766574	0.0677822240011741	0.0469626641197558	0.026478831338302	0.0121492598163889	0.00453628743579554	0.00137830390957493	0.000340781641534031	6.85624757689224e-05	3.05902320501826e-07	2.03934880334551e-07	1.359565868897e-07	9.06377245931335e-08
4.08860421692749e-11	6.13290632539123e-11	9.19935948808684e-11	1.37990392321302e-10	2.06985588481953e-10	3.10478382722929e-10	4.65717574084393e-10	6.9857636112659e-10	1.04786454168988e-09	1.57179681253482e-09	1.57179681253483e-09	2.35769521880224e-09	3.53654282820338e-09	5.30481424230506e-09	7.95722136345758e-09	1.19358320451864e-08	1.79037480677795e-08	2.68556221016692e-08	4.02834331525038e-08	6.04251497287557e-08	6.04251497287557e-08	6.04251497287557e-08	6.04251497287557e-08	6.04251497287557e-08	6.04251497287557e-08	6.04251497287557e-08	6.04251497287557e-08	6.04251497287557e-08	6.04251497287557e-08	6.04251497287557e-08	6.04251497287557e-08	6.04251497287557e-08	6.04251497287557e-08	6.04251497287556e-08	9.06377245931335e-08	1.359565868897e-07	2.03934880334551e-07	3.05902320501826e-07	2.16319580475869e-05	0.000168109175788228	0.000750655073561902	0.00272729539246104	0.00806241054852801	0.019392607864928	0.0379527357256098	0.0604340799897775	0.0782976131430454	0.0825350051843338	0.0707857186410448	0.0493929732076977	0.028040809770462	0.012951353564803	0.00486667078173739	0.00148776244462763	0.000370009027307084	7.48617809766248e-05	3.05902320501826e-07	2.03934880334551e-07	1.359565868897e-07	9.06377245931335e-08
2.72573614461833e-11	4.08860421692749e-11	6.13290632539121e-11	9.19935948808681e-11	1.37990392321302e-10	2.06985588481953e-10	3.10478382722929e-10	4.65717574084392e-10	6.98576361126587e-10	1.04786454168988e-09	1.04786454168989e-09	1.57179681253484e-09	2.35769521880225e-09	3.53654282820338e-09	5.30481424230506e-09	7.95722136345758e-09	1.19358320451863e-08	1.79037480677795e-08	2.68556221016692e-08	4.02834331525038e-08	4.02834331525038e-08	4.02834331525038e-08	4.02834331525038e-08	4.02834331525038e-08	4.02834331525038e-08	4.02834331525038e-08	4.02834331525038e-08	4.02834331525038e-08	4.02834331525038e-08	4.02834331525038e-08	4.02834331525038e-08	4.02834331525038e-08	4.02834331525038e-08	6.04251497287557e-08	9.06377245931335e-08	1.359565868897e-07	2.03934880334551e-07	3.05902320501826e-07	1.75109193003025e-05	0.000143751082362453	0.000645903842930893	0.00236089191666411	0.00701992687409097	0.0169798481775325	0.0334099616016014	0.0534755291199082	0.0696252698454318	0.0737406403137007	0.0635287698612457	0.0445197418143524	0.0253774754772337	0.0117666424295373	0.00443771769885859	0.00136133258230547	0.000339672672315779	6.89355134031887e-05	3.05902320501826e-07	2.03934880334551e-07	1.359565868897e-07	9.06377245931335e-08
1.81715742974555e-11	2.72573614461832e-11	4.08860421692747e-11	6.13290632539121e-11	9.19935948808681e-11	1.37990392321302e-10	2.06985588481952e-10	3.10478382722928e-10	4.65717574084392e-10	6.98576361126588e-10	6.98576361126595e-10	1.04786454168989e-09	1.57179681253484e-09	2.35769521880225e-09	3.53654282820338e-09	5.30481424230504e-09	7.95722136345756e-09	1.19358320451863e-08	1.79037480677795e-08	2.68556221016692e-08	2.68556221016692e-08	2.68556221016692e-08	2.68556221016692e-08	2.68556221016692e-08	2.68556221016692e-08	2.68556221016692e-08	2.68556221016692e-08	2.68556221016692e-08	2.68556221016692e-08	2.68556221016692e-08	2.68556221016692e-08	2.68556221016692e-08	4.02834331525038e-08	6.04251497287557e-08	9.06377245931335e-08	1.359565868897e-07	2.03934880334551e-07	3.05902320501826e-07	1.2533498971926e-05	0.000105365031951928	0.000475148945320322	0.00174275483326783	0.00519893114804316	0.0126142358500456	0.0248928537887185	0.0399533244715295	0.052154665406148	0.0553723313950452	0.0478133464418094	0.0335783478489467	0.0191787549499295	0.0089090078199583	0.00336575844760704	0.00103413669088198	0.000258410982922427	5.25144144450038e-05	3.05902320501826e-07	2.03934880334551e-07	1.359565868897e-07	9.06377245931335e-08
1.21143828649703e-11	1.81715742974555e-11	2.72573614461832e-11	4.08860421692747e-11	6.13290632539121e-11	9.19935948808677e-11	1.37990392321302e-10	2.06985588481952e-10	3.10478382722928e-10	4.65717574084392e-10	4.65717574084397e-10	6.98576361126595e-10	1.04786454168989e-09	1.57179681253484e-09	2.35769521880224e-09	3.53654282820336e-09	5.30481424230504e-09	7.95722136345756e-09	1.19358320451863e-08	1.79037480677795e-08	1.79037480677795e-08	1.79037480677795e-08	1.79037480677795e-08	1.79037480677795e-08	1.79037480677795e-08	1.79037480677795e-08	1.79037480677795e-08	1.79037480677795e-08	1.79037480677795e-08	1.79037480677795e-08	1.79037480677795e-08	2.68556221016692e-08	4.02834331525038e-08	6.04251497287557e-08	9.06377245931335e-08	1.359565868897e-07	2.03934880334551e-07	3.05902320501826e-07	7.67984319654332e-06	6.45934556015501e-05	0.000291790635931614	0.00107195065734044	0.00320256890531567	0.00778111718903165	0.0153746296833704	0.0247050624297906	0.0322838317961872	0.0343084549603589	0.0296505826899896	0.0208391594566677	0.0119107975516258	0.0055362262786903	0.00209265534352315	0.000643266420544396	0.000160802073830414	3.26887386893911e-05	3.05902320501826e-07	2.03934880334551e-07	1.359565868897e-07	9.06377245931335e-08
8.07625524331355e-12	1.21143828649703e-11	1.81715742974555e-11	2.72573614461832e-11	4.08860421692746e-11	6.13290632539119e-11	9.19935948808677e-11	1.37990392321302e-10	2.06985588481952e-10	3.10478382722928e-10	3.10478382722931e-10	4.65717574084397e-10	6.98576361126595e-10	1.04786454168989e-09	1.57179681253483e-09	2.35769521880224e-09	3.53654282820336e-09	5.30481424230504e-09	7.95722136345753e-09	1.19358320451863e-08	1.19358320451863e-08	1.19358320451863e-08	1.19358320451863e-08	1.19358320451863e-08	1.19358320451863e-08	1.19358320451863e-08	1.19358320451863e-08	1.19358320451863e-08	1.19358320451863e-08	1.19358320451863e-08	1.79037480677795e-08	2.68556221016692e-08	4.02834331525038e-08	6.04251497287557e-08	9.06377245931335e-08	1.359565868897e-07	2.03934880334551e-07	3.05902320501826e-07	3.92269184969393e-06	3.25619002943996e-05	0.000147176170839984	0.000540945929758395	0.00161681264210991	0.00392966749998505	0.00776681343540637	0.0124830722521892	0.0163151889912855	0.0173402398071415	0.0149868611193238	0.0105331667008652	0.0060200470751471	0.00279790715074878	0.0010574476460406	0.000324994609434467	8.12240313986342e-05	1.65075747399222e-05	3.05902320501826e-07	2.03934880334551e-07	1.359565868897e-07	9.06377245931335e-08
5.38417016220904e-12	8.07625524331355e-12	1.21143828649703e-11	1.81715742974554e-11	2.72573614461831e-11	4.08860421692746e-11	6.13290632539119e-11	9.19935948808677e-11	1.37990392321301e-10	2.06985588481952e-10	2.06985588481954e-10	3.10478382722931e-10	4.65717574084395e-10	6.98576361126592e-10	1.04786454168989e-09	1.57179681253483e-09	2.35769521880224e-09	3.53654282820335e-09	5.30481424230502e-09	7.95722136345754e-09	7.95722136345754e-09	7.95722136345754e-09	7.95722136345754e-09	7.95722136345754e-09	7.95722136345754e-09	7.95722136345754e-09	7.95722136345754e-09	7.95722136345754e-09	7.95722136345753e-09	1.19358320451863e-08	1.79037480677795e-08	2.68556221016692e-08	4.02834331525038e-08	6.04251497287557e-08	9.06377245931335e-08	1.359565868897e-07	2.03934880334551e-07	3.05902320501826e-07	1.64178305353356e-06	1.33607492289396e-05	6.03846073017275e-05	0.000221917207207095	0.000663172795845096	0.00161151747374412	0.00318432527774322	0.00511652742466485	0.00668513120558089	0.00710268343490732	0.00613640328476357	0.00431107047388321	0.00246284389747394	0.00114411526342074	0.000432199489106271	0.000132764079059159	3.31633908722369e-05	6.73626639320734e-06	3.05902320501826e-07	2.03934880334551e-07	1.359565868897e-07	9.06377245931335e-08
3.58944677480603e-12	5.38417016220904e-12	8.07625524331352e-12	1.21143828649703e-11	1.81715742974554e-11	2.72573614461831e-11	4.08860421692746e-11	6.13290632539117e-11	9.19935948808674e-11	1.37990392321301e-10	1.37990392321303e-10	2.06985588481954e-10	3.1047838272293e-10	4.65717574084395e-10	6.98576361126592e-10	1.04786454168989e-09	1.57179681253482e-09	2.35769521880224e-09	3.53654282820335e-09	5.30481424230502e-09	5.30481424230502e-09	5.30481424230502e-09	5.30481424230502e-09	5.30481424230502e-09	5.30481424230502e-09	5.30481424230502e-09	5.30481424230502e-09	5.30481424230502e-09	7.95722136345754e-09	1.19358320451863e-08	1.79037480677795e-08	2.68556221016692e-08	4.02834331525038e-08	6.04251497287557e-08	9.06377245931335e-08	1.359565868897e-07	2.03934880334551e-07	3.05902320501826e-07	5.52031914038111e-07	4.40763607882984e-06	1.99197813682844e-05	7.32002697540349e-05	0.000218722064193362	0.000531406341302477	0.00104982619142898	0.00168642411477661	0.0022028098222079	0.00233964489238762	0.00202063295697686	0.0014190285197535	0.000810331150118844	0.000376272969784751	0.000142073731167845	4.36210251041409e-05	1.08905581243451e-05	2.21094174129387e-06	3.05902320501826e-07	2.03934880334551e-07	1.359565868897e-07	9.06377245931335e-08
2.39296451653735e-12	3.58944677480602e-12	5.38417016220902e-12	8.07625524331352e-12	1.21143828649703e-11	1.81715742974554e-11	2.7257361446183e-11	4.08860421692745e-11	6.13290632539117e-11	9.19935948808675e-11	9.19935948808684e-11	1.37990392321302e-10	2.06985588481954e-10	3.1047838272293e-10	4.65717574084395e-10	6.9857636112659e-10	1.04786454168988e-09	1.57179681253482e-09	2.35769521880224e-09	3.53654282820335e-09	3.53654282820335e-09	3.53654282820335e-09	3.53654282820335e-09	3.53654282820335e-09	3.53654282820335e-09	3.53654282820335e-09	3.53654282820335e-09	5.30481424230502e-09	7.95722136345754e-09	1.19358320451863e-08	1.79037480677795e-08	2.68556221016692e-08	4.02834331525038e-08	6.04251497287557e-08	9.06377245931335e-08	1.359565868897e-07	2.03934880334551e-07	3.05902320501826e-07	1.52148274827695e-07	1.18496826406783e-06	5.35136064383603e-06	1.96501499588278e-05	5.86697673884183e-05	0.000142433558714463	0.000281165650878311	0.000451301310058894	0.000589016718869672	0.000625097170767392	0.000539421670306479	0.000378505436498811	0.000215963582674551	0.000100197121523361	3.78005212470756e-05	1.15960345618771e-05	2.89262124820491e-06	5.86739096734741e-07	3.05902320501826e-07	2.03934880334551e-07	1.359565868897e-07	9.06377245931335e-08
1.59530967769156e-12	2.39296451653735e-12	3.58944677480602e-12	5.38417016220902e-12	8.07625524331352e-12	1.21143828649702e-11	1.81715742974553e-11	2.7257361446183e-11	4.08860421692745e-11	6.13290632539117e-11	6.13290632539123e-11	9.19935948808684e-11	1.37990392321302e-10	2.06985588481954e-10	3.10478382722929e-10	4.65717574084393e-10	6.9857636112659e-10	1.04786454168988e-09	1.57179681253482e-09	2.35769521880223e-09	2.35769521880223e-09	2.35769521880223e-09	2.35769521880223e-09	2.35769521880223e-09	2.35769521880223e-09	2.35769521880224e-09	3.53654282820335e-09	5.30481424230502e-09	7.95722136345754e-09	1.19358320451863e-08	1.79037480677795e-08	2.68556221016692e-08	4.02834331525038e-08	6.04251497287557e-08	9.06377245931335e-08	1.359565868897e-07	2.03934880334551e-07	3.05902320501826e-07	3.36809207886022e-08	2.56227759095725e-07	1.15630571803167e-06	4.24285204958966e-06	1.26585707151772e-05	3.07083019077818e-05	6.05722870648025e-05	9.71497727250494e-05	0.000126695667201692	0.000134349576052106	0.000115842440036901	8.12190919164116e-05	4.63030555749357e-05	2.14646684000225e-05	8.09102437550382e-06	2.47998622774044e-06	6.18105990529622e-07	1.25269659481174e-07	3.05902320501826e-07	2.03934880334551e-07	1.359565868897e-07	9.06377245931335e-08
1.06353978512771e-12	1.59530967769156e-12	2.39296451653735e-12	3.58944677480602e-12	5.384170162209e-12	8.07625524331349e-12	1.21143828649702e-11	1.81715742974553e-11	2.7257361446183e-11	4.08860421692744e-11	4.08860421692749e-11	6.13290632539123e-11	9.19935948808684e-11	1.37990392321302e-10	2.06985588481953e-10	3.10478382722929e-10	4.65717574084393e-10	6.9857636112659e-10	1.04786454168988e-09	1.57179681253482e-09	1.57179681253482e-09	1.57179681253482e-09	1.57179681253482e-09	1.57179681253482e-09	1.57179681253482e-09	2.35769521880223e-09	3.53654282820335e-09	5.30481424230502e-09	7.95722136345754e-09	1.19358320451863e-08	1.79037480677795e-08	2.68556221016692e-08	4.02834331525038e-08	6.04251497287557e-08	9.06377245931335e-08	1.359565868897e-07	2.03934880334551e-07	3.05902320501826e-07	5.98845729330993e-09	3.28523958280923e-08	1.46486582256514e-07	5.30893435541795e-07	1.56385172581174e-06	3.74422985189517e-06	7.28631828915899e-06	1.15247757935204e-05	1.48161559718308e-05	1.54816521990936e-05	1.31485475555753e-05	9.07646977315432e-06	5.09254481247128e-06	2.32237026546593e-06	8.60808952014662e-07	2.59334798948543e-07	6.35028954926256e-08	1.26387745972957e-08	3.05902320501826e-07	2.03934880334551e-07	1.359565868897e-07	9.06377245931335e-08
7.09026523418474e-13	1.06353978512771e-12	1.59530967769156e-12	2.39296451653734e-12	3.589446774806e-12	5.384170162209e-12	8.07625524331349e-12	1.21143828649702e-11	1.81715742974553e-11	2.7257361446183e-11	2.72573614461833e-11	4.08860421692749e-11	6.13290632539121e-11	9.19935948808681e-11	1.37990392321302e-10	2.06985588481953e-10	3.10478382722929e-10	4.65717574084392e-10	6.98576361126587e-10	1.04786454168988e-09	1.04786454168988e-09	1.04786454168988e-09	1.04786454168988e-09	1.04786454168988e-09	1.04786454168988e-09	1.57179681253482e-09	2.35769521880224e-09	3.53654282820335e-09	5.30481424230502e-09	7.95722136345753e-09	1.19358320451863e-08	1.79037480677795e-08	2.68556221016692e-08	4.02834331525038e-08	6.04251497287556e-08	9.06377245931337e-08	1.359565868897e-07	2.03934880334551e-07	3.05902320501826e-07	3.05902320501826e-07	3.05902320501826e-07	3.05902320501826e-07	3.05902320501826e-07	3.05902320501826e-07	3.05902320501826e-07	3.05902320501826e-07	3.05902320501826e-07	3.05902320501826e-07	3.05902320501826e-07	3.05902320501826e-07	3.05902320501826e-07	3.05902320501826e-07	3.05902320501826e-07	3.05902320501826e-07	3.05902320501826e-07	3.05902320501826e-07	2.03934880334551e-07	1.359565868897e-07	9.06377245931337e-08	6.04251497287556e-08
4.7268434894565e-13	7.09026523418474e-13	1.06353978512771e-12	1.59530967769156e-12	2.39296451653734e-12	3.589446774806e-12	5.384170162209e-12	8.07625524331347e-12	1.21143828649702e-11	1.81715742974553e-11	1.81715742974555e-11	2.72573614461832e-11	4.08860421692747e-11	6.13290632539121e-11	9.19935948808681e-11	1.37990392321302e-10	2.06985588481952e-10	3.10478382722928e-10	4.65717574084392e-10	6.98576361126588e-10	6.98576361126588e-10	6.98576361126588e-10	6.98576361126588e-10	6.98576361126588e-10	6.9857636112659e-10	1.04786454168988e-09	1.57179681253482e-09	2.35769521880224e-09	3.53654282820335e-09	5.30481424230504e-09	7.95722136345756e-09	1.19358320451863e-08	1.79037480677795e-08	2.68556221016692e-08	4.02834331525039e-08	6.04251497287558e-08	9.06377245931337e-08	1.359565868897e-07	2.03934880334551e-07	2.03934880334551e-07	2.03934880334551e-07	2.03934880334551e-07	2.03934880334551e-07	2.03934880334551e-07	2.03934880334551e-07	2.03934880334551e-07	2.03934880334551e-07	2.03934880334551e-07	2.03934880334551e-07	2.03934880334551e-07	2.03934880334551e-07	2.03934880334551e-07	2.03934880334551e-07	2.03934880334551e-07	2.03934880334551e-07	2.03934880334551e-07	1.359565868897e-07	9.06377245931337e-08	6.04251497287558e-08	4.02834331525039e-08
3.151228992971e-13	4.72684348945648e-13	7.09026523418472e-13	1.06353978512771e-12	1.59530967769156e-12	2.39296451653734e-12	3.58944677480599e-12	5.38417016220898e-12	8.07625524331347e-12	1.21143828649702e-11	1.21143828649703e-11	1.81715742974555e-11	2.72573614461832e-11	4.08860421692747e-11	6.13290632539121e-11	9.19935948808677e-11	1.37990392321302e-10	2.06985588481952e-10	3.10478382722928e-10	4.65717574084392e-10	4.65717574084392e-10	4.65717574084392e-10	4.65717574084392e-10	4.65717574084392e-10	4.65717574084393e-10	6.9857636112659e-10	1.04786454168988e-09	1.57179681253482e-09	2.35769521880224e-09	3.53654282820336e-09	5.30481424230504e-09	7.95722136345756e-09	1.19358320451863e-08	1.79037480677795e-08	2.68556221016693e-08	4.02834331525039e-08	6.04251497287558e-08	9.06377245931337e-08	1.359565868897e-07	1.359565868897e-07	1.359565868897e-07	1.359565868897e-07	1.359565868897e-07	1.359565868897e-07	1.359565868897e-07	1.359565868897e-07	1.359565868897e-07	1.359565868897e-07	1.359565868897e-07	1.359565868897e-07	1.359565868897e-07	1.359565868897e-07	1.359565868897e-07	1.359565868897e-07	1.359565868897e-07	1.359565868897e-07	9.06377245931337e-08	6.04251497287558e-08	4.02834331525039e-08	2.68556221016693e-08
