0.00472795352204058	0.00544727760807215	0.0061612489010781	0.00685559389553633	0.00750624231645418	0.00807447938669614	0.00851019972955862	0.00875679529534744	0.00876227637700602	0.00849415824515137	0.00795185030279979	0.00716945033440484	0.00620914930708609	0.00515276989094187	0.00408943181458262	0.00310859118099957	0.00228801314634866	0.00168051337507116	0.00130708282812201	0.00114655898914896	0.00114675280938632	0.00123313091139794	0.00132900397845397	0.00137808663147905	0.0013485599640818	0.00124257414970317	0.00108322343265303	0.000902675944321736	0.000724596644685067	0.000563298459051375	0.000423619519056541	0.000306042767743446	0.000210223235104231	0.000135823867131936	8.17838337685713e-05	4.55773982550326e-05	2.33008634187118e-05	1.08706646554225e-05	4.71437323928871e-06	1.86994047979395e-06	6.7741682737624e-07	2.22016100719884e-07	8.14058219785024e-09	1.63109979133318e-09	3.05902320501826e-07	2.03934880334551e-07	1.359565868897e-07	1.359565868897e-07	1.359565868897e-07	1.359565868897e-07	1.359565868897e-07	1.359565868897e-07	1.359565868897e-07	1.359565868897e-07	1.359565868897e-07	1.359565868897e-07	1.359565868897e-07	1.359565868897e-07	1.359565868897e-07	1.359565868897e-07
0.00881062111717087	0.00981947352392445	0.010695743526853	0.0114321175447933	0.0120252745415788	0.0124639473183718	0.012730158780147	0.0127980475804732	0.012636637075725	0.0122168612149166	0.0115215505139652	0.0105542561403384	0.00934663614666551	0.00796856463815224	0.0065239623574961	0.00514518242412129	0.00396844307031506	0.00310117694349291	0.00260059620876299	0.00244850892514288	0.0025627436998489	0.00281183455892202	0.00305355105258413	0.00317835237181777	0.00312769413196235	0.00290882368730552	0.00257136766051892	0.00218119490784498	0.00178733992099783	0.00141918967933644	0.00108817075929083	0.000798969931076644	0.000555854579859916	0.00036269103677869	0.000220115518952664	0.000123508718613696	6.35958979247917e-05	2.99398315583648e-05	1.30616991973471e-05	5.22131139854531e-06	1.90906152836235e-06	6.29986585273436e-07	4.1352749799691e-08	8.73913604853848e-09	3.05902320501826e-07	2.03934880334551e-07	2.03934880334551e-07	2.03934880334551e-07	2.03934880334551e-07	2.03934880334551e-07	2.03934880334551e-07	2.03934880334551e-07	2.03934880334551e-07	2.03934880334551e-07	2.03934880334551e-07	2.03934880334551e-07	2.03934880334551e-07	2.03934880334551e-07	2.03934880334551e-07	2.03934880334551e-07
0.0147109047390039	0.0160429560308006	0.0170180111736018	0.0176609176182186	0.0180367951773881	0.0182127134085579	0.0182376612777862	0.018124875211618	0.0178474374623435	0.0173484113334106	0.0165617972363726	0.0154376502532618	0.0139672616019124	0.0122115316235185	0.0103003525707277	0.00842480629959215	0.00679771309314114	0.00559747065029267	0.004930392565377	0.00478711277079781	0.00504956663173143	0.00551352513718929	0.00594962517771131	0.00617563580550843	0.00609522803533941	0.00571994061609652	0.00513187796595306	0.00443746787326249	0.00371602880516927	0.00301548234792524	0.00235810966496876	0.00176060639821566	0.00124217884231562	0.000820464876385022	0.000503684388189243	0.000285983834926434	0.000149295060893236	7.15042121501688e-05	3.17085856818699e-05	1.29370914150735e-05	4.84792756602955e-06	1.64192713349124e-06	2.04668048077553e-07	5.04802294822756e-08	4.26285092342433e-09	3.05902320501826e-07	3.05902320501826e-07	3.05902320501826e-07	3.05902320501826e-07	3.05902320501826e-07	3.05902320501826e-07	3.05902320501826e-07	3.05902320501826e-07	3.05902320501826e-07	3.05902320501826e-07	3.05902320501826e-07	3.05902320501826e-07	3.05902320501826e-07	3.05902320501826e-07	3.05902320501826e-07
0.0225428410263398	0.0243738457489429	0.0255097702356016	0.0260184411381399	0.0260858821276867	0.0259285633460289	0.0257190715162936	0.0255301335049052	0.0253189210384251	0.0249544542661098	0.0242697403789361	0.0231204499623638	0.0214349779613722	0.019261305003301	0.0167658172101359	0.0142178736331262	0.0119317260949437	0.0101800803630968	0.00913772724365202	0.00881789707011151	0.00907162409497857	0.00962297087601329	0.0101533835208782	0.0104052163933794	0.0102400831364337	0.00966697015809723	0.00879034708216496	0.0077435280844142	0.00662377222991696	0.00549058038320354	0.00437827878839173	0.00332600087805778	0.00238367161166149	0.00159820474177193	0.000996354173979225	0.000575312952828107	0.000306377217119873	0.000150466385969766	6.88710943605924e-05	2.99901063258712e-05	1.35903440754925e-05	8.05217448869622e-06	7.02756176166003e-06	8.80799264544861e-06	1.07775005805103e-05	1.22455630706701e-05	1.27079100876534e-05	1.20213033623846e-05	1.03659958332698e-05	8.14802874670594e-06	5.83816177013148e-06	3.8131311822563e-06	2.27022769678395e-06	1.23208065471056e-06	6.09524138145362e-07	2.74868345961684e-07	1.12990153491971e-07	4.23387973673723e-08	1.44616713068922e-08	4.50277768015437e-09
0.0321157673479963	0.0348479736194904	0.0364345614154002	0.0369584464747405	0.0367559380240571	0.0362682869136241	0.0358783728243256	0.0357830410702823	0.0359435272369634	0.0361269565510523	0.0360006168391278	0.0352445858092436	0.0336479453055238	0.0311934842961795	0.0280690311118645	0.0246429528068723	0.0213752043089639	0.0186796315006154	0.0168341767341722	0.0158943644033972	0.0156909684117308	0.0158929810894129	0.0161186314993596	0.0160648961957281	0.0155728456176082	0.014650863608494	0.0134078242827886	0.0119711115598549	0.0104223686984876	0.0088072322082152	0.0071597782684031	0.00554336280430875	0.00405001548465714	0.00277126828280493	0.00176675538946243	0.00104635879609945	0.000574184068031895	0.000292552198316977	0.000140405239255902	6.65718104464379e-05	3.62669362978164e-05	2.86805272813939e-05	3.19752825500522e-05	4.11959901841887e-05	5.06744698444113e-05	5.75634499250135e-05	5.97258536760522e-05	5.64952405693436e-05	4.87142823149349e-05	3.82910989992203e-05	2.74360384901616e-05	1.79195469402115e-05	1.06687784482191e-05	5.79007804109906e-06	2.86441663888017e-06	1.29172482991371e-06	5.30989431652075e-07	1.98968257464407e-07	6.79616266609593e-08	2.11604930814676e-08
0.0423225460576482	0.046462468783626	0.0489569766083741	0.0498488507025783	0.049618361700897	0.0489841818432981	0.0486333349803027	0.0489875685791254	0.0500795644809978	0.0515775678254242	0.052912253165859	0.0534597586643709	0.0527233763017786	0.0505038600378993	0.0469617940504137	0.0425895199196241	0.0380642400815638	0.0340156713747181	0.0308671497271898	0.0287206130918201	0.0273760586951942	0.0264564511785313	0.0255625914805706	0.0244193801848708	0.0229230663562698	0.0211301236214373	0.0191654522713494	0.0171263880039316	0.0150367824843012	0.0128812327627519	0.0106534452882798	0.0084149108722957	0.0062888099306349	0.00441439579993286	0.00289638424635629	0.0017720336033511	0.0010096024669877	0.000538246254047687	0.000274787854951316	0.00014570963210993	9.74734189583791e-05	9.60589682178632e-05	0.000120430140826923	0.000157707735823338	0.000194425546575503	0.000220575132037252	0.000228586234358907	0.000216009319711042	0.000186105291544962	0.000146184708858518	0.000104682275097353	6.83384756288341e-05	4.06698317268659e-05	2.20642595216101e-05	1.09121906820481e-05	4.91967615041803e-06	2.02190149245517e-06	7.57495017097785e-07	2.5848298753271e-07	8.0481114683281e-08
0.0507542159531235	0.056595270081525	0.0604016913641178	0.06214298185843	0.0624157808529472	0.0622193088333625	0.0625894978087618	0.0642423734235941	0.0673401174914521	0.0714553165323312	0.0757077420678604	0.0790241891782976	0.0804511182234547	0.0794695833212909	0.0761579222015912	0.071166573692312	0.0654733974649036	0.0599982221890943	0.0553254488824548	0.0515563173141425	0.0483930963570545	0.0453811932834199	0.0421461848592861	0.0385524439290484	0.0347001403418426	0.0308304467271341	0.027176948831974	0.0238396044453486	0.0207655638250357	0.0178220084452665	0.0148903862098698	0.0119627657273878	0.00914337392836572	0.00659492760879167	0.0044654601879792	0.00283165563872805	0.00168152203478677	0.000943266351507048	0.000518093979897961	0.000311570467282255	0.00024975020298306	0.000281835605813637	0.000371938719387907	0.000490244016083918	0.000604057819135304	0.000683972675873546	0.000707744725261603	0.000668059084560561	0.000575078515445587	0.000451419219014637	0.000323085678231175	0.00021082385914756	0.000125421125337512	6.80234198529467e-05	3.36329761689283e-05	1.51601383190915e-05	6.2295013751352e-06	2.33351726500508e-06	7.95651864313837e-07	2.47733707935826e-07
0.0545816695281718	0.0619081360251486	0.0671241310170854	0.0701614886049751	0.0717112963017848	0.072997981394389	0.0753546039258648	0.07975821184354	0.0864821766400487	0.094973245138489	0.10398020702216	0.111882608379171	0.117162079867302	0.118895517700614	0.117047944921608	0.112448805257346	0.106414076973091	0.100163448472728	0.0943890236635064	0.089080832046994	0.0837236411184362	0.0777136314339039	0.0707242325344206	0.0628826022942131	0.0546897959289276	0.0467892279503126	0.0397106538578167	0.0336770959379201	0.028599483949863	0.0241966683095245	0.0201603872383645	0.0163197033018265	0.0126746339899841	0.00935331626087577	0.00651763668050904	0.00427748694539983	0.00264756439109257	0.00156691041096451	0.000931585043138023	0.000633264866385609	0.000580948044066799	0.000705678715097911	0.000949058027163258	0.00124950976260165	0.00153367716567463	0.00173006421393372	0.00178506572297305	0.00168142588591787	0.00144525250921526	0.00113351243711128	0.000811187288354715	0.000529857968989633	0.000316104653441876	0.00017246452288911	8.62570701024369e-05	3.97218834261819e-05	1.69668623821431e-05	6.80247281119376e-06	2.60026123213821e-06	9.72184561403296e-07
0.0523497154420503	0.0604092832905952	0.0667097972177202	0.0712486143463915	0.0748074992563464	0.0787371180052495	0.0845228781343897	0.0932619740544292	0.105242307849784	0.119741562898552	0.135143829944941	0.149309981308321	0.160192202886079	0.166479341985837	0.168005930724182	0.16572197424584	0.161182554861418	0.155780732295684	0.150175218228256	0.144108333230303	0.136735855728702	0.127237976259744	0.115338477972451	0.101514127585246	0.0868363254054863	0.0725771141957256	0.0597979286605938	0.0490419920085004	0.040304559795269	0.0331944462962073	0.0271828859744866	0.0218639998239419	0.0170466347494158	0.0127457980373572	0.00907567764887258	0.00614010055033081	0.00396103017240132	0.00248581420503655	0.00161114870145156	0.00122411272763171	0.00122393111077955	0.00152432790362948	0.00203566502186551	0.00264594724867963	0.00321325545013321	0.00359541396245921	0.00368766623779397	0.00345850905656259	0.00296355706277727	0.00231990198658721	0.00165925403704252	0.00108516625045869	0.000650087617184641	0.000357894004059306	0.000182120791591415	8.65197199845603e-05	3.8949510932099e-05	1.69461581826114e-05	7.25769475933333e-06	3.11749244022274e-06
0.0449774667133454	0.0527732695382942	0.0595171206550015	0.0653890485263802	0.0712643855531294	0.0785094137293459	0.0885830060954705	0.102527087210304	0.120541676605675	0.141746905619381	0.164291779980603	0.185717766378955	0.203647218505725	0.216488350438837	0.223901576913998	0.226760078682787	0.226566148650939	0.224594911493191	0.221256170698738	0.215932455460464	0.207411957444982	0.194647761157923	0.177409767626754	0.156544342944537	0.133768167394443	0.111131249388878	0.0904270613201138	0.0727307300395749	0.0582949422424812	0.0467340390570755	0.0373526005175908	0.0295136826747239	0.0228019326741866	0.0170620060463131	0.0122902577831448	0.00851728816825595	0.00571794728854875	0.00381654974120191	0.00269644928720573	0.00223890725592625	0.00233469574642776	0.00287711381423362	0.00373525767964484	0.00473030364238832	0.00563147592972039	0.00620897543623014	0.00629937241342725	0.00586138700749511	0.00499524732869117	0.00389870673152476	0.00278848945735526	0.00183164453746017	0.00110972722558527	0.00062491678396038	0.000331193778835157	0.000168252338832443	8.36639306466973e-05	4.14075646076276e-05	2.04472763915066e-05	1.00291243905038e-05
0.0350809892630449	0.0418033629832849	0.0483118508494473	0.055032142544304	0.0629208646678649	0.0732709693751317	0.0873779414993678	0.106112761855032	0.129561015420854	0.15679788627917	0.185990216772457	0.214693962959549	0.240511912457061	0.26173081573357	0.277763258890131	0.289105457786906	0.296777867261927	0.301527489341954	0.303238896134399	0.300828246509335	0.292723870848482	0.277688392150209	0.255549264796187	0.227513238013551	0.195948681546252	0.163743846632684	0.133535320390214	0.107074389337795	0.0850168443397343	0.067117841782981	0.0526341846534739	0.0407944783618793	0.0310235484631525	0.0230123850377655	0.0166098422556976	0.0117111554339792	0.0081675968662316	0.00581490171019406	0.00447283600795989	0.00398330846276965	0.00420440444122978	0.00498896336085212	0.00615147845736425	0.00744129189636827	0.00854677679462016	0.00917030945876846	0.00911609356101632	0.00835735573956421	0.00705214870344276	0.00547867079778303	0.00392687987366955	0.00261073399543156	0.00162579500061715	0.000962907250203724	0.000553518864544651	0.000315283412195655	0.000179841615419327	0.00010219094615898	5.67589972887478e-05	3.03307214550823e-05
0.0255332226628134	0.0308491404728393	0.0366627623702171	0.0436198286901355	0.0527204713000733	0.0651371612589191	0.0819556096252581	0.103871641630638	0.130934806885926	0.162369073862929	0.196660688255361	0.231741183934754	0.265516985071034	0.296330693262818	0.323303010300354	0.346288090115244	0.365412679847863	0.380463652427164	0.390459764287416	0.393659906230898	0.388077918057492	0.372313352037675	0.346306495987812	0.311675961419009	0.271478191772055	0.229464328955833	0.189126106091477	0.152906351388369	0.121900479425355	0.0960829799014087	0.074793157803215	0.0572885185629407	0.0429959117453104	0.0315651729921171	0.0227431578859442	0.0162669527712098	0.0117916107049275	0.00897360344313203	0.0074787305441805	0.00703115527419349	0.00739457567938259	0.00833750583823051	0.00960333119513355	0.0108818316608726	0.0118262677302604	0.0121372488774317	0.0116543639454657	0.0104132037622382	0.00864079672563763	0.00667088574132089	0.00481916385226635	0.00329572300782251	0.00217204110199238	0.00140889509121121	0.000915022527072174	0.000597209014091709	0.000386373899999708	0.000242269931656255	0.000144032700785884	8.02651919827966e-05
0.0184280252945845	0.0224661503051942	0.0274025966473478	0.0340061961060478	0.0432660581265331	0.0562286398795373	0.073812788976445	0.0966319726799009	0.124849347246945	0.158044810800121	0.195275113241573	0.235124236452449	0.276052826203198	0.316636373396581	0.355758179876523	0.392538534678315	0.425972961247583	0.454548767786166	0.476050279907845	0.487766769651952	0.487112014817528	0.4724870938743	0.444028993428264	0.403897268531866	0.355930903265893	0.304754120537724	0.254640714729224	0.208621642839754	0.168165554489701	0.133484819655378	0.104119836073454	0.0795433636119792	0.0593881829409843	0.0434268024387655	0.0313999492527327	0.0229018005831396	0.0173398404993874	0.0140964527570397	0.0125734835741966	0.0122719732297784	0.0127794049147527	0.0137287202948154	0.0147825752477286	0.0156003361273828	0.0158679904642976	0.015371393939093	0.014069517528575	0.0121167341575708	0.00982024274802591	0.00753644120926856	0.0055469896794959	0.00399360994540057	0.00287455925920831	0.00209528260799526	0.00154080348229583	0.00112101468077997	0.000786592362416581	0.000520983728218246	0.000321060808921656	0.00018318876822414
0.0145884936698118	0.0176981997907427	0.0217373410221272	0.0274772873253641	0.0358408057668759	0.0477651662152507	0.0640896778801158	0.0854720488472344	0.112340236409714	0.144780057489201	0.182555315975353	0.225039288439888	0.271384439002488	0.320553330354033	0.371346390141317	0.422263662443637	0.471180919695879	0.515154550233731	0.550479468185611	0.573172997060108	0.579810161832601	0.568489471532764	0.539567140146833	0.495813644391201	0.441874382955339	0.383173446181024	0.324623405717453	0.269703230880259	0.220189639275768	0.176569699511241	0.138707961160744	0.106453518795481	0.0797994308917382	0.0587618522995299	0.0431497987055383	0.0324364309762266	0.0257592160441377	0.0221604983902372	0.0206953493646441	0.0205614047212274	0.0211170407600155	0.0218408966432323	0.0223312786419548	0.0222571421378863	0.0213912605936255	0.0196599329650523	0.0171881896057731	0.0142791198764801	0.0113260590990647	0.00869026787802761	0.0065861698675535	0.00504799217110121	0.00396829050194803	0.00317736603340429	0.00253291885878584	0.00195477568269124	0.00142709354332325	0.000970726186927591	0.000610194321657214	0.000354032143525495
0.0133996962954587	0.0159051644288748	0.0190836099049624	0.0236089329874327	0.0302909754692368	0.0399701970824909	0.0534763381578685	0.0715961013962245	0.0950999855121641	0.12462001129282	0.160627930598887	0.203281504040359	0.252447683944397	0.307576845377574	0.367578229028098	0.430583590220519	0.493597315899223	0.552410450941499	0.601876472119897	0.636676561866684	0.652425146139346	0.64678256977906	0.620182166694916	0.575834913714036	0.518977545260499	0.455594904142425	0.391043472203581	0.329156864723184	0.27204649174873	0.220579174939871	0.175060924707523	0.135795068681748	0.103161033412308	0.0774240199534368	0.0584664866552203	0.0456552401817978	0.0378801607946421	0.0338483342692297	0.0322673098419572	0.032034761563125	0.0323058315255398	0.0324531630387309	0.032064067469561	0.0308557950150679	0.028692909492693	0.0256180128684355	0.0218816202227097	0.0179018469607876	0.0141432664954142	0.0109781061152093	0.00857322143417253	0.00687518913850189	0.00568416650955351	0.00475858595236849	0.00392567415401039	0.00310778109426753	0.00231729071805051	0.00160947157112561	0.00103603231294242	0.000618507702773332
0.0131530402245627	0.0152430464500976	0.0176506970452507	0.0208975368020409	0.0256479841032923	0.0326389782787958	0.0427018032228861	0.0567468716078035	0.0758420853634645	0.101067100465817	0.133463462777537	0.173837641132784	0.222683012301632	0.279955338434523	0.344832344070655	0.415382476367192	0.488169234109045	0.558201177691466	0.619342211510091	0.66525959913095	0.690734972384979	0.692892290789078	0.671935392500549	0.631066868005783	0.575625851381755	0.511742722381892	0.444970634989551	0.379433375894576	0.31764426306523	0.26094445155327	0.210114995368653	0.165859673121203	0.128839061855467	0.0994862527351543	0.0777433281426278	0.0629312784387215	0.0538033224924614	0.048845091498196	0.046524442227175	0.0455394020774376	0.044943271776458	0.0441024423801457	0.0426629758040918	0.0404097382589027	0.0372449455100491	0.0332181804039383	0.0285695822144714	0.0237215899861819	0.0191564437354849	0.0152717667266582	0.0122523249794032	0.0100405119526368	0.00841542568467058	0.00710417235310338	0.00590961256070124	0.00473875124253974	0.00360640217003811	0.00258033985303007	0.00172822651770038	0.00108394180946083
0.0121205993790609	0.0138548376041495	0.0156441519823163	0.0178542231223645	0.0209959041504512	0.0256884636475938	0.0327239972241301	0.0430504811375779	0.0578743836576296	0.078499893689498	0.106276029303255	0.142400812048066	0.187792301251411	0.242824026689681	0.307026343913625	0.378701137554042	0.454506533563449	0.529391849420189	0.597023124775647	0.650735304900837	0.684879418396886	0.696063970749618	0.683919948316345	0.65105639187517	0.602268485778094	0.543291776597989	0.479536889063905	0.415265141247079	0.353345157351713	0.295542045529207	0.2429959461495	0.196643407404043	0.15727594110102	0.125436978595271	0.101197243293953	0.0840088764118266	0.0727211053386476	0.0658268851143913	0.0617503284488303	0.0591424654673065	0.0570686215020294	0.0549718468384638	0.052592569914818	0.0497640036997853	0.0463353373789475	0.0422157135211249	0.0374553493081446	0.0323247054935097	0.0272329747654614	0.0226004002306892	0.0187034918091977	0.015593909628724	0.0131377512179244	0.0111019788366132	0.00928496348020785	0.00756219692565769	0.00591868159245023	0.00440844079644425	0.00310591973985972	0.00206434313918376
0.00967649842463374	0.0110448268867628	0.0123811240648275	0.0139322609784295	0.0160791799597387	0.0193249814117041	0.0243720825613926	0.0320952156280287	0.0436378485207426	0.0602554578291071	0.0832819221114634	0.113974842395147	0.153387416490246	0.202126082188925	0.260066235100964	0.325978324370397	0.39713933718989	0.469222783992666	0.536613601824476	0.593171907160047	0.633410934268773	0.653616072331947	0.652630061327345	0.631954824946609	0.595206135604406	0.547130194168835	0.49253012117683	0.435470892852137	0.378924794696794	0.32485415145795	0.274540775647244	0.228976959458541	0.189006056239688	0.155333541015603	0.128342923123933	0.107895997342616	0.0932486367704518	0.0831893968009166	0.0763229612156426	0.0713943343282434	0.0675409063720047	0.0642857494361104	0.0614254290445964	0.0587783591013701	0.0560528912902643	0.0529027663072739	0.0490480960581517	0.0444697379914894	0.0394039462817812	0.0342583610963672	0.0294370891524824	0.0251869481193209	0.0215564797320438	0.0184253945793552	0.0156177677239049	0.0129783010624065	0.0104485745161413	0.00806369953684135	0.00591702376742065	0.00410569687804766
0.00646646328037776	0.0074558812326579	0.00845465893749741	0.00964118306734422	0.0113092860724612	0.0138677474867165	0.0179034627792832	0.0241409821815739	0.0335079105829947	0.0469976615489837	0.0656619228794608	0.0905207504409173	0.122477047146899	0.162151575260091	0.209679750068603	0.26441454431212	0.324606839651157	0.387242439570419	0.448160941254401	0.502499405974135	0.545539592065662	0.573579753554426	0.584690475978162	0.579000475022638	0.558495942121839	0.526409988394037	0.486421664145015	0.441941072008878	0.395662410798839	0.349455277468791	0.304557535554365	0.261942065906564	0.22254153047918	0.187352088195899	0.157266272051546	0.132797698871411	0.113864431840617	0.0997927922058901	0.0895554375035441	0.0820937349206323	0.0766239797435744	0.0726850607806598	0.0700332166523141	0.0683831709785219	0.0672419892123734	0.0659647944179657	0.0638957745505277	0.0606640452434932	0.056266055022388	0.0510412284941682	0.0454980493861125	0.0400936059784877	0.0350960083093529	0.0305401348235329	0.0263083044298007	0.0222406442058529	0.0182575127326746	0.0144041277118314	0.010829527122533	0.00771167716713007
0.00357720565884258	0.00421818353763005	0.00493873840469143	0.00588406010516814	0.00729578657139086	0.00951162513209205	0.0130029072176852	0.0183218440490685	0.0261278894797438	0.0370764904565275	0.0518284038361863	0.0710229707406357	0.095252676811121	0.124999525565493	0.160544416022398	0.201782511210456	0.247996143044552	0.297654580144581	0.348333118342823	0.396817927929191	0.439565371228577	0.473257146742588	0.495446485991276	0.504976813512637	0.502108533388241	0.488302446033209	0.465742397333778	0.436784538132792	0.403496177366462	0.367428174987284	0.32969371973621	0.291280174156495	0.253302124396831	0.217141390807178	0.184269507824158	0.155913349249374	0.13272692451713	0.114674299816467	0.101197810646618	0.0915065082036687	0.0849037800481673	0.0808905934427591	0.0790961051936915	0.0790567697966267	0.0800484214331306	0.0811437804467062	0.0813523174022109	0.079974688064353	0.0767567352945147	0.0719183348801948	0.0660023036545614	0.0596180819576973	0.0532245764987812	0.0470197049870817	0.0409831936202144	0.0350068007565712	0.0290457940269008	0.0232022023438808	0.0177130026530326	0.0128539602579307
0.00163913268101568	0.00200944137725307	0.00249286981704161	0.00321108504221128	0.00436427317287911	0.00622637970728231	0.00916223999323302	0.0135686636065707	0.0198729397484	0.0284482511978242	0.039625822391635	0.0537091890941966	0.0709991791662803	0.0918115433471543	0.116481837231006	0.145282826117928	0.178290609584945	0.215179140763239	0.255018210620449	0.296132187370989	0.336230654700718	0.372658758327289	0.402861549552952	0.424825211964196	0.43741143225215	0.440453053355383	0.434587341477946	0.420933499914058	0.400716683898816	0.37502534642625	0.344816852319984	0.311142789283368	0.275357238828298	0.239229955720083	0.204733218352229	0.173680171686322	0.147339330512462	0.126242384303259	0.110288845385607	0.09898941616075	0.0917720313609333	0.0881161292264054	0.0875104193257656	0.0892969916507079	0.0925264595102107	0.0960377352089507	0.0985920312272851	0.099236506465941	0.0974963976838815	0.0934334630383229	0.0875315395808502	0.0804511439282204	0.0727779501192761	0.0648724696269558	0.0568720279511441	0.0488037467947905	0.0407266838223756	0.0328269838657582	0.025413812184673	0.0188201685865383
0.000628583735140001	0.00082053964660052	0.00111488835877079	0.00160506386151167	0.00244485669782694	0.00384019848805725	0.0060589099428733	0.00937364265961222	0.0140531396920817	0.0203028535104176	0.0282721313221525	0.0380820615574976	0.0498762655083322	0.0638715059769485	0.0804102323001052	0.0999364936618968	0.12293776536583	0.149765576258091	0.18042558214115	0.214334333697292	0.250251043573072	0.286302380298726	0.320238122744305	0.34978359643216	0.373019722509684	0.388638506010388	0.396000480892199	0.395041156211706	0.386058394132242	0.369562659784069	0.34628452263621	0.317325968134583	0.284279521950909	0.24926048441549	0.214622126830882	0.182571113647357	0.154768015557355	0.132115109107028	0.114836088493996	0.102702211409251	0.0952927183884295	0.0921331740879613	0.0926410717571176	0.0960307925055373	0.101191824977309	0.106807998113802	0.111492147265804	0.114117906566585	0.114018263526301	0.111055274410638	0.105554868789431	0.0981245974408267	0.0894225107787591	0.0799934887767224	0.0702159035142852	0.0603433797072007	0.0505875342649286	0.0411963215618782	0.0324695898861155	0.0246960810591306
0.000205814755870261	0.000296159425273969	0.000456975099531539	0.000750132151575972	0.0012799843613914	0.0021841268547651	0.00364582216760921	0.00584459883208444	0.0089567819411921	0.0131184296614367	0.0184284262829406	0.0249705285930728	0.0328669486154915	0.042316348058228	0.0536483106120571	0.0673122404941646	0.0838702016380053	0.103860066111913	0.127663978367714	0.155281652348666	0.186193321031194	0.219261701349117	0.252808427576896	0.284817481642816	0.313230950067326	0.336206665430154	0.352271444499266	0.360390872912779	0.359951926343555	0.350790416387643	0.333299153424762	0.308566514159389	0.278402850735451	0.245247775344666	0.211761800201176	0.180385036551759	0.152936544195812	0.130432181807348	0.113196459721569	0.101128708930749	0.0939286224608932	0.0912293500440286	0.092492482082616	0.0969428257105263	0.103443254717178	0.110640615437276	0.117100214945703	0.121579575457559	0.123220374839507	0.12163593560452	0.116915090085029	0.109544336527802	0.100234750810061	0.0897529084846361	0.0787835101130704	0.0678535649393869	0.0573184855743057	0.0474141495766741	0.0383176252190691	0.0301645383388121
5.96352056661482e-05	9.83909879061954e-05	0.000176543566724248	0.000328800138164612	0.00061710666031521	0.00112206013054579	0.00196061195150173	0.00324648245115134	0.00510510721075759	0.0076538245809076	0.0110051284734419	0.0152748787873508	0.0206269338176682	0.0272770993395372	0.0355281028779492	0.0457477810145202	0.0583910034561386	0.0739030565316819	0.0926916146402758	0.114965901061504	0.140613377309549	0.169064869729523	0.199262079449895	0.229722889940209	0.25870007081674	0.284335213439973	0.304786098766053	0.318356916293351	0.323654915767422	0.319828393454777	0.306857370328278	0.285752072089047	0.258508952372425	0.227865248353745	0.196723782978329	0.167616997068359	0.142306044558536	0.121669951330488	0.105900363619803	0.0948587893208998	0.0882969200911445	0.085987730795919	0.0875549583868522	0.0923962080238903	0.0995186351825969	0.107670058587213	0.115459320402914	0.121566072038181	0.124935138742485	0.124906983446988	0.121308748721823	0.11449089849597	0.105215220844225	0.0944702026993488	0.0832265350226687	0.072236182825389	0.0619207743841346	0.052414824829748	0.0436963324906493	0.035708159096982
1.61476839833352e-05	3.13111738191888e-05	6.52050708500925e-05	0.000134360521093635	0.000271613897985012	0.000519048509942896	0.000948201563092483	0.00163021023175859	0.00266080066571427	0.00415123137141252	0.00623360176037395	0.0090544306630784	0.0128090168567257	0.017714636963649	0.0240291412246522	0.0320196183159796	0.0419990761885266	0.0542559736286517	0.0691002931307498	0.0867560869818041	0.107280402200452	0.130445461300887	0.155679770333873	0.182058853263629	0.208348439619634	0.233019576470056	0.25427022847576	0.270113534087223	0.278641407216583	0.278440524548845	0.269087801344043	0.251452021846361	0.227615201524836	0.20048405019412	0.173053595180424	0.147776651174812	0.12617490505134	0.108823672702225	0.0956476940551034	0.086378081396432	0.0807835158026731	0.0787962322326072	0.0802839896514411	0.0849305932480224	0.0920153415037438	0.100491534122966	0.109081161395092	0.116434340916334	0.12134001922667	0.122910884553621	0.12075470873702	0.115097007247535	0.106709212771275	0.0967052278578199	0.0862034820424368	0.0760439099821671	0.0666133113769491	0.0579052559888542	0.049721207125723	0.0418808698629453
3.34652589146261e-06	8.5646206394263e-06	2.18820814203206e-05	5.00735125149473e-05	0.00010974698499994	0.00022226078514393	0.000432634282290894	0.00078847597557818	0.00136716856619966	0.00227129502702091	0.00363392825760115	0.00559968978190178	0.0083514897507942	0.0120689432861818	0.016944344491954	0.0231558747586118	0.0309117345785018	0.0403920098242507	0.0518182379179462	0.0653639880590458	0.081110677762171	0.0989707934119147	0.118664613709755	0.139707197975641	0.16139230655436	0.182689832373345	0.202138495838749	0.217826795081106	0.227675830914397	0.229947236761093	0.223891842307866	0.21015180363251	0.190691289857388	0.168326291850587	0.145898513921729	0.125598900181425	0.10861243511878	0.0951920531791394	0.0850286232444793	0.0777650479414055	0.0732240797003535	0.0715125543595446	0.0727552594663411	0.0769271523090924	0.0835968878082387	0.0919489682964205	0.100860048228645	0.109028755300469	0.115197534586085	0.11836385596558	0.117989985882148	0.114162390642169	0.107546088359763	0.0991902075067067	0.0901578665030768	0.0812321881324852	0.0727227034533007	0.0645451038400188	0.0564561949960229	0.0483014379288674
8.89241631437115e-07	2.45430576194136e-06	7.66808975499003e-06	1.90324604328807e-05	4.57369872560714e-05	0.000100585201109536	0.00021544479042869	0.000427569718174594	0.000803130132738619	0.00143297061564988	0.00243450746298574	0.00392393572258011	0.00603621118809014	0.00888373477197189	0.012578793818154	0.0172231926427485	0.0229559656785334	0.0299037170633625	0.0382367319661647	0.04807683278521	0.0594754003801707	0.0723785534421539	0.0866582072055802	0.102131238604985	0.118530460305319	0.135333339504209	0.151555067966929	0.165616052602144	0.175573091795422	0.179619543131226	0.176787123942177	0.167408985315632	0.153099749668496	0.136295759317004	0.11944608517882	0.104361014207336	0.0919042830174513	0.0821199348617824	0.0746204474013111	0.0690916208157966	0.065485721444762	0.064084549093582	0.0652158743306831	0.0690529586870793	0.0753687732075083	0.0835297912604125	0.0925762583261609	0.101335695178254	0.108627723249176	0.11344722514976	0.115158399019274	0.113652569739871	0.109340407541218	0.10301692088461	0.0955382448309635	0.0875732243691808	0.0794155813866896	0.071054547369771	0.0623835555130902	0.0534204111658661
2.33662128908345e-07	6.52953783648542e-07	3.25776370869837e-06	8.98398333962969e-06	2.4021837372976e-05	5.83442890648255e-05	0.000137530821922563	0.000294482118152904	0.000587528651238739	0.00109507092366208	0.00191286043233251	0.00312276108621323	0.00480463546209477	0.00700265130261496	0.00975214097530161	0.0130861647148923	0.0170820384303256	0.0218256930236934	0.0274463459480872	0.034028778055459	0.0416055262993645	0.0501509766821843	0.0596440250464279	0.0701089305064435	0.081587292027291	0.093947498498951	0.106637741804779	0.118486911246885	0.127858871712754	0.133075737737473	0.133072381788686	0.127864468844589	0.11859269270744	0.107146816307968	0.0954600197864815	0.0849394050588382	0.0762049762321232	0.0692285297322899	0.0636913377949096	0.0594318022344711	0.0565830291224125	0.0555861323925844	0.0569034779926699	0.060802676865166	0.0671575741563191	0.0754428184323546	0.0848343807403815	0.0943102710117057	0.102812311506166	0.109366321633703	0.113233011574057	0.114055588471997	0.111912064326423	0.107272979478479	0.100772287150276	0.093018132462071	0.0844106199408636	0.0751653503533222	0.0654467051806427	0.0555144178912086
5.25414680372048e-08	1.47903983509268e-07	1.89748152291367e-06	5.74536997531205e-06	1.64210034136098e-05	4.24264677688973e-05	0.000104917452176496	0.000232432965414026	0.000474609542716887	0.000896246894492132	0.00157191225270683	0.00255762866859759	0.0038944793189838	0.00558325976981933	0.00760703959112921	0.00994488236386715	0.0126102547241722	0.0156345369826954	0.0190915019419522	0.0230349948766437	0.0275059770723929	0.0325405489786914	0.0382277887963289	0.0447405823129401	0.0522993606791023	0.0609950173831513	0.0705582908344178	0.0801582086216659	0.0884967544393463	0.0941354892790175	0.0960414585811154	0.0940097456218422	0.0887528531182789	0.0816285237466046	0.0740686147343174	0.0671158251761743	0.0612042058686547	0.0562903480810227	0.0521649492254196	0.0488344723044619	0.0466075251952823	0.046064012973862	0.0477708624338574	0.0520549755254296	0.0588481202525065	0.067686530159748	0.0778253701196885	0.0883284454686978	0.0981908412896452	0.106412768593596	0.112123953208141	0.114733490047548	0.114042819555712	0.110280216407602	0.10395642051513	0.0957131798467546	0.0861401898384438	0.0757374412512926	0.0649616214030776	0.0542883586679207
7.69074180840003e-09	2.25661663775578e-08	1.26564289075826e-06	3.99946298656535e-06	1.1674446063288e-05	3.08445830493078e-05	7.77258936703778e-05	0.00017415821401999	0.000358396670665651	0.000679828693532047	0.00119394958342168	0.00194159600324763	0.00294677661705842	0.00419787273593728	0.005659361702727	0.00728168823605062	0.00902640080504304	0.0108666327075186	0.0128127328084567	0.0148875664177	0.0171490664971394	0.0197024590186937	0.0227313735346577	0.0264989702480076	0.0312948088209312	0.0372861500763075	0.0443349505848017	0.051838856935867	0.0587979211453898	0.064058658324991	0.0667350052704425	0.0665529165187984	0.0639465764988208	0.059866131212805	0.0553297178102557	0.051065224015995	0.0473342162300242	0.0440577497374475	0.0410901060112504	0.0385479463251393	0.036865407444143	0.0367326847218004	0.0388192424328231	0.0435354614417205	0.0508896833089619	0.0604752229026062	0.0715737138293415	0.0832379182599492	0.094407062230843	0.103986260983922	0.110982151930564	0.114663231682172	0.11469899120503	0.111216590378385	0.104699688021133	0.0958536794827833	0.085431183844153	0.0741534828544888	0.0626921446650204	0.0516624825001217
3.05902320501826e-07	3.05902320501826e-07	7.82707223473901e-07	2.50167017692731e-06	7.32323037183449e-06	1.9461789073496e-05	4.97513495809387e-05	0.000112188178044073	0.000232385766105247	0.000443797226333275	0.000784856451371991	0.00128676237265471	0.00196923707657883	0.00282683688153378	0.00383019171078536	0.00492745005111057	0.0060565120751131	0.00715451687091598	0.00818571368592096	0.00914832593222824	0.0101063829053786	0.0112017512225677	0.0126586826126168	0.0147595508736037	0.0177799322491723	0.0218735272373537	0.0269431753172165	0.032538354811656	0.0379146764399251	0.0422153258753368	0.044775422420237	0.0453742900133777	0.0443048509515766	0.0422291852366216	0.0398353137974621	0.0375767400246279	0.0355498003332224	0.0336199641507449	0.0316625596139616	0.0298435081487801	0.0286574591049995	0.0288495003245236	0.0311604914716498	0.0360913360724945	0.0437491207587266	0.0538071448521273	0.0655718188824523	0.0780582809977093	0.0901249312895544	0.100594427496477	0.108418239704979	0.112836083741713	0.113494160239085	0.110477727001226	0.10422793656676	0.0954317654484681	0.0848835715523253	0.0734001547411597	0.0617653945164697	0.0506727483892694
2.03934880334551e-07	3.05902320501826e-07	4.12233277350723e-07	1.31757017816726e-06	3.84657320395688e-06	1.0218611779457e-05	2.66006448703631e-05	6.03636502564276e-05	0.000126099503436337	0.000243419338880307	0.000436123223497138	0.000726558472868144	0.00113200387498765	0.00165548483042288	0.00228182133728086	0.00297277448050871	0.00367152319135928	0.00431325527238407	0.00484964073227392	0.00527051849962417	0.00563427979115839	0.00607727463759091	0.00680265226315819	0.00804717229540253	0.0100179992345774	0.0128132578721348	0.0163421063676447	0.0202729740922746	0.0240909219534322	0.027227350187868	0.0292606000686356	0.0300741672981071	0.0298839301141455	0.0291259136940112	0.0282116656824541	0.027362171421795	0.0265471079917757	0.0256069378846	0.02444861166358	0.0232615778833161	0.0225377501696408	0.0229869348140369	0.0253284022723648	0.0300915046943554	0.0374623501609816	0.0472259921447214	0.0587867253332191	0.0712236649558598	0.0834340269485942	0.0942783379663866	0.102751397103722	0.108117976104557	0.109988082400149	0.108326840688903	0.103405646119452	0.0957493454479254	0.0860595889246912	0.0751433663339349	0.0638312756147659	0.0528746972221246
2.03934880334551e-07	3.05902320501826e-07	1.75995272443602e-07	5.62511896080689e-07	1.64031001327026e-06	4.35686082273026e-06	1.16765561405648e-05	2.67682746325861e-05	5.6664667835834e-05	0.000111207354910657	0.000203215352096943	0.000346501112614789	0.000553710316907202	0.00083095220741838	0.00117389200608855	0.00156065490804174	0.00195458810516952	0.00231190771450545	0.00259870191063477	0.00281291242658159	0.00300541140440931	0.00328477478822927	0.00379904590646871	0.00470568903772361	0.00612000636470231	0.00807013978465279	0.0104598966239544	0.0130575257092392	0.0155500910875952	0.0176264886672288	0.0190868204321451	0.0199138347919391	0.0202593560199092	0.0203635490465104	0.0204072300947755	0.0204352336925794	0.0203541572067924	0.0200375413455521	0.0194589913336473	0.0188238473991467	0.0185624874010227	0.0192479561134572	0.0214544102066107	0.0256309533749334	0.0319852954863847	0.0404373267313457	0.0505999882127043	0.061793937125287	0.0731555056446564	0.0837476385326151	0.0926922197767572	0.0992669155285672	0.102953921663509	0.103469474547419	0.100786311447632	0.0951643112413633	0.0871384701909517	0.0774565253747657	0.066966990608472	0.0564712715556277
2.03934880334551e-07	3.05902320501826e-07	6.08109625400493e-08	1.94362549436415e-07	5.66272336440118e-07	1.50390413862334e-06	4.20737760539418e-06	9.78555292295517e-06	2.10955156788766e-05	4.23243858350524e-05	7.93372631506263e-05	0.000139187368727851	0.000229128452529614	0.000353980045816409	0.000514668136649745	0.000701224963935401	0.000897419945078326	0.00108483840536494	0.0012530233714549	0.0014153413055176	0.00161940172868448	0.00194623917930367	0.00248822749594896	0.00332460214380544	0.00448325479923635	0.00592430079141573	0.0075388777359698	0.00916912125326323	0.0106599656695831	0.0119027573535312	0.0128709400553844	0.0136214822477757	0.0142517190698983	0.0148505539449	0.0154347551022584	0.0159447408404344	0.0162823458383867	0.0163888844733012	0.016311345344194	0.0162499353494168	0.0165233547261559	0.0174963652245592	0.0195082915916521	0.0228361796334862	0.0276460380487525	0.0339856408680849	0.0417433043720864	0.0506091426424633	0.0601052336582827	0.0696107748012067	0.0784235380361556	0.0858198756544659	0.0911098993331357	0.0937258943739232	0.0933316396424474	0.0899299005510692	0.0838926664896913	0.0758933312850659	0.0667654065183133	0.057320306113201
2.03934880334551e-07	3.05902320501826e-07	1.70053538793568e-08	5.43521068571057e-08	1.58354038006099e-07	4.20556113728281e-07	1.24981071210278e-06	2.96278335009442e-06	6.53665785746886e-06	1.34711687819653e-05	2.60077527415036e-05	4.70683946654091e-05	7.98926049370834e-05	0.000126976673809402	0.000190915472726674	0.000268093349814757	0.000355672917533743	0.000453093977135588	0.000568283886789423	0.000727252576522153	0.000976939636711358	0.00137962958407595	0.00198852660018648	0.00282652778658896	0.00385847283077507	0.00499352919930491	0.00610963603875407	0.00709386985788196	0.00789261461575124	0.00852786877791404	0.009084523254262	0.00966718267290249	0.0103428934018139	0.0111177541351874	0.0119299802460914	0.0126883849915312	0.013324215182306	0.0138407099847654	0.0143266417737254	0.0149433265465246	0.0158711676810298	0.0172522833307404	0.0191728631611103	0.0217029450682617	0.0249205824736304	0.0289536306867549	0.0339356642019246	0.0399207512494902	0.0468250397156192	0.0543568656201801	0.0620072394805834	0.0690868980415906	0.0748078556329655	0.0784335443249297	0.0794499497750772	0.0777110997738632	0.0734781388102549	0.0673377800181599	0.0600477111684737	0.0523464364294691
2.03934880334551e-07	3.05902320501826e-07	3.84868521071298e-09	1.23010759620808e-08	3.58389980270028e-08	9.51810886538387e-08	3.07777260796229e-07	7.47548864380485e-07	1.69632106097578e-06	3.60568485632201e-06	7.18734032324719e-06	1.34265891724395e-05	2.34697205785371e-05	3.82729731400958e-05	6.05471958697911e-05	8.92866243767997e-05	0.000127594769833176	0.000182828450203184	0.000271060093572866	0.00042249304326679	0.000680696031538467	0.00109465677760965	0.00169496603072225	0.00247463224584053	0.00336889056595486	0.00426598605419918	0.00504319899162912	0.005613918775337	0.00597411221717449	0.00620442938620043	0.00643694876564721	0.00679585382865557	0.00734185185218817	0.00806342297796458	0.00889598324817928	0.00977172090024398	0.0106641653657936	0.0116151346647003	0.0127184280055835	0.0140768285383688	0.01574133049574	0.017667823753337	0.0197288179309434	0.0218014909886346	0.0238506167623275	0.026012541171545	0.0285637567326745	0.0318094565014874	0.0359558434880118	0.0409721739600256	0.0465334064545452	0.052049988778492	0.0567755514382485	0.0599915669200527	0.0611935598384659	0.0602267070527401	0.0573044971694105	0.0529133701442933	0.0476669374069961	0.042138979444834
2.03934880334551e-07	3.05902320501826e-07	7.04956028370542e-10	2.25316365983239e-09	6.56455810923939e-09	1.74341310239204e-08	6.31079466251392e-08	1.57734811332039e-07	3.69328913461603e-07	8.10839139514482e-07	1.66806455618639e-06	3.20889296801447e-06	5.75480321660235e-06	9.58721521514957e-06	1.69101509924158e-05	2.75720465997308e-05	4.58624603491925e-05	8.01599572654769e-05	0.000146302412018847	0.000270560858366589	0.000487942374178518	0.0008346028255336	0.0013283924518773	0.00195297166627594	0.00264383290479545	0.00329961935900669	0.00381629351140502	0.00412811700497362	0.0042458938065898	0.00425458894378027	0.00428118112020886	0.00444152758951491	0.0047978472101818	0.00535592618300572	0.00608862890171756	0.0069771942479017	0.00803969466891134	0.00934316976435925	0.0109754482707751	0.0129915608853071	0.0153509434192734	0.017881104488479	0.0203000236610263	0.0223276620579789	0.0238099096055055	0.0248326542316574	0.0257111693718537	0.0268713175461281	0.0286804059854813	0.0312750853239809	0.0344811887587272	0.0378466993712409	0.0407668103133117	0.0426743587116207	0.0432054782189908	0.0422939403399203	0.0401531346994847	0.0371684305896339	0.0337731378353803	0.0303245732000366
1.359565868897e-07	2.03934880334551e-07	3.05902320501826e-07	3.05902320501826e-07	3.05902320501826e-07	3.05902320501826e-07	4.57093684199385e-09	1.41261023810161e-08	3.97943603312884e-08	1.02188672216291e-07	2.39202676007029e-07	5.10400817271842e-07	9.92747353374826e-07	1.76014385712714e-06	4.29905850764557e-06	8.66099433621907e-06	1.81524380485373e-05	3.89592585284158e-05	8.24186240704159e-05	0.000166595918478654	0.000314891252110208	0.000550525317179526	0.000883505794167157	0.00129953796321914	0.00175141961398419	0.00216715207223451	0.00247450501208221	0.00262907059936263	0.00264086532967345	0.0025719690884054	0.00251558732286856	0.00255945603646308	0.00276050885049103	0.00314486283178267	0.00372662733954357	0.00453572523354957	0.00563202651387881	0.0071078216677739	0.00905573013860197	0.0115097960531782	0.0143812355116247	0.01742211212438	0.0202516691737327	0.0224778823654572	0.023847453129743	0.0243774290856541	0.0243640340453761	0.0242659145787169	0.0245160809575934	0.0253388686348886	0.0266627684528126	0.0281595113932407	0.0293781912961897	0.0299269478174178	0.0296078906737554	0.0284651701455748	0.026729895118176	0.0247017473638876	0.0226463431486939	0.0207166958049565
9.06377245931337e-08	1.359565868897e-07	2.03934880334551e-07	2.03934880334551e-07	2.03934880334551e-07	3.05902320501826e-07	8.09007639333311e-10	2.50017121988095e-09	7.0431823110362e-09	1.80863178236883e-08	4.23363522463909e-08	9.03355645830296e-08	1.75705817116e-07	3.11526909245221e-07	1.30850540248028e-06	3.2154404790493e-06	7.92558083087955e-06	1.89371313794937e-05	4.26202358683235e-05	8.89779327206261e-05	0.000170833137406233	0.000300662504392903	0.000483494499947964	0.000710589897680896	0.000954937663967481	0.00117572891334099	0.00133231648359629	0.00139955893963986	0.00138318861485529	0.00131839425717832	0.00126064415353217	0.00126506541068804	0.00137577693121623	0.00162888289312979	0.00206551282937081	0.00275002871840489	0.00377537347952648	0.00525762917534699	0.00730153103466714	0.00993621897281358	0.0130516913711937	0.0163625079824453	0.0194401471824654	0.0218387015286485	0.0232550417795905	0.0236618789466121	0.0233254277826427	0.0226922986936655	0.0222009809822378	0.0221038210843057	0.0223830352506894	0.0227931804427085	0.0229950002911098	0.0227220862507818	0.0218905081222492	0.0206143927479454	0.0191276674917641	0.0176614796038302	0.0163576851122521	0.0152259670259553
6.04251497287558e-08	9.06377245931337e-08	1.359565868897e-07	1.359565868897e-07	1.359565868897e-07	2.03934880334551e-07	3.05902320501826e-07	3.05902320501826e-07	3.05902320501826e-07	3.05902320501826e-07	3.05902320501826e-07	3.05902320501826e-07	3.05902320501826e-07	3.05902320501826e-07	3.60637415747008e-07	1.10817580911698e-06	3.10404921394855e-06	7.93102681971253e-06	1.84633797016545e-05	3.9183839459349e-05	7.58101248810053e-05	0.000133842907017035	0.000215426340833652	0.000316440263462466	0.000424546449638348	0.000521158912616252	0.000587806393722848	0.000612879681224709	0.000599120436364441	0.000562574881873975	0.000531692126890431	0.000536925567637318	0.000609669730254727	0.000788722656852124	0.00112889595863293	0.00171405367643648	0.00265721860236866	0.00408649776464009	0.00610800417476306	0.008738845870637	0.0118508339777068	0.0151432324306039	0.0181867855696265	0.0205499338271226	0.0219501046376864	0.0223659738474266	0.0220461522608396	0.0213969400146922	0.0208116782957392	0.020516996391012	0.020506569801359	0.0205855554495415	0.020491605367009	0.0200358097314556	0.0191881346306944	0.0180746720353905	0.0168953714911509	0.0158111065784514	0.0148741400432531	0.0140120978899606
4.02834331525039e-08	6.04251497287556e-08	9.06377245931335e-08	9.06377245931335e-08	9.06377245931337e-08	1.359565868897e-07	2.03934880334551e-07	2.03934880334551e-07	2.03934880334551e-07	2.03934880334551e-07	2.03934880334551e-07	2.03934880334551e-07	2.03934880334551e-07	3.05902320501826e-07	1.30754882389557e-07	4.01786922989966e-07	1.12542285458801e-06	2.87453060244848e-06	6.69113498225097e-06	1.41981141706391e-05	2.74640622597123e-05	4.84679934359536e-05	7.79734862995602e-05	0.000114448359454414	0.000153367856455807	0.000187926131394389	0.00021135065218986	0.000219331959760511	0.000213468759815949	0.000199859141363481	0.000193231584390533	0.000211037817741141	0.000277986569841745	0.000435023295601143	0.000744859681855895	0.00130125734733295	0.00222443920682373	0.00363692661648653	0.00562406609848002	0.00817034320920693	0.0111187482224917	0.0141658968311934	0.0169229065682026	0.0190385123102299	0.0203224881671423	0.0208123426604504	0.0207523056908969	0.020476897058399	0.0202745428960906	0.0202838738679572	0.0204686159130076	0.0206714534857215	0.020710723747744	0.0204772360226302	0.0199813956700255	0.0193314676323911	0.0186592759461861	0.0180322647247655	0.0174108776112552	0.0166605080757319
2.68556221016692e-08	4.02834331525038e-08	6.04251497287557e-08	6.04251497287557e-08	6.04251497287558e-08	9.06377245931337e-08	1.359565868897e-07	1.359565868897e-07	1.359565868897e-07	1.359565868897e-07	1.359565868897e-07	1.359565868897e-07	2.03934880334551e-07	3.05902320501826e-07	3.83678944957125e-08	1.17897840518934e-07	3.30237040168413e-07	8.43194500827835e-07	1.96250963395079e-06	4.16368512385591e-06	8.05241241661509e-06	1.42052344915692e-05	2.28422112137582e-05	3.35036749486809e-05	4.48485171069732e-05	5.49176242016802e-05	6.17138629614517e-05	6.40806107089047e-05	6.37464458063597e-05	6.31510900977879e-05	7.26880481482592e-05	0.000105877133596857	0.000187206032833972	0.000361422402479496	0.000696842916272413	0.00129002029253692	0.00225617632009573	0.00369550960798207	0.00565322350280047	0.0080670418583784	0.0107484924887046	0.0134097799929343	0.0157414020607871	0.0175262107258817	0.0187199018256234	0.0194528987850749	0.019963427882361	0.0204733170087071	0.0210961200463752	0.0218093533680937	0.0224968610146854	0.0230296233185857	0.0233350251716283	0.0234320554604882	0.0234162952295503	0.0234013743919372	0.0234484381997845	0.0235090434818755	0.0234209064274373	0.0229575075033187
1.79037480677795e-08	2.68556221016692e-08	4.02834331525038e-08	4.02834331525038e-08	4.02834331525039e-08	6.04251497287556e-08	9.06377245931335e-08	9.06377245931335e-08	9.06377245931335e-08	9.06377245931335e-08	9.06377245931335e-08	1.359565868897e-07	2.03934880334551e-07	3.05902320501826e-07	9.1117320663835e-09	2.79987616764789e-08	7.84257637266585e-08	2.00244565733201e-07	4.66063155074986e-07	9.88805451954143e-07	1.91231302610091e-06	3.37315032894026e-06	5.42353031576586e-06	7.9530303164436e-06	1.06413683421404e-05	1.32025834536386e-05	1.51706718578902e-05	1.6695115529879e-05	2.03509612512259e-05	2.83649771381983e-05	5.16084705771063e-05	0.000104767913583574	0.000215501856596163	0.000431474961901427	0.000821394863717983	0.00147417267230648	0.00248573649574228	0.00392107461786324	0.00577837273215719	0.00795574869459625	0.0102550838587639	0.0124390043916423	0.0143154868790582	0.0158334805074741	0.0171130103325384	0.0183780488708221	0.0198409524096142	0.0215728852081825	0.023457312675311	0.0252511273733162	0.0267095699534594	0.027712683065923	0.0283154068184089	0.0287166670863098	0.0291654451181969	0.0298421220550096	0.030773178566514	0.0317956015450221	0.0325941196618783	0.0327977567317405
1.19358320451863e-08	1.79037480677795e-08	2.68556221016692e-08	2.68556221016692e-08	2.68556221016692e-08	4.02834331525038e-08	6.04251497287557e-08	6.04251497287557e-08	6.04251497287557e-08	6.04251497287556e-08	9.06377245931335e-08	1.359565868897e-07	2.03934880334551e-07	3.05902320501826e-07	1.75128502808706e-09	5.38139310635557e-09	1.50735189347269e-08	3.84872280450558e-08	8.95778562933313e-08	1.90049506623109e-07	3.67548688572843e-07	6.47955317201944e-07	1.04125545164764e-06	1.52528699701871e-06	2.03670391034174e-06	2.98688504089923e-06	4.31188994407537e-06	7.14493666395544e-06	1.5524856601436e-05	3.37810240085192e-05	7.57891153148822e-05	0.000160313237935301	0.000318724799850275	0.000597402298659863	0.00105519539864977	0.00175739691569881	0.00276271503500539	0.00409116092426232	0.00569947267552199	0.00747318526123261	0.00924664837079647	0.0108759234035345	0.0123119657155987	0.0136677764778041	0.0152016910941746	0.0171976003992733	0.0198162019010706	0.0229697256199308	0.0263124261008702	0.029379772212432	0.0317867729220218	0.033405442213456	0.0344092325786877	0.0351881102973177	0.0361797136261678	0.0376790178122325	0.039719181979727	0.0420408031412672	0.0441643482140335	0.0455353966718158
7.95722136345756e-09	1.19358320451863e-08	1.79037480677795e-08	1.79037480677795e-08	1.79037480677795e-08	2.68556221016692e-08	4.02834331525038e-08	4.02834331525038e-08	4.02834331525038e-08	4.02834331525038e-08	6.04251497287556e-08	9.06377245931337e-08	1.359565868897e-07	2.03934880334551e-07	3.05902320501826e-07	3.05902320501826e-07	3.05902320501826e-07	3.05902320501826e-07	3.05902320501826e-07	3.05902320501826e-07	3.05902320501826e-07	3.05902320501826e-07	3.05902320501826e-07	3.05902320501826e-07	3.05902320501826e-07	1.05206579601342e-06	3.22483916762601e-06	9.00831216128636e-06	2.45919137329544e-05	5.84532244935799e-05	0.000129509619975366	0.00026296748950395	0.000493718483322199	0.000862215033554305	0.00140631617243781	0.00215125496706364	0.00310138908486278	0.00422488723170073	0.00544786887397139	0.00667335209025883	0.00780687513859077	0.00882443350376349	0.00981550806855187	0.0110161271110436	0.0127599373028933	0.0153383107852474	0.0188473026712316	0.0230801411819514	0.0275411176277878	0.0316287111398356	0.0348727801348679	0.0371462450053442	0.0387126143799386	0.0401095014223591	0.0419311703779631	0.0445776276167259	0.0480973152407688	0.0521502371214503	0.0561048745267929	0.0592234713351625
5.30481424230504e-09	7.95722136345753e-09	1.19358320451863e-08	1.19358320451863e-08	1.19358320451863e-08	1.79037480677795e-08	2.68556221016692e-08	2.68556221016692e-08	2.68556221016692e-08	2.68556221016692e-08	4.02834331525039e-08	6.04251497287558e-08	9.06377245931337e-08	1.359565868897e-07	2.03934880334551e-07	2.03934880334551e-07	2.03934880334551e-07	2.03934880334551e-07	2.03934880334551e-07	2.03934880334551e-07	2.03934880334551e-07	2.03934880334551e-07	2.03934880334551e-07	2.03934880334551e-07	3.05902320501826e-07	1.76396876872463e-06	5.40540306668207e-06	1.50989701077617e-05	3.96447354706487e-05	9.30118573373984e-05	0.000200696643261521	0.000396033748062399	0.0007177007976385	0.00119820588901168	0.00184874431001006	0.00264642192907147	0.00353367203511841	0.00442571267645031	0.00522748909392741	0.00587492768718184	0.0063570645612023	0.00676146407667715	0.00727809708939522	0.00819982597041479	0.00986087444753218	0.0125114166410946	0.0161899343872429	0.0206450909292687	0.025360438388513	0.0297382424751692	0.0333291594308842	0.0360445134259305	0.0382054673944833	0.0404192673464047	0.0433520748166823	0.0474500615663206	0.0527593938135395	0.0588815760120353	0.0650797706682899	0.0704822468903699
3.53654282820335e-09	5.30481424230502e-09	7.95722136345754e-09	7.95722136345754e-09	7.95722136345756e-09	1.19358320451863e-08	1.79037480677795e-08	1.79037480677795e-08	1.79037480677795e-08	1.79037480677795e-08	2.68556221016693e-08	4.02834331525039e-08	6.04251497287558e-08	9.06377245931337e-08	1.359565868897e-07	1.359565868897e-07	1.359565868897e-07	1.359565868897e-07	1.359565868897e-07	1.359565868897e-07	1.359565868897e-07	1.359565868897e-07	1.359565868897e-07	2.03934880334551e-07	3.05902320501826e-07	2.39365636314e-06	7.33498102421328e-06	2.04888808215326e-05	5.28734359544667e-05	0.000123305281183857	0.000263034535433983	0.000512318826046981	0.000912733009945522	0.00148950834935154	0.00223037442351312	0.00307132712464441	0.00390324524629607	0.00459941202525147	0.00505257211441242	0.00522860649877592	0.00518145177655578	0.00506970324951713	0.0051267771848098	0.0056369540744181	0.00687770893297157	0.00903045828686496	0.0120955910527105	0.0158481382497085	0.0198653651739221	0.0236775801432789	0.0269525031601224	0.0296752677199091	0.032191239158912	0.0350970066550906	0.0390409445706932	0.0444581011652019	0.0513938450795042	0.0594511372124274	0.0678821609319567	0.075774039506726
2.35769521880224e-09	3.53654282820335e-09	5.30481424230502e-09	5.30481424230502e-09	5.30481424230504e-09	7.95722136345753e-09	1.19358320451863e-08	1.19358320451863e-08	1.19358320451863e-08	1.19358320451864e-08	1.79037480677795e-08	2.68556221016693e-08	4.02834331525039e-08	6.04251497287556e-08	9.06377245931335e-08	9.06377245931335e-08	9.06377245931335e-08	9.06377245931335e-08	9.06377245931335e-08	9.06377245931335e-08	9.06377245931335e-08	9.06377245931335e-08	1.359565868897e-07	2.03934880334551e-07	3.05902320501826e-07	2.62878842750892e-06	8.05550601555651e-06	2.25015309739781e-05	5.76287213380904e-05	0.000134036019931122	0.000284557249656993	0.000551111005509364	0.000974416495426196	0.00157380621861796	0.00232379809213362	0.00314014504272549	0.00389039415635975	0.00443141832940292	0.00465670255307309	0.00455030819366758	0.00419546187737958	0.00376830548638157	0.00349059684777336	0.00359370870869106	0.00427380794075195	0.00564175358234455	0.00768027273498023	0.0102282755008347	0.013007025231307	0.0157241743885085	0.0181975221807163	0.0204870316294407	0.0229244437228618	0.0260367639770758	0.0303981606082761	0.0364130078953788	0.0441664655334021	0.0533591750427318	0.0633556984250979	0.073313276387853
1.57179681253482e-09	2.35769521880224e-09	3.53654282820335e-09	3.53654282820335e-09	3.53654282820335e-09	5.30481424230502e-09	7.95722136345754e-09	7.95722136345754e-09	7.95722136345754e-09	7.95722136345758e-09	1.19358320451864e-08	1.79037480677795e-08	2.68556221016692e-08	4.02834331525038e-08	6.04251497287557e-08	6.04251497287557e-08	6.04251497287557e-08	6.04251497287557e-08	6.04251497287557e-08	6.04251497287557e-08	6.04251497287556e-08	9.06377245931335e-08	1.359565868897e-07	2.03934880334551e-07	3.05902320501826e-07	2.33653551480264e-06	7.15994322635166e-06	1.99999458716246e-05	5.10533383359183e-05	0.000118603598608853	0.000251293866233931	0.000485516459346188	0.000855636077682969	0.00137577689773601	0.0020189588955125	0.0027053910234303	0.00331301214191692	0.00371324209288904	0.00381578671987837	0.0036128604073626	0.00318383510963145	0.00267850174842067	0.00227029872720968	0.00212081254848468	0.00234976045289834	0.00301369474740497	0.00409220261802927	0.00548936398574565	0.00705579877160131	0.00865002293591871	0.0102082605098174	0.0118322499121242	0.0138037122893339	0.01654951148666	0.0205491209851437	0.0261813720692368	0.0336138641554031	0.0427220464063745	0.053078504919795	0.0640025509691938
1.04786454168988e-09	1.57179681253482e-09	2.35769521880223e-09	2.35769521880223e-09	2.35769521880224e-09	3.53654282820335e-09	5.30481424230502e-09	5.30481424230502e-09	5.30481424230502e-09	5.30481424230506e-09	7.95722136345758e-09	1.19358320451863e-08	1.79037480677795e-08	2.68556221016692e-08	4.02834331525038e-08	4.02834331525038e-08	4.02834331525038e-08	4.02834331525038e-08	4.02834331525038e-08	4.02834331525038e-08	6.04251497287557e-08	9.06377245931335e-08	1.359565868897e-07	2.03934880334551e-07	3.05902320501826e-07	1.68078459764171e-06	5.15049834192545e-06	1.43869420180989e-05	3.66727306348749e-05	8.51521656032848e-05	0.000180268769205976	0.000347934811680992	0.000612318407347465	0.00098266367586743	0.00143827801778803	0.00192033500776411	0.0023397738283638	0.00260359625433709	0.00264814859037524	0.00246900209864714	0.00212346529884896	0.00171422530414133	0.00135454798703907	0.00114152957148229	0.00113861105911269	0.00136955683247977	0.0018182972397573	0.00243612568207728	0.00315800419497618	0.00393372765318073	0.00476137995283825	0.0057441112598835	0.00709159825487623	0.00912355010065143	0.0122213767357287	0.0167347806399855	0.022910314667438	0.0308013704996005	0.0402072780804856	0.0506514355340856
6.9857636112659e-10	1.04786454168988e-09	1.57179681253482e-09	1.57179681253482e-09	1.57179681253482e-09	2.35769521880224e-09	3.53654282820335e-09	3.53654282820335e-09	3.53654282820335e-09	3.53654282820338e-09	5.30481424230504e-09	7.95722136345756e-09	1.19358320451863e-08	1.79037480677795e-08	2.68556221016692e-08	2.68556221016692e-08	2.68556221016692e-08	2.68556221016692e-08	2.68556221016692e-08	4.02834331525038e-08	6.04251497287557e-08	9.06377245931335e-08	1.359565868897e-07	2.03934880334551e-07	3.05902320501826e-07	9.78531145670983e-07	2.99855380063113e-06	8.37589235136084e-06	2.1337188590099e-05	4.95328962383134e-05	0.00010482586991545	0.000202235031925023	0.000355694930699719	0.000570362932649251	0.000833879496383784	0.0011116537562298	0.00135152867213485	0.00149917942540182	0.00151784192482175	0.00140494855316615	0.00119343765891508	0.000940819632979649	0.000708731770267043	0.000546960080335691	0.000484645531983534	0.000529853224737908	0.000672770656894417	0.000891971859870922	0.00116490223174997	0.00148134315126012	0.00185751625811354	0.00237352647817042	0.00316604703908561	0.0044560758120555	0.0065276951464626	0.00967926268458881	0.0141838223086001	0.0202047547430752	0.0277121193075053	0.0364200967850198
4.65717574084392e-10	6.98576361126587e-10	1.04786454168988e-09	1.04786454168988e-09	1.04786454168988e-09	1.57179681253482e-09	2.35769521880223e-09	2.35769521880223e-09	2.35769521880223e-09	2.35769521880224e-09	3.53654282820336e-09	5.30481424230504e-09	7.95722136345756e-09	1.19358320451863e-08	1.79037480677795e-08	1.79037480677795e-08	1.79037480677795e-08	1.79037480677795e-08	2.68556221016692e-08	4.02834331525038e-08	6.04251497287557e-08	9.06377245931335e-08	1.359565868897e-07	2.03934880334551e-07	3.05902320501826e-07	4.61062889631674e-07	1.41285424194345e-06	3.94654084118519e-06	1.00509353589017e-05	2.33303621663839e-05	4.93662165004422e-05	9.52216295167924e-05	0.000167434234053859	0.000268388085155387	0.00039219550461429	0.000522487702766632	0.000634623493271837	0.000702946921576654	0.000710186263971045	0.000655056896270945	0.000552868020942412	0.000429980874545337	0.00031416481079006	0.000226942410505935	0.00017982710678281	0.000174960894815826	0.000207545883588532	0.000269381173673202	0.000354752157470525	0.00046508372159633	0.000614681907990661	0.000855405051975553	0.00126555907924163	0.00198467546651706	0.00320526116886813	0.00515146529844279	0.00806100938870406	0.0121200379627938	0.0173844587802559	0.0237109372700844
3.10478382722928e-10	4.65717574084392e-10	6.98576361126588e-10	6.98576361126588e-10	6.9857636112659e-10	1.04786454168988e-09	1.57179681253482e-09	1.57179681253482e-09	1.57179681253482e-09	1.57179681253483e-09	2.35769521880224e-09	3.53654282820336e-09	5.30481424230504e-09	7.95722136345753e-09	1.19358320451863e-08	1.19358320451863e-08	1.19358320451863e-08	1.79037480677795e-08	2.68556221016692e-08	4.02834331525038e-08	6.04251497287557e-08	9.06377245931335e-08	1.359565868897e-07	2.03934880334551e-07	3.05902320501826e-07	1.75820132475874e-07	5.38772964759844e-07	1.50496027575098e-06	3.832007300807e-06	8.89425688394234e-06	1.88180690990029e-05	3.62929690863351e-05	6.38045996877455e-05	0.000102250049575391	0.000149367845188425	0.000198899070674448	0.000241433660319895	0.000267178038364896	0.000269565834103214	0.000248096208599635	0.000208562647891387	0.000160841240301652	0.000115213118324877	7.94132274598699e-05	5.72892388720272e-05	4.92434344042683e-05	5.33814175318987e-05	6.6996820120208e-05	8.94965452017608e-05	0.000123410519918922	0.000176971993047773	0.000279356698930784	0.000470115196074701	0.000828498844887117	0.00147024140594137	0.00254038185604354	0.00420707987983185	0.00662047186251104	0.00985418855139193	0.0138518296492227
2.06985588481952e-10	3.10478382722928e-10	4.65717574084392e-10	4.65717574084392e-10	4.65717574084392e-10	6.98576361126587e-10	1.04786454168988e-09	1.04786454168988e-09	1.04786454168988e-09	1.04786454168989e-09	1.57179681253483e-09	2.35769521880224e-09	3.53654282820335e-09	5.30481424230502e-09	7.95722136345754e-09	7.95722136345753e-09	1.19358320451863e-08	1.79037480677795e-08	2.68556221016692e-08	4.02834331525038e-08	6.04251497287557e-08	9.06377245931335e-08	1.359565868897e-07	2.03934880334551e-07	3.05902320501826e-07	5.42625199826526e-08	1.66278903073888e-07	4.6446863556562e-07	1.18265394187576e-06	2.74499162922648e-06	5.80772995754452e-06	1.12009241066138e-05	1.96917060451909e-05	3.15569399259394e-05	4.60986780647253e-05	6.13852614317886e-05	7.45112411311959e-05	8.24497599862649e-05	8.31702588498443e-05	7.65008739755501e-05	6.4199885758395e-05	4.92554932438924e-05	3.47563365823462e-05	2.29752839056038e-05	1.49803652006441e-05	1.0816205818841e-05	9.91013871233154e-06	1.15593308287386e-05	1.62220635290028e-05	2.54034963742015e-05	4.2933042275303e-05	8.33162596203089e-05	0.000164091530678776	0.000325029740964433	0.000626722185590855	0.00114936063743373	0.0019916884732678	0.00325000364737499	0.00498172771772215	0.00717335651883421
1.37990392321302e-10	2.06985588481952e-10	3.10478382722928e-10	3.10478382722928e-10	3.10478382722928e-10	4.65717574084392e-10	6.98576361126588e-10	6.98576361126588e-10	6.98576361126588e-10	6.98576361126592e-10	1.04786454168989e-09	1.57179681253482e-09	2.35769521880224e-09	3.53654282820335e-09	5.30481424230502e-09	7.95722136345754e-09	1.19358320451863e-08	1.79037480677795e-08	2.68556221016692e-08	4.02834331525038e-08	6.04251497287557e-08	9.06377245931335e-08	1.359565868897e-07	2.03934880334551e-07	3.05902320501826e-07	1.35535866088435e-08	4.15328207159548e-08	1.16014071614118e-07	2.95400999338542e-07	6.85638665494443e-07	1.45064348293296e-06	2.79774501859858e-06	4.91855600227755e-06	7.88223102305286e-06	1.15144380670708e-05	1.53326911022236e-05	1.86112727592994e-05	2.05928194260424e-05	2.07700526823158e-05	1.90959572829132e-05	1.6003954959209e-05	1.22263058551783e-05	8.5142273179342e-06	5.40477072697082e-06	3.12827687622367e-06	1.66436868799981e-06	8.57318248323419e-07	5.50438080686141e-07	1.1011208895436e-06	3.14337612156768e-06	8.20525789262015e-06	2.26618306114685e-05	5.33078286005053e-05	0.000117551208903295	0.000242749178819588	0.000466765679016822	0.000838424729347949	0.00140909093450547	0.00221304123200009	0.00325250558713244
9.19935948808677e-11	1.37990392321301e-10	2.06985588481952e-10	2.06985588481952e-10	2.06985588481952e-10	3.10478382722928e-10	4.65717574084392e-10	4.65717574084392e-10	4.65717574084392e-10	6.98576361126588e-10	1.04786454168988e-09	1.57179681253482e-09	2.35769521880223e-09	3.53654282820335e-09	5.30481424230502e-09	7.95722136345754e-09	1.19358320451863e-08	1.79037480677795e-08	2.68556221016692e-08	4.02834331525038e-08	6.04251497287557e-08	9.06377245931335e-08	1.359565868897e-07	2.03934880334551e-07	3.05902320501826e-07	2.7398793080779e-09	8.39592643407794e-09	2.34524309642136e-08	5.97157866055255e-08	1.38602957772125e-07	2.93249910668865e-07	5.65568650347849e-07	9.94293997979075e-07	1.59340566484896e-06	2.32766215427637e-06	3.09952813971188e-06	3.7622986890368e-06	4.16287153125831e-06	4.19869951875571e-06	3.86027844417618e-06	3.23522520684944e-06	2.47156737132425e-06	1.72116473122018e-06	1.0925830857251e-06	6.32220475580613e-07	3.35295785660929e-07	1.69740894183283e-07	1.01452297313858e-07	2.69792817395507e-07	8.53124546422297e-07	2.33394291996847e-06	7.11303135342477e-06	1.74342223596596e-05	3.987397526847e-05	8.50515264606692e-05	0.00016828129246598	0.000310073968062538	0.00053364661880388	0.000855615393384756	0.00128080683192044
6.13290632539117e-11	9.19935948808674e-11	1.37990392321301e-10	1.37990392321301e-10	1.37990392321302e-10	2.06985588481952e-10	3.10478382722928e-10	3.10478382722928e-10	3.10478382722928e-10	4.65717574084392e-10	6.98576361126587e-10	1.04786454168988e-09	1.57179681253482e-09	2.35769521880224e-09	3.53654282820335e-09	5.30481424230502e-09	7.95722136345753e-09	1.19358320451863e-08	1.79037480677795e-08	2.68556221016692e-08	4.02834331525038e-08	6.04251497287556e-08	9.06377245931337e-08	1.359565868897e-07	2.03934880334551e-07	3.05902320501826e-07	3.05902320501826e-07	3.05902320501826e-07	3.05902320501826e-07	3.05902320501826e-07	3.05902320501826e-07	3.05902320501826e-07	3.05902320501826e-07	3.05902320501826e-07	3.05902320501826e-07	3.05902320501826e-07	3.05902320501826e-07	3.05902320501826e-07	3.05902320501826e-07	3.05902320501826e-07	3.05902320501826e-07	3.05902320501826e-07	3.05902320501826e-07	3.05902320501826e-07	3.05902320501826e-07	3.05902320501826e-07	3.05902320501826e-07	3.05902320501826e-07	4.74756776608402e-08	1.84218712712207e-07	5.35660083518104e-07	1.86923345213478e-06	4.79434371369865e-06	1.14105647579063e-05	2.52108581324897e-05	5.14628636389307e-05	9.74922344799016e-05	0.000172278000621262	0.000282557221671654	0.00043169592350602
4.08860421692745e-11	6.13290632539117e-11	9.19935948808675e-11	9.19935948808675e-11	9.19935948808677e-11	1.37990392321301e-10	2.06985588481952e-10	2.06985588481952e-10	2.06985588481952e-10	3.10478382722928e-10	4.65717574084392e-10	6.9857636112659e-10	1.04786454168988e-09	1.57179681253482e-09	2.35769521880224e-09	3.53654282820335e-09	5.30481424230504e-09	7.95722136345756e-09	1.19358320451863e-08	1.79037480677795e-08	2.68556221016692e-08	4.02834331525039e-08	6.04251497287558e-08	9.06377245931337e-08	1.359565868897e-07	2.03934880334551e-07	2.03934880334551e-07	2.03934880334551e-07	2.03934880334551e-07	2.03934880334551e-07	2.03934880334551e-07	2.03934880334551e-07	2.03934880334551e-07	2.03934880334551e-07	2.03934880334551e-07	2.03934880334551e-07	2.03934880334551e-07	2.03934880334551e-07	2.03934880334551e-07	2.03934880334551e-07	2.03934880334551e-07	2.03934880334551e-07	2.03934880334551e-07	2.03934880334551e-07	2.03934880334551e-07	2.03934880334551e-07	2.03934880334551e-07	3.05902320501826e-07	1.16591416709203e-08	4.35880450163263e-08	1.24863703655649e-07	4.71050508851524e-07	1.22381196291617e-06	2.95555147832534e-06	6.63548688714813e-06	1.37809675861322e-05	2.65678020747852e-05	4.78998314267664e-05	8.00012604975343e-05	0.000124452801442406
2.7257361446183e-11	4.08860421692745e-11	6.13290632539117e-11	6.13290632539117e-11	6.13290632539117e-11	9.19935948808674e-11	1.37990392321301e-10	1.37990392321301e-10	1.37990392321302e-10	2.06985588481952e-10	3.10478382722929e-10	4.65717574084393e-10	6.9857636112659e-10	1.04786454168988e-09	1.57179681253482e-09	2.35769521880224e-09	3.53654282820336e-09	5.30481424230504e-09	7.95722136345756e-09	1.19358320451863e-08	1.79037480677795e-08	2.68556221016693e-08	4.02834331525039e-08	6.04251497287558e-08	9.06377245931337e-08	1.359565868897e-07	1.359565868897e-07	1.359565868897e-07	1.359565868897e-07	1.359565868897e-07	1.359565868897e-07	1.359565868897e-07	1.359565868897e-07	1.359565868897e-07	1.359565868897e-07	1.359565868897e-07	1.359565868897e-07	1.359565868897e-07	1.359565868897e-07	1.359565868897e-07	1.359565868897e-07	1.359565868897e-07	1.359565868897e-07	1.359565868897e-07	1.359565868897e-07	1.359565868897e-07	2.03934880334551e-07	3.05902320501826e-07	2.3656825539139e-09	7.35110527468339e-09	2.08224039308279e-08	9.13984478826315e-08	2.42866805164932e-07	6.00878832374608e-07	1.38458155353429e-06	2.95380403983557e-06	5.84578794459982e-06	1.08569058202623e-05	1.86048240559299e-05	2.96764734373084e-05
1.81715742974553e-11	2.7257361446183e-11	4.08860421692744e-11	4.08860421692744e-11	4.08860421692745e-11	6.13290632539117e-11	9.19935948808675e-11	9.19935948808675e-11	9.19935948808677e-11	1.37990392321302e-10	2.06985588481953e-10	3.10478382722929e-10	4.65717574084393e-10	6.9857636112659e-10	1.04786454168989e-09	1.57179681253483e-09	2.35769521880224e-09	3.53654282820336e-09	5.30481424230504e-09	7.95722136345758e-09	1.19358320451864e-08	1.79037480677795e-08	2.68556221016693e-08	4.02834331525039e-08	6.04251497287556e-08	9.06377245931335e-08	9.06377245931335e-08	9.06377245931335e-08	9.06377245931335e-08	9.06377245931335e-08	9.06377245931335e-08	9.06377245931335e-08	9.06377245931335e-08	9.06377245931335e-08	9.06377245931335e-08	9.06377245931335e-08	9.06377245931335e-08	9.06377245931335e-08	9.06377245931335e-08	9.06377245931335e-08	9.06377245931335e-08	9.06377245931335e-08	9.06377245931335e-08	9.06377245931335e-08	9.06377245931335e-08	9.06377245931337e-08	1.359565868897e-07	2.03934880334551e-07	3.05902320501826e-07	3.05902320501826e-07	3.05902320501826e-07	6.37765034329507e-09	1.99536839133652e-08	5.6907239742243e-08	1.4794285758599e-07	3.50592430179001e-07	7.57343872668242e-07	1.53434899684306e-06	2.81081569800541e-06	4.75999713517689e-06
