0.00295411149593154	0.00403093911161017	0.00534011590382521	0.0068217874682761	0.00835176914700859	0.0097726230316514	0.0109238521899297	0.0116483351846861	0.0118033130996615	0.0113074918055617	0.0102044599876612	0.00867816503521802	0.00698778466699947	0.00536522559923686	0.0039484790969353	0.00278415833858594	0.0018683139836332	0.00118246467139469	0.000700788675640706	0.00038826293009169	0.00020317082893903	0.000104606427232973	5.84795580136166e-05	4.06857439873823e-05	3.63587729975739e-05	3.64122180834804e-05	3.58828285962877e-05	3.26160251885307e-05	2.65994510483191e-05	1.93562245772407e-05	1.25888757073902e-05	7.34156880327133e-06	3.85951782671553e-06	1.84076023816058e-06	7.99612825843818e-07	3.17007664554381e-07	1.14580442867176e-07	2.85071395501906e-08	9.18828348849348e-09	2.59639273795847e-09	3.05902320501826e-07	2.03934880334551e-07	1.359565868897e-07	9.06377245931335e-08	6.04251497287557e-08	4.02834331525038e-08	2.68556221016692e-08	1.79037480677795e-08	1.19358320451863e-08	7.95722136345754e-09	5.30481424230502e-09	3.53654282820335e-09	2.35769521880223e-09	1.57179681253482e-09	1.04786454168988e-09	6.98576361126588e-10	4.65717574084392e-10	3.10478382722928e-10	2.06985588481952e-10	1.37990392321301e-10
0.00627299481617592	0.00840047346071293	0.0109540372228669	0.0138125375079295	0.0167262677072036	0.0193843247109706	0.021488445010996	0.0227764891943632	0.0230335150914258	0.0221495670786331	0.0202068399267781	0.0175007800943748	0.0144427005763747	0.0114082447845039	0.00864133992603346	0.0062592163410588	0.00430660005540008	0.00279672180250352	0.00170929491293144	0.0009867513522011	0.000546670608494081	0.000303841310372896	0.000185050608516091	0.000137304437777005	0.000125575393564423	0.000125963860272383	0.000123991312242268	0.000112860209011669	9.26240380429353e-05	6.81328393946245e-05	4.50004195492621e-05	2.67811112458699e-05	1.44343671282883e-05	7.08497655710775e-06	3.17316710556424e-06	1.29637039744645e-06	4.81543300272911e-07	1.30977069631533e-07	4.22158962721542e-08	1.19292190586733e-08	3.05902320501826e-07	2.03934880334551e-07	1.359565868897e-07	9.06377245931335e-08	6.04251497287557e-08	4.02834331525038e-08	2.68556221016692e-08	1.79037480677795e-08	1.19358320451863e-08	7.95722136345754e-09	5.30481424230502e-09	3.53654282820335e-09	2.35769521880223e-09	1.57179681253482e-09	1.04786454168988e-09	6.98576361126588e-10	4.65717574084392e-10	3.10478382722928e-10	2.06985588481952e-10	1.37990392321301e-10
0.011853463101913	0.0155439719850472	0.0199339393327526	0.0248312707618148	0.0298176084387108	0.0343629882170867	0.0379664366070342	0.0402134541911441	0.0407888573870505	0.0395377932977495	0.0365711041722386	0.032293539123099	0.0272821532288972	0.0220947219857417	0.0171469557347518	0.0127093844523517	0.00895379586963015	0.00597896648229805	0.00378950580695488	0.00229669661485192	0.00135508715558252	0.000810940678670354	0.000529113932394551	0.000408165836359019	0.000375170350245709	0.000373931707396808	0.000366741388027794	0.000334448921858055	0.000276695704432365	0.000206290266104668	0.000138824987483991	8.46026553526359e-05	4.68855202016813e-05	2.37203915051991e-05	1.09514329947177e-05	4.60179499199697e-06	1.7512754492775e-06	5.11443564402495e-07	1.6484601865515e-07	4.65816064832557e-08	3.05902320501826e-07	2.03934880334551e-07	1.359565868897e-07	9.06377245931335e-08	6.04251497287557e-08	4.02834331525038e-08	2.68556221016692e-08	1.79037480677795e-08	1.19358320451863e-08	7.95722136345754e-09	5.30481424230502e-09	3.53654282820335e-09	2.35769521880223e-09	1.57179681253482e-09	1.04786454168988e-09	6.98576361126588e-10	4.65717574084392e-10	3.10478382722928e-10	2.06985588481952e-10	1.37990392321301e-10
0.0201643995576212	0.0258395672068582	0.0325694221515475	0.040136232162051	0.0479647029358645	0.0552682985682576	0.0612614968283577	0.0652739775689838	0.0667893408254709	0.0655245257109682	0.0615594698896368	0.055378601819575	0.0477389417313829	0.0394502461902906	0.0312195478846652	0.0236074421558442	0.0170249967546245	0.0117187769714632	0.00773223248583626	0.0049318839906121	0.00308936247205718	0.00196551930121724	0.0013454690314782	0.00105858227043138	0.000968693025770288	0.000956814907231453	0.000935229483075448	0.000855904490200456	0.000715404793474636	0.00054202401532281	0.000372660533772396	0.000233073341598845	0.000132949812259948	6.92870217130558e-05	3.29001444601509e-05	1.41694739059088e-05	5.50257273568868e-06	1.69730928580457e-06	5.47068528505536e-07	1.54588695087192e-07	3.05902320501826e-07	2.03934880334551e-07	1.359565868897e-07	9.06377245931335e-08	6.04251497287556e-08	4.02834331525038e-08	2.68556221016692e-08	1.79037480677795e-08	1.19358320451864e-08	7.95722136345758e-09	5.30481424230506e-09	3.53654282820338e-09	2.35769521880224e-09	1.57179681253483e-09	1.04786454168989e-09	6.98576361126592e-10	4.65717574084395e-10	3.1047838272293e-10	2.06985588481954e-10	1.37990392321303e-10
0.031246319499517	0.0390967515720151	0.0484459717508805	0.0591877850001759	0.0707015869586986	0.0819644493478373	0.0917971574037993	0.0990594797747238	0.102784474665753	0.102350912124771	0.0976812556913745	0.089308793625733	0.0782355750510844	0.0656712922996163	0.0528096722118184	0.0406845903952652	0.0300644064159259	0.0213838863431465	0.014716969421501	0.00986673105436306	0.00651633359097068	0.00434686862516345	0.00306401069568171	0.00241470608846784	0.00217125400056745	0.00210923299866417	0.00204848739782104	0.00188185514611353	0.00159240983933559	0.00122970465884479	0.000866403119933582	0.000557368894127262	0.000327505478568595	0.000175653172031438	8.55789498364559e-05	3.76560914370261e-05	1.48723039385408e-05	4.78723863504372e-06	1.54299962745845e-06	4.36015392039523e-07	3.05902320501826e-07	2.03934880334551e-07	1.359565868897e-07	9.06377245931335e-08	9.06377245931335e-08	6.04251497287556e-08	4.02834331525039e-08	2.68556221016693e-08	1.79037480677795e-08	1.19358320451864e-08	7.95722136345758e-09	5.30481424230504e-09	3.53654282820336e-09	2.35769521880224e-09	1.57179681253483e-09	1.04786454168989e-09	6.98576361126592e-10	4.65717574084395e-10	3.10478382722931e-10	2.06985588481954e-10
0.0445676757150874	0.0545520689859064	0.0665839408913308	0.0808940460337541	0.0970347382625088	0.113834680249702	0.129584298340639	0.142330247644401	0.150229180113628	0.151967735826585	0.147126767787467	0.136290196764852	0.120858918851305	0.10268744829157	0.0837163574367133	0.0656510102977876	0.0497076039606441	0.0365089918185949	0.026127762800264	0.0182879210432114	0.012601378925171	0.0087023640489041	0.00623959856213982	0.00487805570598445	0.00427633479273664	0.00405957722363508	0.00390309219521696	0.00359605648160241	0.00308329955402711	0.00243063752068426	0.00175708153650944	0.00116273382112418	0.000702721153725278	0.000386751378268817	0.000192616435063501	8.62573540746024e-05	3.45252821506551e-05	1.14771289150802e-05	3.69871383136996e-06	1.04516950783917e-06	3.05902320501826e-07	2.03934880334551e-07	1.359565868897e-07	1.359565868897e-07	1.359565868897e-07	9.06377245931337e-08	6.04251497287558e-08	4.02834331525039e-08	2.68556221016693e-08	1.79037480677795e-08	1.19358320451863e-08	7.95722136345756e-09	5.30481424230504e-09	3.53654282820336e-09	2.35769521880224e-09	1.57179681253483e-09	1.04786454168989e-09	6.98576361126595e-10	4.65717574084397e-10	3.10478382722931e-10
0.0590219835370611	0.0710611482993533	0.0858003696651658	0.104047375302951	0.125799407725122	0.149885334189911	0.173948334216615	0.194833844429477	0.209309597549565	0.214937631693756	0.210740226527846	0.197368400721456	0.176811922188911	0.151842252188512	0.125407736292499	0.100063108647046	0.0775368581182918	0.0586266319632254	0.0433778597904516	0.0314376406672785	0.0223831440135554	0.0158500129530879	0.0114677621294845	0.00883737704968689	0.00750153050553799	0.00690619280133377	0.00653566046037395	0.00602210215198755	0.00522732377779779	0.00420563030612312	0.00311680411176861	0.00211742523383537	0.00131204005170853	0.000738027698058525	0.000374183860889278	0.000169892844156124	6.86974367287211e-05	2.3388053377171e-05	7.5352291168287e-06	2.12927846450187e-06	3.05902320501826e-07	2.03934880334551e-07	2.03934880334551e-07	2.03934880334551e-07	2.03934880334551e-07	1.359565868897e-07	9.06377245931337e-08	6.04251497287558e-08	4.02834331525039e-08	2.68556221016692e-08	1.79037480677795e-08	1.19358320451863e-08	7.95722136345756e-09	5.30481424230504e-09	3.53654282820336e-09	2.35769521880224e-09	1.57179681253484e-09	1.04786454168989e-09	6.98576361126595e-10	4.65717574084397e-10
0.0731130191215871	0.087333540368896	0.104954882681871	0.127495549997167	0.155626767262375	0.188370210454359	0.222722698316231	0.254084762038655	0.277442452127297	0.288858093826201	0.286561546203997	0.271207829779948	0.245449617164912	0.213129614669503	0.178376283373301	0.144735041858565	0.11452687407557	0.0887592294817609	0.0674729553836751	0.0502676420286142	0.0367236999683912	0.0265170009402923	0.0192951697150339	0.0146291665885572	0.0119743960995171	0.0106040118847028	0.00979070696301257	0.00896275133642325	0.00784028789780556	0.00641376016602034	0.00485384040778094	0.00336993360601418	0.00213025212111812	0.00121867817162281	0.000626223431544717	0.000287218831382042	0.000116987952131617	4.05160880039762e-05	1.30467702092971e-05	3.68671030532016e-06	3.05902320501826e-07	3.05902320501826e-07	3.05902320501826e-07	3.05902320501826e-07	3.05902320501826e-07	2.03934880334551e-07	1.359565868897e-07	9.06377245931337e-08	6.04251497287556e-08	4.02834331525038e-08	2.68556221016692e-08	1.79037480677795e-08	1.19358320451863e-08	7.95722136345756e-09	5.30481424230504e-09	3.53654282820338e-09	2.35769521880225e-09	1.57179681253484e-09	1.04786454168989e-09	6.98576361126595e-10
0.0853023029387322	0.102087487935069	0.122908727264187	0.1499287334159	0.184585951891989	0.226302585551527	0.271638136527733	0.314649475920294	0.348497452316664	0.367577579236734	0.369085266145869	0.353418960381154	0.323678804501893	0.284664865249181	0.241690364698892	0.199389992274418	0.160813019147984	0.127304358539247	0.0989928877852668	0.0754860233832603	0.0563934859523434	0.0414505240451002	0.0303567179565657	0.0227040936847007	0.017922874558242	0.0151603795775026	0.0134935407189485	0.0121235501329709	0.0105763121854947	0.00871819065545158	0.00668239760454184	0.00470603848976931	0.00301520682685918	0.00174566946296097	0.000906640483616378	0.000420192759992844	0.000173239232739833	6.16310597332102e-05	2.03630026432184e-05	6.03930039965877e-06	2.84850874166594e-07	1.15962730438231e-07	4.13880117666166e-08	1.29504825299037e-08	3.55265137660714e-09	3.05902320501826e-07	2.03934880334551e-07	1.359565868897e-07	9.06377245931335e-08	6.04251497287557e-08	4.02834331525038e-08	2.68556221016692e-08	1.79037480677795e-08	1.19358320451863e-08	7.95722136345758e-09	5.30481424230506e-09	3.53654282820338e-09	2.35769521880225e-09	1.57179681253484e-09	1.04786454168989e-09
0.0943096866737892	0.114039692903089	0.138259115098718	0.169507714111495	0.209900803338272	0.259429558958575	0.314630742390248	0.368737739767422	0.413508691683663	0.441811388544024	0.449595582471286	0.436527735007163	0.405605654518649	0.362155756231884	0.312469312601501	0.262282963939456	0.215523985835462	0.174056915087992	0.138236420283756	0.107755014423176	0.0822810477358704	0.0616330533648719	0.0456109201533827	0.0338994649852584	0.025988273508365	0.0209736879883471	0.0177849737937325	0.0154111284031079	0.013166778724208	0.0107579291050898	0.00823377550047854	0.00581363213101089	0.00374186071757927	0.00217964867094401	0.00114157352548719	0.000535808249188314	0.000225472757868797	8.36845322483423e-05	2.92493219247529e-05	9.52340628613347e-06	1.26090054999063e-06	5.10405566352842e-07	1.81355590444005e-07	5.58307147492061e-08	1.53158050406792e-08	3.05902320501826e-07	2.03934880334551e-07	1.359565868897e-07	9.06377245931335e-08	6.04251497287556e-08	6.04251497287557e-08	4.02834331525038e-08	2.68556221016692e-08	1.79037480677795e-08	1.19358320451864e-08	7.95722136345758e-09	5.30481424230506e-09	3.53654282820338e-09	2.35769521880224e-09	1.57179681253483e-09
0.0991743606952	0.121823212277023	0.149195480561351	0.183839571140601	0.228286780734194	0.283148216600609	0.345422091316563	0.408323241281315	0.463013987345823	0.501287118682864	0.517770194848498	0.510877575472325	0.482793862497523	0.43872740524138	0.385524080472233	0.32984804599169	0.276528530116863	0.228069994488371	0.185179350997899	0.147730495807426	0.11550848618762	0.0884681878317762	0.0665815954937321	0.0497166086505491	0.0375212714013337	0.0291409813731423	0.0234408065097608	0.0192630754684779	0.0157505837354862	0.0124584763716436	0.0093252123734272	0.00649433578453122	0.00415377744468874	0.00242450868946015	0.00128652177661303	0.000621910939069689	0.00027623324541463	0.000112991186371099	4.4971773790421e-05	1.73453180606648e-05	4.65405846872832e-06	1.88056041816714e-06	6.6688213961867e-07	2.04560249962808e-07	5.61161525797505e-08	3.05902320501826e-07	2.03934880334551e-07	1.359565868897e-07	9.06377245931335e-08	9.06377245931335e-08	9.06377245931335e-08	6.04251497287556e-08	4.02834331525039e-08	2.68556221016693e-08	1.79037480677795e-08	1.19358320451864e-08	7.95722136345758e-09	5.30481424230504e-09	3.53654282820336e-09	2.35769521880224e-09
0.0991987596614909	0.124094715708921	0.153803256817258	0.190554211633587	0.236932365733727	0.294039071078915	0.359673466526434	0.427821635921624	0.489980356697761	0.537543526447091	0.564010939165599	0.56628579031781	0.545204090301084	0.505225136028781	0.453157968023015	0.396135418125286	0.339631786410325	0.286726030224496	0.238536606972482	0.195222711239679	0.156769389728291	0.123325589316793	0.0950902217544615	0.0721917667032336	0.0545427369973255	0.0414810147982146	0.0319550479835975	0.0247987783174488	0.019089703933068	0.0142888394758984	0.0102207788541383	0.00689240075635387	0.00433940983264293	0.00254849326817391	0.00140199745444135	0.000731004975721954	0.000366545362472197	0.000177719905722349	8.44357455711232e-05	3.83924279636088e-05	1.46040969184239e-05	5.89100600140325e-06	2.0857994604822e-06	6.36986347474256e-07	1.74741784254675e-07	3.05902320501826e-07	2.03934880334551e-07	1.359565868897e-07	1.359565868897e-07	1.359565868897e-07	1.359565868897e-07	9.06377245931337e-08	6.04251497287558e-08	4.02834331525039e-08	2.68556221016693e-08	1.79037480677795e-08	1.19358320451863e-08	7.95722136345756e-09	5.30481424230504e-09	3.53654282820336e-09
0.0941011826926886	0.120013053242946	0.150819088603183	0.188258560763006	0.234611809219177	0.29116541013581	0.356545264635649	0.425972173796975	0.492013255418439	0.546397082043105	0.582021975429446	0.5945227748672	0.583324267565994	0.551760309531763	0.505974018458192	0.452858919696047	0.39797705318752	0.344698586082529	0.294512730045775	0.247927809151045	0.205165595148471	0.166536400215751	0.132410752708676	0.103182756105426	0.0791343197063947	0.0600158411936094	0.0451210458485536	0.0335179429137778	0.0243934399090704	0.0171998484979979	0.0116524861813319	0.00756027859898687	0.004709442275589	0.00285312676774351	0.00170610653723447	0.0010161731600625	0.000598403678224876	0.000340869964110862	0.000183042938965324	9.05085463165067e-05	3.90446920681462e-05	1.57131345228572e-05	5.54976869479715e-06	1.68577583175294e-06	4.62451790155241e-07	3.05902320501826e-07	2.03934880334551e-07	2.03934880334551e-07	2.03934880334551e-07	2.03934880334551e-07	2.03934880334551e-07	1.359565868897e-07	9.06377245931337e-08	6.04251497287558e-08	4.02834331525039e-08	2.68556221016692e-08	1.79037480677795e-08	1.19358320451863e-08	7.95722136345756e-09	5.30481424230504e-09
0.0843871788716963	0.109862656650903	0.140417681287265	0.177319553186125	0.222294345468389	0.276424138375955	0.338859938855	0.406049636609273	0.471963507408173	0.529274080131845	0.571032575456877	0.592324928473146	0.59161458564605	0.571098195905115	0.535765600744632	0.49153212223917	0.443380922668508	0.394582303016846	0.346866362322721	0.30105157220971	0.257492175699399	0.216440876564455	0.178193928254201	0.14328350201211	0.112436440006945	0.0861075030608386	0.0643252555128256	0.0467452502490743	0.0328959196064802	0.0223156817980793	0.0146076374660841	0.0093236320796138	0.00591966545905328	0.00383428304124432	0.00255718376140884	0.00172383634430167	0.00113144136232064	0.00069825202683981	0.000393339074155642	0.000199622771273907	8.92724895413932e-05	3.58120798707125e-05	1.26067598366063e-05	3.80242936641262e-06	1.04285130754966e-06	3.05902320501826e-07	3.05902320501826e-07	3.05902320501826e-07	3.05902320501826e-07	3.05902320501826e-07	3.05902320501826e-07	2.03934880334551e-07	1.359565868897e-07	9.06377245931337e-08	6.04251497287556e-08	4.02834331525038e-08	2.68556221016692e-08	1.79037480677795e-08	1.19358320451863e-08	7.95722136345753e-09
0.0714973635177867	0.0952591887998473	0.124413572127676	0.15990983827115	0.202830666080673	0.253716633454278	0.311775820352922	0.374311780300671	0.436636355478865	0.492733815615537	0.536550254340697	0.563507632265899	0.571799136938797	0.562730914952999	0.53991102317125	0.507784812175271	0.470279188207583	0.430261765167141	0.38954654772103	0.349106138238861	0.309163983149245	0.269522452946346	0.229992242173261	0.190981607431443	0.153671350440945	0.119515787214208	0.0897240609662633	0.0649455906541816	0.0452978865749545	0.030485937333973	0.0199786351595232	0.013016111993967	0.00867373678260151	0.00603497214875689	0.00434227452902921	0.00311017278063496	0.00212354840544631	0.00134029435190012	0.000763836191006582	0.000390312529762661	0.000177325342133614	7.23006145549823e-05	2.64407240102546e-05	8.65783645298198e-06	2.79507173938787e-06	4.0638881928253e-07	1.81912287120495e-07	7.13900313218844e-08	2.45622623686765e-08	7.40891163246712e-09	1.9592764523343e-09	3.05902320501826e-07	2.03934880334551e-07	1.359565868897e-07	9.06377245931335e-08	6.04251497287557e-08	4.02834331525038e-08	2.68556221016692e-08	1.79037480677795e-08	1.19358320451863e-08
0.0574211426305047	0.0786479952082968	0.105637120404485	0.139199618021471	0.179828364248109	0.227354387228266	0.280650991697138	0.33742065847455	0.394050895407051	0.445956665453106	0.48847421234356	0.518024118277632	0.533071800330019	0.534291377332701	0.523905056659878	0.504770529326152	0.479649061141634	0.450926257375851	0.420392244792062	0.388969489730531	0.356440204219352	0.321755471990656	0.283834543439668	0.242668709756041	0.199830891837465	0.157967393743626	0.119814467862472	0.0873375350959869	0.0614212798687979	0.04197018454599	0.0282742050636728	0.0192196148522781	0.0134947547498955	0.00984933789599866	0.00731406507470396	0.00531252495626556	0.00363666244213491	0.00228916086411281	0.00130097784523601	0.000664939656475394	0.000305415993118142	0.000127783676082188	4.93795014704232e-05	1.79456692673172e-05	6.77513851594632e-06	1.79115274755175e-06	8.01775731587665e-07	3.14650513702003e-07	1.08257810353675e-07	3.26546691178422e-08	8.63548216461201e-09	3.05902320501826e-07	2.03934880334551e-07	1.359565868897e-07	9.06377245931335e-08	6.04251497287557e-08	4.02834331525038e-08	2.68556221016692e-08	1.79037480677795e-08	1.19358320451863e-08
0.0440131151220476	0.0623997055703724	0.0868391376291839	0.118116173946527	0.156271563305491	0.200472936179471	0.249124561307518	0.300048214925655	0.35046003509659	0.397153682761924	0.437010443458547	0.467681724262018	0.488069796178541	0.498293765063217	0.499267833283324	0.492405624536682	0.479472085819459	0.462460436306622	0.443088015956523	0.422071414925313	0.398576393081226	0.370538974711219	0.335838708231753	0.293910762269875	0.246641338288541	0.197877346827211	0.151965378602973	0.112267522676499	0.0804485431098382	0.0565627901758803	0.0396538507140514	0.0282332745518513	0.0206525916932594	0.0154301247274211	0.0114975488249713	0.00827024959529303	0.00558027023117146	0.00346665680935734	0.00195724989359847	0.00100533955183525	0.000474309222075875	0.00021124553305947	9.12939323081151e-05	3.92771799258587e-05	1.77154203031315e-05	6.71086042159177e-06	3.00334068895005e-06	1.17863718415246e-06	4.0551874286342e-07	1.22319861504929e-07	3.23473184980606e-08	3.05902320501826e-07	2.03934880334551e-07	1.359565868897e-07	9.06377245931335e-08	6.04251497287557e-08	4.02834331525038e-08	2.68556221016692e-08	1.79037480677795e-08	1.19358320451863e-08
0.0324841247252979	0.0480867499499957	0.0698007913318202	0.0984030181372532	0.133649182529343	0.17426819373295	0.218345749161415	0.26381562193403	0.308608993563932	0.350765901884134	0.3885909973613	0.420828825084754	0.44666421162628	0.465564625346793	0.47719540934543	0.481715806563185	0.480083097428058	0.473948860682834	0.46487273235343	0.45327761622858	0.437774387709494	0.415511926465972	0.383615128441782	0.341134619145962	0.290255767676835	0.235843681956723	0.183605246675311	0.13806491402759	0.101479054989696	0.0739158079019167	0.0540914429841042	0.0401465043901558	0.0302004757846099	0.0227218293632502	0.0167328329104287	0.0117750768277056	0.00776168660835665	0.00473804787129394	0.00266583607970304	0.00139892114086366	0.000702523281571017	0.000351833489416523	0.000179003813867669	9.21051422497489e-05	4.73703517263338e-05	2.13677124870324e-05	9.56130371151837e-06	3.75225765256426e-06	1.29099168652284e-06	3.89412146981018e-07	1.0297950463998e-07	3.05902320501826e-07	2.03934880334551e-07	1.359565868897e-07	9.06377245931335e-08	6.04251497287557e-08	4.02834331525038e-08	2.68556221016692e-08	1.79037480677795e-08	1.19358320451863e-08
0.0232982634187359	0.0362856747533118	0.0550944046492783	0.080457609040516	0.112014626036594	0.14837244157595	0.187624748188493	0.228003594893369	0.268151696041746	0.307187968306545	0.344563993316009	0.379802101775668	0.412113680255902	0.440209547127993	0.462586354663926	0.478293560128122	0.487525258256027	0.491445174853685	0.491218157566103	0.486867889493386	0.476668995411347	0.457527767690281	0.426481498865874	0.382675940080595	0.328685065514731	0.270086488321297	0.213441733391303	0.163961371792281	0.124167100384494	0.0939639582466561	0.071669362440742	0.0550783140963181	0.0422136429675971	0.0317193186094975	0.0229438932150245	0.0157219128826706	0.0100936126664242	0.00606496853395848	0.00344294755741683	0.00190280876305548	0.0010655271207469	0.000622786959658104	0.000370843308356043	0.000216219188577799	0.000119142490195489	5.78338853401316e-05	2.58725332066288e-05	1.01530596124061e-05	3.49298547626132e-06	1.05361714400194e-06	2.78627599089248e-07	3.05902320501826e-07	2.03934880334551e-07	1.359565868897e-07	9.06377245931335e-08	6.04251497287557e-08	4.02834331525038e-08	2.68556221016692e-08	1.79037480677795e-08	1.19358320451863e-08
0.0163945518997229	0.0268937567571466	0.0425468754167617	0.0640057570011303	0.0909442753212998	0.122154589214723	0.156082399877609	0.191485068952375	0.22773308978913	0.264823708390587	0.30301644932983	0.342272874316626	0.381645550357151	0.419133479800272	0.452288240368777	0.479247969391752	0.499427976222403	0.513223716648349	0.521019979553864	0.522221863931188	0.514931522545906	0.496378834491414	0.464261577094794	0.418401389956794	0.361902466423806	0.300727315221838	0.241719120803775	0.190244519323773	0.14876458114885	0.11688696740167	0.0925074815669774	0.0731250722698658	0.0567968826427962	0.0425486954267977	0.0302758284199206	0.0202656338246154	0.012734831997971	0.00760856285112039	0.00445034233174007	0.00267417745547441	0.00170622434490783	0.00114228861392399	0.00075437849112462	0.000469184729789182	0.000266330608770638	0.000133046748452131	5.95006239927706e-05	2.33486611701136e-05	8.03213380547561e-06	2.42279675592143e-06	6.40705257148289e-07	3.05902320501826e-07	2.03934880334551e-07	1.359565868897e-07	9.06377245931335e-08	6.04251497287557e-08	4.02834331525038e-08	2.68556221016692e-08	1.79037480677795e-08	1.19358320451863e-08
0.0114876609279813	0.0195964042535845	0.0318952771209204	0.0489415712731999	0.0705538712698604	0.0959216032323953	0.124074850283219	0.15443785060393	0.187071201411684	0.22261599592343	0.261789509062468	0.304690460369675	0.350133642261353	0.395628223665548	0.438209742696583	0.475503484596371	0.506295287443124	0.530043016753395	0.545987759468782	0.552592512778647	0.547710304174355	0.529140087495019	0.495680278846625	0.448216615914067	0.390477977879025	0.328554408563564	0.269122789668895	0.2173068383931	0.175304724484383	0.142407994755815	0.116160413438247	0.0938544451092812	0.0736823673257146	0.0551731562109044	0.0388986050502438	0.0256988479801525	0.0160117462099413	0.0096678907543566	0.00593469507155263	0.00390624402355001	0.00277169891029721	0.00201794984018251	0.00140381714137537	0.000897681391344655	0.000515331388635183	0.000260206933256711	0.000116308971995764	4.56371672971468e-05	1.5697334396466e-05	4.73491251184652e-06	1.25214107665565e-06	3.05902320501826e-07	2.03934880334551e-07	1.359565868897e-07	9.06377245931337e-08	6.04251497287558e-08	4.02834331525039e-08	2.68556221016693e-08	1.79037480677795e-08	1.19358320451863e-08
0.00835090793110313	0.0142523083628708	0.0232382130821553	0.0357792535438287	0.0518888349945487	0.0712294598879753	0.0934797230903125	0.118732750102561	0.147624039272121	0.181190117390212	0.22028902276175	0.264915602105399	0.313643145897375	0.363808290637588	0.412485284010611	0.457380215732445	0.497072339246476	0.530226690691055	0.554818448174081	0.568078121375545	0.567279600208382	0.550555173058275	0.5177079900243	0.470694633727731	0.413843265183934	0.353223738835473	0.295112129269521	0.244198371683631	0.202383642654002	0.16877103049265	0.140746676329237	0.115549828475912	0.0915698279022159	0.0688265242897649	0.0485373172116785	0.032078881798154	0.0201292524451458	0.0124527900778989	0.00804022971585646	0.00566678056087474	0.00427448142194939	0.00323443525830539	0.00229719604246083	0.00148312164864771	0.000854092735541831	0.000432748300921889	0.000193269951293767	7.58224444873394e-05	2.60724417565789e-05	7.86443911874668e-06	2.0797400671718e-06	3.05902320501826e-07	2.03934880334551e-07	2.03934880334551e-07	1.359565868897e-07	9.06377245931337e-08	6.04251497287558e-08	4.02834331525039e-08	2.68556221016692e-08	1.79037480677795e-08
0.00689493256938821	0.0109427688584809	0.0169945664890528	0.0254485510583178	0.0364995720755238	0.0502300604933302	0.0668751965162639	0.0870700444210367	0.111850101012127	0.142422775133499	0.17955866803375	0.223013128673186	0.271179630599843	0.321534499665917	0.371692446463475	0.420028397319551	0.465469577566502	0.506322554196579	0.539513513761026	0.560953927205676	0.566933317443412	0.555336461884065	0.526422014081766	0.482874767105657	0.429476639811367	0.372217131593104	0.316913610203125	0.267796161114282	0.226560559138188	0.192361987634106	0.162731352668784	0.135068180582915	0.107980996996069	0.0818237546017015	0.058240914292489	0.0389842713492732	0.0249440062866839	0.0158891766034118	0.0106463795796433	0.00776296186280915	0.00598118555448058	0.00456602021552998	0.00325295842817607	0.00210049045890755	0.00120834400762689	0.000612282599850776	0.000273068423112748	0.000107092901092384	3.68042796908258e-05	1.11015692216395e-05	2.93579465364395e-06	3.05902320501826e-07	3.05902320501826e-07	3.05902320501826e-07	2.03934880334551e-07	1.359565868897e-07	9.06377245931337e-08	6.04251497287556e-08	4.02834331525038e-08	2.68556221016692e-08
0.00704725046123917	0.00974779936430973	0.013517940470198	0.0186939177980971	0.0255942410854825	0.0345876051276688	0.046278810956072	0.0616412815012496	0.0819141417094331	0.108308200210736	0.141406566110094	0.180734003594274	0.224641775568157	0.270988010907408	0.318213098994839	0.365690085280923	0.413098937779914	0.458886426774313	0.499398882372331	0.5294428402341	0.544109826404084	0.540464475194208	0.518542277371535	0.481252675303459	0.433595136081361	0.38142709446265	0.330119393344743	0.283492121284667	0.243179089161011	0.208660262401906	0.17793932298516	0.148795089297406	0.120034649091356	0.0920862327230462	0.0666645105067888	0.0456207523845426	0.0299801255509217	0.0196150857020771	0.0133814239100691	0.00978016350228696	0.00746669319625655	0.00563216095391745	0.00397627289280511	0.0025516583741214	0.00146251915475203	0.000740284589285424	0.00033000446105708	0.00012971683695064	4.47312835797933e-05	1.35860774422738e-05	3.63079295823193e-06	3.87292616709468e-08	1.2099811911044e-08	3.31415851089083e-09	3.05902320501826e-07	2.03934880334551e-07	1.359565868897e-07	9.06377245931335e-08	6.04251497287557e-08	4.02834331525038e-08
0.00842415712378933	0.010316633624142	0.0125547785936037	0.015417974469688	0.0192754183905296	0.0246283198147374	0.0322428148882951	0.0432134159248535	0.0588025021506402	0.0801241902131246	0.107594105417842	0.140642127496304	0.177767819440073	0.217346949614569	0.258651186070405	0.30200214134108	0.34789851886254	0.395260273218572	0.440395127610918	0.477502967228725	0.500655911401672	0.505880813056434	0.492517501458511	0.463216180718325	0.422865849395749	0.377046981532313	0.33066838553113	0.287206313444588	0.248374391032096	0.214192282272267	0.183375053752504	0.154225375048559	0.125693411310165	0.0980138568778318	0.0726020273748945	0.0511106572780329	0.03459486946713	0.0231232119288501	0.0157969836270419	0.0112956447955721	0.00834168809706491	0.0061041921998149	0.00422017610014915	0.00267404623125468	0.00152330452966196	0.000770302590545474	0.000344194391339145	0.000136422386072885	4.76293396861043e-05	1.47805897395925e-05	4.07626993935507e-06	1.71986627252774e-07	5.35090178212596e-08	1.43683190520119e-08	3.05902320501826e-07	2.03934880334551e-07	1.359565868897e-07	9.06377245931335e-08	6.04251497287557e-08	4.02834331525038e-08
0.0101848823649014	0.0116980208369129	0.0130671731609466	0.0145189081958355	0.0164109116913134	0.0192495959151424	0.0237877881648338	0.0310565417266306	0.0421984031583646	0.0581823304280713	0.0793416866665502	0.105195900630506	0.134571548267429	0.16638292911257	0.200520240555862	0.237908809440896	0.279618067098606	0.325121767540504	0.371144299140427	0.411942640364666	0.441151898910998	0.454030216112773	0.449110024594566	0.428400467133048	0.396247919082695	0.357660876029998	0.316999093598332	0.277457898509262	0.240947739343799	0.208131752959235	0.178513727403379	0.150948833219957	0.124472379217586	0.0989581147944675	0.0752774015078433	0.0546660009341892	0.0381029343394778	0.0258949574673709	0.0175447386311501	0.0120981536428685	0.008489723028539	0.00592563464374448	0.00396366121126945	0.00246683458954109	0.00139901252246709	0.000712651206206359	0.000324354973069172	0.000132973146943005	4.87200269255041e-05	1.62281211429184e-05	4.91150049884888e-06	6.37306562232364e-07	1.98088539141499e-07	5.29418935478998e-08	3.05902320501826e-07	2.03934880334551e-07	1.359565868897e-07	9.06377245931335e-08	6.04251497287557e-08	4.02834331525038e-08
0.0112479649549033	0.0126094780399714	0.0135719732824376	0.0143157528987047	0.0151480072449292	0.0164997743867012	0.0189962705010743	0.0234800375992276	0.0308800588606639	0.0420017868895165	0.0571794684855325	0.0761580400565875	0.0981785504104472	0.122603790414793	0.14963176774537	0.180353538954333	0.216037237960504	0.256619275658107	0.299545288233728	0.339786655932853	0.371330561350229	0.389275645503815	0.391535426603111	0.379221838655878	0.355668422649583	0.324927218836546	0.29067103930168	0.255857010947601	0.222654664853461	0.192346594390663	0.165146015314348	0.140399275702915	0.117212100298401	0.0950939728597	0.0743245285573257	0.0556383988745992	0.0398497899089409	0.0274673570306845	0.0184303035703629	0.0122342347252387	0.00811203255001022	0.00535663997320182	0.00345331616362777	0.00212579729419797	0.00122577008868593	0.000652109331339316	0.000318480422509023	0.000143973090330193	5.94998254577016e-05	2.2775815292129e-05	7.9746045108055e-06	2.00970853065816e-06	6.23918352948402e-07	1.65788269502488e-07	3.05902320501826e-07	2.03934880334551e-07	1.359565868897e-07	9.06377245931335e-08	6.04251497287557e-08	4.02834331525038e-08
0.010848133945288	0.0120885191025937	0.0128786672290071	0.013363003009292	0.013785632415481	0.0144712932254107	0.0158697824125911	0.0185792568022116	0.0232748361024454	0.0305952170904462	0.0409142769665176	0.0542365041003321	0.0701827154054548	0.0883970557672646	0.109091470447313	0.13317092355423	0.161796905983695	0.195233310919097	0.231793114844743	0.267633503139114	0.297783773563974	0.317829219322909	0.325393853429795	0.320609725600155	0.30547129978842	0.282774623249155	0.255380316951156	0.225993850968741	0.196997813925343	0.170144517576623	0.146178179198377	0.124848737089582	0.105386112137804	0.0870794947098473	0.0697387146098651	0.0536343999200344	0.0393541473585758	0.0275066254113854	0.0183839348754456	0.0118943854877078	0.00757457820051911	0.0048276288791921	0.00309200704502104	0.0019740770028228	0.00123294196992131	0.000735122194577622	0.000411340733696552	0.000213857300230917	0.00010109248876201	4.3442637651235e-05	1.67154556671948e-05	5.39480098945834e-06	1.67239633553576e-06	4.41233976216506e-07	3.05902320501826e-07	2.03934880334551e-07	1.359565868897e-07	9.06377245931335e-08	6.04251497287557e-08	4.02834331525038e-08
0.00898359352718925	0.0100287400934878	0.0107101974425909	0.0111460869990761	0.0115223043206235	0.0120630730545561	0.0130517122615719	0.0148544596813471	0.0179109081235079	0.0227103911195702	0.0296646528836541	0.0389832245202145	0.0505416959969325	0.0640749630666478	0.0795962690359233	0.0976306668971002	0.119074404471832	0.144411260954512	0.172817621112336	0.20180453681145	0.227793006766356	0.24727624852135	0.257920236324625	0.259022133260344	0.251237124847358	0.236061933597149	0.215499718984537	0.191914843774995	0.167721016948583	0.144889367585957	0.124480246961959	0.106575038343603	0.0906268688207539	0.075914475512618	0.0619811344889199	0.048741884156809	0.0365319018398555	0.0259399076025077	0.0174636433668103	0.0113031067941901	0.00723338304651166	0.00475446950870756	0.0032828138858773	0.00235115228196798	0.00167469757052122	0.0011326313052567	0.000706333289606861	0.000398892304954489	0.00020097953834437	9.01903660274832e-05	3.57668990381737e-05	1.23318302444501e-05	3.81612719647078e-06	9.9803303327564e-07	3.05902320501826e-07	2.03934880334551e-07	1.359565868897e-07	9.06377245931335e-08	6.04251497287557e-08	4.02834331525038e-08
0.00635096790095572	0.00712934896258793	0.00768310348180353	0.00810932292841181	0.00854710495970658	0.00914416368104682	0.010060994060789	0.0114939213906231	0.0137133223461808	0.0171008468439104	0.022088709899442	0.0290000527963619	0.0378201053367535	0.0482264110596478	0.0599351604347241	0.0730505169449353	0.0881719085572679	0.105916652411415	0.126173918083772	0.147654164799761	0.168112861231571	0.185054069317932	0.196449702869318	0.201120907584848	0.198739221122315	0.189750188715778	0.175358663085436	0.1574483778753	0.138193119988042	0.11949508251548	0.10253123040404	0.0876621463536516	0.0746553364583454	0.0629647851137157	0.0520662494673851	0.0416511806199336	0.0318182689682343	0.02304519917033	0.0158869085261856	0.0106842108680135	0.00734418053386632	0.00541550519438115	0.00429847489129699	0.00349490618356404	0.00273592621882509	0.00197289027516486	0.00128253101737442	0.000742617420742704	0.000380461950500103	0.000172261352114749	6.86829733106675e-05	2.40143379439054e-05	7.4153832212846e-06	1.9185879194689e-06	3.05902320501826e-07	2.03934880334551e-07	1.359565868897e-07	9.06377245931335e-08	6.04251497287557e-08	4.02834331525038e-08
0.00382518359759658	0.00432862091529884	0.00472950095754644	0.0051046080787758	0.00555622536822601	0.00618113206916441	0.00706820309944915	0.00832076322324411	0.0101209922681042	0.0127921873879871	0.0167691385260603	0.0224089434593084	0.0297083317468631	0.0382365424634003	0.0474422043475783	0.0570863187414507	0.0675103432864974	0.0793668759740148	0.0929874159659752	0.107897257578957	0.122838280821614	0.136183165007173	0.146382555498064	0.152228771931381	0.152950250730141	0.148348234738347	0.138961529822963	0.126072295853264	0.111370847180889	0.0964631523630418	0.0824993313437081	0.0700698933485896	0.0592899151402796	0.0498932677134344	0.0414367709836391	0.0335190028207887	0.0260593747753197	0.0193844547209943	0.0139918659690404	0.0102224779854453	0.00799865752543233	0.00685075061005969	0.0061503174323971	0.00540013664197671	0.0044025220771769	0.00323900372586422	0.00212458809255159	0.00123393648899336	0.000632740136526435	0.000286138233448167	0.000113904785613752	3.98582844638824e-05	1.22759730243615e-05	3.13457969293069e-06	3.05902320501826e-07	2.03934880334551e-07	1.359565868897e-07	9.06377245931335e-08	6.04251497287557e-08	4.02834331525038e-08
0.00196195042104759	0.00224350745265263	0.00249712429391425	0.00277851638808651	0.00315947918859525	0.00370391285908775	0.00446700467273633	0.00551764204648069	0.00700844622513248	0.00923486531811044	0.0126133353517438	0.0174847721157259	0.0238296902178275	0.0311628437462593	0.0388051144180552	0.0463331742552039	0.0539036804055132	0.0620957557269274	0.0713677650990394	0.0816038712536386	0.0920876871615923	0.101807258625005	0.109758385099801	0.115066861208709	0.117001370642862	0.115100105074288	0.109390563741866	0.100514204040071	0.0895629569262863	0.0777492320161135	0.0661291479679698	0.0554676319881889	0.0461889724141766	0.0383212485720255	0.0315889845073136	0.0256138652945909	0.0202209141369508	0.0155918356067427	0.0120941513087144	0.00995975630673533	0.00902731841921966	0.00875059200774816	0.00846101065669277	0.00768825918974391	0.00634557869061194	0.00467983400031866	0.00306335090575516	0.00177250485483335	0.000905302139394634	0.00040767494132478	0.000161672920657009	5.64184573448455e-05	1.73223708346008e-05	4.35248964377118e-06	3.05902320501826e-07	2.03934880334551e-07	1.359565868897e-07	9.06377245931335e-08	6.04251497287557e-08	4.02834331525038e-08
0.000857279460219413	0.000993518151691133	0.0011327394570278	0.00131065995809142	0.00157361164587645	0.00196322619478196	0.00251997534073546	0.00330483951576568	0.00446052677470508	0.00625394941004515	0.00905533691569923	0.0131631470516531	0.0185618453998679	0.024819713413617	0.0313125573168446	0.0376147656653784	0.0437856369145959	0.0502514293904204	0.0573462158686845	0.0649509787210645	0.0725235415717885	0.0794133317935443	0.0851101372020667	0.0892265665482899	0.0913365963684879	0.0909618913836582	0.0877723348019051	0.0818399793830497	0.0736966854687905	0.0641878335281396	0.0542640262402061	0.0447958075715628	0.0364215300925532	0.0294086655904156	0.023680562974046	0.0189734009805655	0.0151107643305953	0.0121675200673812	0.0103493178588312	0.00971555739954486	0.009964355586068	0.0104517141721463	0.0104811884664269	0.00963594731645006	0.007954518395036	0.00584108052253506	0.00380041726313141	0.00218525039488825	0.00110952209744156	0.000496884177864617	0.000196094016886289	6.81500059428972e-05	2.08468951077611e-05	5.13637824303412e-06	3.05902320501826e-07	2.03934880334551e-07	1.359565868897e-07	9.06377245931335e-08	6.04251497287557e-08	4.02834331525038e-08
0.000319298336268522	0.000376485169848714	0.000442771439222226	0.000538073340805126	0.000689173070897815	0.000921719210544017	0.0012664038044475	0.00177775388282887	0.00257999239806827	0.00389211245081794	0.00601094113625778	0.00917909278294121	0.0134112150761617	0.0184170641762931	0.0237660602855854	0.029169595447026	0.0346733232317161	0.0405385280770991	0.0468689649898459	0.053370243321388	0.0594684891680708	0.0646721436260407	0.0688102524016906	0.0719167319325939	0.0739087036004362	0.0744097478877475	0.0728936107932893	0.0690304365577577	0.0629334904771187	0.0551635743914236	0.0465587651758833	0.0380020510915474	0.0302165413486558	0.023615431511956	0.0183106478430617	0.0142143493102924	0.0112336153976933	0.0093936824592362	0.00874745495601024	0.0091723217180359	0.0102248511341422	0.0111914267244658	0.0113890524389324	0.0104782323070955	0.00860454589166057	0.00627227976966336	0.00404873400030252	0.00231029325176049	0.00116467900763902	0.000518202329435382	0.000203331420960998	7.03112120264327e-05	2.14135614703659e-05	5.15153991905135e-06	3.05902320501826e-07	2.03934880334551e-07	1.359565868897e-07	9.06377245931335e-08	6.04251497287557e-08	4.02834331525038e-08
0.00010147160340246	0.000122343805879173	0.000149657568012271	0.000192968754841329	0.000265912282423366	0.00038293484170128	0.000565278596165668	0.000855027131412075	0.00134519043449384	0.00219240827694902	0.00360712791513467	0.00577036409712464	0.00873034211426566	0.0123569545116109	0.0164508365055611	0.0209108922181063	0.0258261236389975	0.0313461805006028	0.037388856125169	0.0435013919567381	0.0490340751605415	0.053523654165542	0.0569364116973126	0.0595287536452695	0.0614574448521724	0.0624904185253091	0.0620729338689701	0.0596883976742691	0.0552056900179599	0.048977393388452	0.0416940992949128	0.0341348846382171	0.026967256467064	0.0206437572219592	0.0154278390267808	0.0114375479863498	0.00872876981405035	0.00734131034105357	0.00721969860347554	0.00809916581651527	0.00944277179792477	0.0105311760025594	0.0107483366180945	0.00984239099802519	0.00801866308663208	0.00579333132750066	0.00370571966811457	0.00209626516794384	0.00104821549129062	0.00046292186509295	0.000180430548323426	6.20242140267996e-05	1.87917675083966e-05	4.39114685720084e-06	3.05902320501826e-07	2.03934880334551e-07	1.359565868897e-07	9.06377245931335e-08	6.04251497287557e-08	4.02834331525038e-08
2.7558032387533e-05	3.42039356493501e-05	4.3946832468812e-05	6.0728164617331e-05	9.06319422174394e-05	0.000140937733696355	0.000224257310828906	0.000367415762686428	0.000628875902086752	0.00110463792785586	0.0019252025005114	0.00321294203909698	0.00503326056528225	0.00737516723528003	0.0102191274702451	0.0136175445060806	0.0177160214953919	0.0226241450761135	0.0281919426183767	0.0339283882142508	0.0391684727203531	0.0434273410298077	0.0466457744429788	0.0490980015998751	0.0510404044959566	0.0523854377296419	0.0526848771508276	0.0514268484080616	0.0483857815824047	0.043757034836566	0.0380352268226723	0.0317869857772941	0.0255047301530119	0.0195856998971588	0.0143939495587364	0.0102505916553856	0.00739490814789524	0.00593608596234126	0.00577223207558776	0.00656314886822551	0.00774716243795131	0.00866562760030717	0.00880856204334797	0.00800302397991881	0.00645753669578138	0.00461839921044622	0.0029241759924436	0.0016379691117813	0.00081144964624966	0.00035527710417045	0.000137389490870588	4.68959658209267e-05	1.41194349265708e-05	3.18111723599675e-06	3.05902320501826e-07	2.03934880334551e-07	1.359565868897e-07	9.06377245931335e-08	6.04251497287557e-08	4.02834331525038e-08
6.40946396839323e-06	8.2582124147868e-06	1.12602709785019e-05	1.68111010104547e-05	2.72804561370461e-05	4.59016296634856e-05	7.89913680727565e-05	0.000140698312129277	0.000261930065012559	0.000493064013488243	0.00090464012638495	0.00157073185318204	0.00255273553993482	0.00389627406063337	0.00567383984319953	0.00801611593664041	0.0111017217058746	0.0150450722224173	0.0197299364650213	0.0247463748477117	0.0295062125692296	0.0335265822895304	0.036662126655635	0.0390890227383311	0.0410548158687057	0.0425773575291142	0.0433633653353277	0.0430070410459179	0.0412815110682385	0.0382680336356658	0.0342548935643184	0.0295533519640408	0.0244254786919596	0.0191536451988461	0.0141437290037063	0.0098763698801767	0.00676175939748027	0.0050026921443841	0.00450525550530573	0.00491836528968806	0.00571294445162936	0.00632955159023318	0.00637266366411388	0.00572748054888899	0.00456685220271516	0.00322673410338685	0.00201803863968528	0.00111683219939476	0.000546872267656585	0.000236819233934777	9.06510470074986e-05	3.0655260948797e-05	9.15241293381564e-06	1.95858402645522e-06	3.05902320501826e-07	2.03934880334551e-07	1.359565868897e-07	9.06377245931335e-08	6.04251497287557e-08	4.02834331525038e-08
1.34724776811754e-07	4.03499410667683e-07	1.0594820224809e-06	2.54427520693573e-06	5.69027590055696e-06	1.1784631370163e-05	2.35040040285836e-05	4.70517023644656e-05	9.61949973262041e-05	0.000193599647927039	0.000372464218070897	0.000672728858644848	0.00113945046754188	0.00182671573725078	0.00282572741231929	0.00427564310541386	0.00634937810398108	0.00916994801593662	0.0126931385981139	0.0166483965913152	0.0205942402507493	0.024116446256419	0.0270242577050555	0.0293890006844029	0.0313933625004064	0.033084602944883	0.0342671565108476	0.0346267604880812	0.0339612947977404	0.0322903617836345	0.0297621510369903	0.0264983134305593	0.0225719538310689	0.0181427974592042	0.0135958169297963	0.00948235920861119	0.00631449928828204	0.0043689636997916	0.00358779588068727	0.00365037881216268	0.00408623947745007	0.00443331850848172	0.00438978108515658	0.00388049341282883	0.00304036822085541	0.00210980561056693	0.00129514768615009	0.000703419571327087	0.000338080849610064	0.000143776645484395	5.40926517396364e-05	1.79980345615834e-05	5.29354058720114e-06	1.02486240505622e-06	3.05902320501826e-07	2.03934880334551e-07	1.359565868897e-07	9.06377245931335e-08	6.04251497287557e-08	4.02834331525038e-08
3.23563977497349e-08	9.69071000324577e-08	2.54452243598706e-07	6.20534504870915e-07	1.44083583923693e-06	3.15068623619367e-06	6.70552803826618e-06	1.44051015137273e-05	3.14948573702546e-05	6.68368994658133e-05	0.000134111711025804	0.000252525151421733	0.000449298638517215	0.000764611831988106	0.00127023298157366	0.00207421952780904	0.00331365461086201	0.00510107193996905	0.00744979921033059	0.0102239840300567	0.013153329940884	0.0159560267095903	0.0184806910798238	0.0207521672482407	0.0228751905846802	0.0248393442057931	0.0264261961560165	0.0273174547895501	0.0273090461237048	0.0264157589185509	0.0247721634793795	0.0224656298295619	0.0195039529104526	0.0159648037667827	0.0121557907872775	0.00858432593734215	0.0057577641312704	0.00397353656928195	0.00320928085823151	0.00318630978211976	0.00348280409576759	0.00369555475431143	0.00357715087625109	0.00308551302741366	0.0023533186085884	0.00158619036651732	0.000943648520264607	0.000495746860207206	0.000230148853365886	9.44590151019986e-05	3.42889374554895e-05	1.1012122501517e-05	3.12936269542246e-06	4.5577419931888e-07	3.05902320501826e-07	2.03934880334551e-07	1.359565868897e-07	9.06377245931335e-08	6.04251497287557e-08	4.02834331525038e-08
3.05902320501826e-07	3.05902320501826e-07	3.05902320501826e-07	9.596466404529e-09	7.34581333202091e-08	3.0918717534145e-07	1.01750801997319e-06	2.96010627887832e-06	7.90435466147724e-06	1.89256409416171e-05	4.09782890612076e-05	8.22868435570484e-05	0.000156746572589624	0.000287489928576676	0.000518473177188418	0.000917589723197021	0.00157622985382791	0.00257988238882248	0.00396723810115455	0.00569866112489074	0.00765617087301677	0.00971455762321324	0.01182572151042	0.0140328354976508	0.0163773676735411	0.0187340229739962	0.0207538369382648	0.0220088407559493	0.022243791796887	0.0215074517079876	0.0200441901580462	0.0180746836616527	0.0156856067177222	0.0129357486189247	0.0100195332736704	0.00730118811634275	0.00518459119112686	0.00393352743910087	0.00354774951031277	0.00377891194673961	0.00421556438230595	0.00445037862510709	0.00424267050724052	0.00358716808792606	0.00267266847576002	0.00175312608648838	0.00101120669365297	0.00051298658572724	0.00022903331641442	9.00282240968562e-05	3.11756735230642e-05	9.51691889444683e-06	2.56280609137759e-06	1.72264081119861e-07	3.05902320501826e-07	2.03934880334551e-07	1.359565868897e-07	9.06377245931335e-08	6.04251497287557e-08	4.02834331525038e-08
2.03934880334551e-07	2.03934880334551e-07	3.05902320501826e-07	2.33416259580442e-09	1.80638990573597e-08	7.82066464603233e-08	2.58907956968428e-07	7.5822213067057e-07	2.06102410574411e-06	5.08416831507371e-06	1.13922234548044e-05	2.41466247944811e-05	4.94836015060671e-05	9.84180813710091e-05	0.000193241829195483	0.000369723602471359	0.000680029859079421	0.0011794468041151	0.00190802773975191	0.00288081239049489	0.00408991911355882	0.00554715461684745	0.00732164866368203	0.00950968814116937	0.012115773310641	0.0148944410145317	0.0173268876737779	0.018821607133108	0.0190349008202687	0.0180563307813996	0.0163010253332227	0.0142215808248878	0.0120779052924215	0.00995997220903391	0.00793899487121463	0.00618583939361973	0.00495071419566713	0.00444001892254594	0.00466978639357929	0.00540422661192473	0.00619497972038303	0.00656338277081738	0.00622886219210829	0.00522774654094101	0.00386044782556857	0.0025047521912376	0.00142637972381576	0.000712737723256126	0.000312617797761901	0.000120346772144459	4.06711577765735e-05	1.20692767462588e-05	3.14592776176701e-06	5.5335080688246e-08	3.05902320501826e-07	2.03934880334551e-07	1.359565868897e-07	9.06377245931335e-08	6.04251497287557e-08	4.02834331525038e-08
1.359565868897e-07	1.359565868897e-07	2.03934880334551e-07	3.05902320501826e-07	3.05902320501826e-07	3.18697373123056e-09	1.25777151948575e-08	4.35191379877985e-08	1.59568432386973e-07	5.32975099496005e-07	1.53432998612742e-06	4.2476188789961e-06	1.11451751242361e-05	2.69114685690762e-05	6.14242154937606e-05	0.000130912013616168	0.000261313990594219	0.000484430903414371	0.000831386864582545	0.00134089082561596	0.00206839344806421	0.00311634335370545	0.004643135691668	0.00679926023801679	0.0095805408297025	0.0126636889763284	0.0153988014093823	0.0170504863037281	0.0171819132799411	0.0159026708266156	0.0137788744508074	0.0114902328440679	0.00947963891201254	0.007882173155012	0.00665438792756614	0.0057765380191307	0.00535063542445026	0.00553914234573862	0.00638665217717964	0.00766581749454751	0.0088646087440132	0.00939152887555585	0.00889464368605438	0.00744784452525066	0.00548722719356194	0.00355060921457987	0.00201576817991571	0.00100356274041081	0.000438288767081137	0.000167852498553036	5.63724662807206e-05	1.66035990479354e-05	4.28906445924609e-06	1.51066157875522e-08	3.05902320501826e-07	2.03934880334551e-07	1.359565868897e-07	9.06377245931335e-08	6.04251497287557e-08	4.02834331525038e-08
9.06377245931335e-08	9.06377245931337e-08	1.359565868897e-07	2.03934880334551e-07	2.03934880334551e-07	3.05902320501826e-07	3.05902320501826e-07	3.05902320501826e-07	6.76026251118333e-09	4.9554346586615e-08	1.98074655232978e-07	7.54252251304311e-07	2.51104259114842e-06	7.05939182060262e-06	1.80391686916865e-05	4.17148200396653e-05	8.96742714635495e-05	0.000180008780747349	0.000334572109746673	0.000597895584447512	0.00105105589169011	0.00183760135719934	0.00316031417765273	0.00520356982610928	0.00797429517937985	0.0111316206799581	0.0139778586566204	0.01570760253628	0.0158222275850243	0.0144247870514332	0.0121605334902271	0.00985210135646563	0.00806425451155976	0.00695542048625095	0.00638285414905634	0.00617126521155794	0.00631189805344903	0.00695429491847744	0.00819464432829926	0.00983275230119904	0.0113092070580158	0.0119295656211611	0.0112686659637003	0.00942170582442697	0.00693555382607677	0.00448470824744647	0.00254453027041564	0.0012659199928133	0.000552460726511001	0.000211383057423363	7.09114412701918e-05	2.08566412955386e-05	5.37848374455541e-06	3.50505341320141e-09	3.05902320501826e-07	2.03934880334551e-07	1.359565868897e-07	9.06377245931335e-08	6.04251497287557e-08	4.02834331525038e-08
6.04251497287557e-08	6.04251497287558e-08	9.06377245931337e-08	1.359565868897e-07	1.359565868897e-07	2.03934880334551e-07	2.03934880334551e-07	2.03934880334551e-07	3.05902320501826e-07	6.65094738390513e-09	3.14971164330162e-08	1.49756411454145e-07	5.77404687553466e-07	1.75959843368671e-06	4.81781965656427e-06	1.18004820501586e-05	2.74731059161065e-05	6.29574513414086e-05	0.000132934620286673	0.000278356186241228	0.000581143706424258	0.00118803149315007	0.00230539812813444	0.00412488795368377	0.00667145717982956	0.00963712089386505	0.0123624492665982	0.0140632564951484	0.0142328147937857	0.0129521032752013	0.010862462607329	0.00881519103020753	0.00740569001602431	0.00677940422900872	0.00671542794213958	0.00693228702066159	0.00735387246837719	0.00813961300741571	0.00945068761197899	0.0111422724284531	0.0126597047658109	0.0132647396200416	0.0124889301407033	0.0104267044694019	0.0076709288225723	0.00495915717198935	0.00281360924028694	0.00139973941245931	0.000610896005022576	0.000233745830494429	7.84109943543e-05	2.30603852135035e-05	5.94583247918493e-06	3.05902320501826e-07	2.03934880334551e-07	1.359565868897e-07	9.06377245931337e-08	6.04251497287556e-08	4.02834331525038e-08	2.68556221016692e-08
4.02834331525038e-08	4.02834331525039e-08	6.04251497287556e-08	9.06377245931335e-08	9.06377245931337e-08	1.359565868897e-07	1.359565868897e-07	2.03934880334551e-07	3.05902320501826e-07	1.54653667528904e-09	6.10945823852971e-09	3.25515023285761e-08	1.34886919624389e-07	4.22399051559458e-07	1.18979897040592e-06	2.99658910818359e-06	7.66653126116449e-06	2.27060660330065e-05	5.76835826116186e-05	0.000145916564409754	0.000357340869945595	0.000819577089037505	0.00171471113600352	0.00321772804439777	0.00536661505793077	0.00791382489410534	0.0103002564327994	0.0118409669878604	0.0120775413674502	0.0110674873294195	0.0093809663683325	0.00779449307697856	0.00685052186462483	0.00665458776300638	0.00694118589607438	0.00738100607062063	0.0078701303901263	0.00858118461889522	0.00972785177324784	0.0112317295823823	0.0125945162855138	0.0131072073559981	0.0123030681256872	0.0102597120520195	0.00754620223894032	0.00487926208800356	0.00276922550628263	0.0013781752974979	0.000601782948248668	0.000230373698409493	7.73185182814159e-05	2.27505433380179e-05	5.86891279828235e-06	3.05902320501826e-07	2.03934880334551e-07	1.359565868897e-07	9.06377245931335e-08	6.04251497287557e-08	4.02834331525038e-08	2.68556221016692e-08
2.68556221016692e-08	2.68556221016692e-08	4.02834331525038e-08	6.04251497287557e-08	6.04251497287556e-08	9.06377245931335e-08	9.06377245931337e-08	1.359565868897e-07	2.03934880334551e-07	3.05902320501826e-07	3.05902320501826e-07	2.77819006011043e-09	1.76791236699368e-08	6.30188284420399e-08	1.98421124961256e-07	5.47661716583421e-07	1.78438300173735e-06	9.21956039617261e-06	2.89443711497882e-05	8.5611653965405e-05	0.000232303096161347	0.000567586428581396	0.00123458724081904	0.0023753760474168	0.00403079991716764	0.00602060497221851	0.00791630247572495	0.00917965574644998	0.0094414692805255	0.00874118910321594	0.00753604937894986	0.00645793040385723	0.00594260060102447	0.00605088298241469	0.00651959127413043	0.00703535823321659	0.00750262948116224	0.00809652996636321	0.00904575571885355	0.0103157856091305	0.0114802110271314	0.0119044031081261	0.0111594818530938	0.00930475473888299	0.00684662110789016	0.0044298247282891	0.00251608323445244	0.00125318469176719	0.000547678426989367	0.000209843346116791	7.04893972733745e-05	2.07592389643168e-05	5.35991752222123e-06	3.05902320501826e-07	2.03934880334551e-07	1.359565868897e-07	9.06377245931335e-08	6.04251497287557e-08	4.02834331525038e-08	2.68556221016692e-08
1.79037480677795e-08	1.79037480677795e-08	2.68556221016692e-08	4.02834331525038e-08	4.02834331525038e-08	6.04251497287557e-08	6.04251497287558e-08	9.06377245931337e-08	1.359565868897e-07	2.03934880334551e-07	2.03934880334551e-07	3.05902320501826e-07	1.51935129001284e-09	5.76705867410063e-09	1.9191361943639e-08	5.59902591517068e-08	3.36155156620483e-07	4.44050796395829e-06	1.60441926401306e-05	5.17433875521334e-05	0.000147849122391216	0.0003727342970974	0.000827137178586649	0.00161352904041822	0.00276656647007178	0.00416674210781253	0.00551792344318875	0.0064413091709941	0.00667332856086078	0.00624095247851708	0.00547355404535587	0.00482981241618907	0.00462010923178671	0.00487325513225178	0.00537422004083637	0.00587995983521379	0.00633242538318191	0.00689606048387711	0.00777107320209211	0.0089235318157515	0.00997767819859834	0.0103782933178112	0.0097495978600772	0.00814255711581986	0.00599991506391433	0.00388705877148838	0.00221057204934569	0.00110239648420001	0.000482366434616408	0.000185044526829345	6.22350889601445e-05	1.83507700498016e-05	4.74387439616937e-06	3.05902320501826e-07	2.03934880334551e-07	1.359565868897e-07	9.06377245931335e-08	6.04251497287557e-08	4.02834331525038e-08	2.68556221016692e-08
1.19358320451863e-08	1.19358320451863e-08	1.79037480677795e-08	2.68556221016692e-08	2.68556221016692e-08	4.02834331525038e-08	4.02834331525039e-08	6.04251497287558e-08	9.06377245931337e-08	1.359565868897e-07	1.359565868897e-07	2.03934880334551e-07	3.05902320501826e-07	3.05902320501826e-07	3.05902320501826e-07	3.05902320501826e-07	6.95991340243553e-08	2.42718227937489e-06	9.15767704619821e-06	3.03293898161374e-05	8.81635489675882e-05	0.000224913996530209	0.000503508800430387	0.000989052017441632	0.00170577511759135	0.00258211360717631	0.00343532867264526	0.00402888115730204	0.00419714418876247	0.00395800120077545	0.00352228714886145	0.00318539309205567	0.00314306001515188	0.00340941330449023	0.00384310100273171	0.00429730427239295	0.0047641129770249	0.00538800811213229	0.00631285484514378	0.00747181947017345	0.00851282014167378	0.00894705487215313	0.00845265627285822	0.00708269208697946	0.00523041726587972	0.00339428542541377	0.0019331702000173	0.00096544047539704	0.000422983553491973	0.000162472889396462	5.47139111946265e-05	1.61537755457993e-05	4.18128474339933e-06	3.05902320501826e-07	2.03934880334551e-07	1.359565868897e-07	9.06377245931335e-08	6.04251497287557e-08	4.02834331525038e-08	2.68556221016692e-08
7.95722136345754e-09	7.95722136345756e-09	1.19358320451863e-08	1.79037480677795e-08	1.79037480677795e-08	2.68556221016692e-08	2.68556221016693e-08	4.02834331525039e-08	6.04251497287556e-08	9.06377245931335e-08	9.06377245931337e-08	1.359565868897e-07	2.03934880334551e-07	2.03934880334551e-07	2.03934880334551e-07	3.05902320501826e-07	2.14467723497497e-08	1.28510737190518e-06	4.87583589260285e-06	1.62309699048699e-05	4.7401614017099e-05	0.000121441030085974	0.00027291944442475	0.000537991978656241	0.000930901194388693	0.0014134282122133	0.00188602511160025	0.00221892203990211	0.00232113481874666	0.00220347571112571	0.00198433728365663	0.00183140606044808	0.0018535503561663	0.00206179914252787	0.00238607564788854	0.00276722060655387	0.00323935806279186	0.0039217836562009	0.0048987222876789	0.00606748542661527	0.0070966637398357	0.00756134431176017	0.00719340340738845	0.0060499943007605	0.00447775398124637	0.00291036002400907	0.00165963093120483	0.000829826860048997	0.000363933456911937	0.000139931201671288	4.71699286505839e-05	1.39403583548368e-05	3.61194150278558e-06	3.05902320501826e-07	2.03934880334551e-07	1.359565868897e-07	9.06377245931335e-08	6.04251497287557e-08	4.02834331525038e-08	2.68556221016692e-08
5.30481424230502e-09	5.30481424230504e-09	7.95722136345753e-09	1.19358320451863e-08	1.19358320451863e-08	1.79037480677795e-08	1.79037480677795e-08	2.68556221016692e-08	4.02834331525038e-08	6.04251497287557e-08	6.04251497287558e-08	9.06377245931337e-08	1.359565868897e-07	1.359565868897e-07	2.03934880334551e-07	3.05902320501826e-07	5.61669535047492e-09	6.01450271431892e-07	2.28993454202186e-06	7.647025902845e-06	2.23969289114927e-05	5.75298192844803e-05	0.000129595572221306	0.000256015075332158	0.000443885097386813	0.000675238906854641	0.000902709333221374	0.0010643196292415	0.00111669798054414	0.00106559340554967	0.000968762884179242	0.000909895195661548	0.000942291761575165	0.00107726634995981	0.00129405126099232	0.00158999479356104	0.00201932032125018	0.00267335036504912	0.00359123304703481	0.00465731172206257	0.0055830657110111	0.00602166530108401	0.00576285283021458	0.00486151304711967	0.00360422859991734	0.00234517583838579	0.00133844659917175	0.00066975770557707	0.000293913540854096	0.000113078045932518	3.81411524104247e-05	1.1278884104744e-05	2.92412043966133e-06	3.05902320501826e-07	2.03934880334551e-07	1.359565868897e-07	9.06377245931335e-08	6.04251497287557e-08	4.02834331525038e-08	2.68556221016692e-08
3.53654282820335e-09	3.53654282820335e-09	5.30481424230502e-09	7.95722136345754e-09	7.95722136345753e-09	1.19358320451863e-08	1.19358320451863e-08	1.79037480677795e-08	2.68556221016692e-08	4.02834331525038e-08	4.02834331525039e-08	6.04251497287556e-08	9.06377245931335e-08	1.359565868897e-07	2.03934880334551e-07	3.05902320501826e-07	1.25014565387302e-09	2.45653847717641e-07	9.372225200707e-07	3.135619244724e-06	9.19928585128291e-06	2.3666007464472e-05	5.33859451844042e-05	0.00010559706628133	0.000183307356515308	0.00027916354913537	0.000373644395523461	0.000441165499500106	0.00046388569933711	0.000444432529600315	0.000407107747924515	0.000388732264109239	0.000412358088858141	0.000488362322664621	0.000619878151553216	0.00082744418422507	0.00116344420560337	0.00169118700667932	0.00242404261778075	0.00326103888662238	0.00398177553838063	0.00433237221717023	0.00416340312151694	0.0035193802366449	0.00261203217475	0.00170070616655153	0.000971092907188521	0.000486148643905706	0.000213408192958884	8.2131381942428e-05	2.77117019734389e-05	8.19734648101785e-06	2.12588321304679e-06	3.05902320501826e-07	2.03934880334551e-07	1.359565868897e-07	9.06377245931335e-08	6.04251497287557e-08	4.02834331525038e-08	2.68556221016692e-08
2.35769521880223e-09	2.35769521880224e-09	3.53654282820335e-09	5.30481424230502e-09	5.30481424230502e-09	7.95722136345754e-09	7.95722136345756e-09	1.19358320451863e-08	1.79037480677795e-08	2.68556221016692e-08	2.68556221016692e-08	4.02834331525038e-08	6.04251497287556e-08	9.06377245931337e-08	1.359565868897e-07	2.03934880334551e-07	3.05902320501826e-07	8.58357444339096e-08	3.28255917742002e-07	1.10055917265247e-06	3.23497307087775e-06	8.33651184025546e-06	1.88345172655704e-05	3.73062011684469e-05	6.48444136688405e-05	9.88721446231274e-05	0.000132495456661608	0.000156660874836054	0.000165071191727352	0.000158732297873422	0.00014638761152088	0.000142409539254793	0.000155664710730637	0.000193851936723835	0.000266252382893679	0.000394771504389231	0.000617730788681626	0.000974007626220755	0.0014659757010115	0.0020226518768999	0.00249969117769004	0.00273506502119987	0.00263522904861168	0.00223036312640442	0.00165639903566167	0.00107888783745544	0.000616192823163107	0.000308549484871745	0.000135467249069531	5.21434084817567e-05	1.75962505746021e-05	5.20590781392959e-06	1.35029425818692e-06	3.05902320501826e-07	2.03934880334551e-07	1.359565868897e-07	9.06377245931335e-08	6.04251497287557e-08	4.02834331525038e-08	2.68556221016692e-08
1.57179681253482e-09	1.57179681253482e-09	2.35769521880224e-09	3.53654282820335e-09	3.53654282820335e-09	5.30481424230502e-09	5.30481424230504e-09	7.95722136345756e-09	1.19358320451863e-08	1.79037480677795e-08	2.68556221016692e-08	4.02834331525038e-08	6.04251497287557e-08	9.06377245931335e-08	1.359565868897e-07	2.03934880334551e-07	3.05902320501826e-07	2.5420132384858e-08	9.7246511005051e-08	3.26156099462351e-07	9.59030095113704e-07	2.47226045569415e-06	5.58742187704732e-06	1.10709263279532e-05	1.9250773731757e-05	2.93655391347993e-05	3.93752725994907e-05	4.66039531676691e-05	4.9206498725507e-05	4.75257339172803e-05	4.42160800623162e-05	4.4269730374599e-05	5.0708528923555e-05	6.81324204179267e-05	0.000104000013099865	0.000173174660823835	0.000298250845304275	0.000500041340017667	0.000777828001823761	0.00109052997298695	0.00135775885293529	0.00149063337757151	0.00143844148456277	0.00121832786517795	0.000905128794372753	0.000589669373320183	0.000336825357215247	0.000168679967753158	7.40634876114421e-05	2.85101977327918e-05	9.62169796172001e-06	2.84681095741739e-06	7.38449763212843e-07	3.05902320501826e-07	2.03934880334551e-07	1.359565868897e-07	9.06377245931335e-08	6.04251497287557e-08	4.02834331525038e-08	2.68556221016692e-08
1.04786454168988e-09	1.04786454168988e-09	1.57179681253482e-09	2.35769521880223e-09	2.35769521880224e-09	3.53654282820335e-09	5.30481424230502e-09	7.95722136345754e-09	1.19358320451863e-08	1.79037480677795e-08	2.68556221016692e-08	4.02834331525038e-08	6.04251497287557e-08	9.06377245931335e-08	1.359565868897e-07	2.03934880334551e-07	3.05902320501826e-07	6.68304271407724e-09	2.55664517006554e-08	8.57475921510977e-08	2.52132404060501e-07	6.49966018098704e-07	1.46895297398686e-06	2.91058568908893e-06	5.06122434973553e-06	7.72081450062914e-06	1.03536848550705e-05	1.22578258078635e-05	1.29513094204514e-05	1.25294644293348e-05	1.16964817157637e-05	1.2071447943784e-05	1.46288624374672e-05	2.16467090775346e-05	3.7242648868732e-05	6.91010490011472e-05	0.000128166822107929	0.00022399677183684	0.000355705059494361	0.000503549478988775	0.000629706524272816	0.000692713817097328	0.000669074464035807	0.000566940591421196	0.000421291502638323	0.00027449790483228	0.000156810553928735	7.85363858978499e-05	3.44855478366432e-05	1.32757358449308e-05	4.48059129171104e-06	1.32576733291685e-06	3.4391771941547e-07	3.05902320501826e-07	2.03934880334551e-07	1.359565868897e-07	9.06377245931335e-08	6.04251497287557e-08	4.02834331525038e-08	2.68556221016692e-08
6.98576361126588e-10	6.9857636112659e-10	1.04786454168988e-09	1.57179681253482e-09	2.35769521880223e-09	3.53654282820335e-09	5.30481424230502e-09	7.95722136345754e-09	1.19358320451863e-08	1.79037480677795e-08	2.68556221016692e-08	4.02834331525038e-08	6.04251497287557e-08	9.06377245931335e-08	1.359565868897e-07	2.03934880334551e-07	3.05902320501826e-07	1.49324643421292e-09	5.71251965172451e-09	1.91592799417937e-08	5.63359878756751e-08	1.45227178758122e-07	3.28220076434932e-07	6.50335765855315e-07	1.13089968793706e-06	1.72524111099221e-06	2.31381696906337e-06	2.74012105071552e-06	2.8971939719924e-06	2.80752665523768e-06	2.62991305581134e-06	2.84940262289214e-06	3.75704026303292e-06	6.29634201038034e-06	1.22632411351362e-05	2.49052082445972e-05	4.86920930949444e-05	8.74080344894964e-05	0.000140568000335399	0.000200140917162589	0.00025092700716499	0.000276349227587565	0.000267053236987551	0.000226338076932585	0.000168207523831602	0.000109602525175874	6.26130858569708e-05	3.13593658078986e-05	1.37699856866559e-05	5.3009653037983e-06	1.78908794625725e-06	5.29375299026077e-07	1.37325412261723e-07	3.05902320501826e-07	2.03934880334551e-07	1.359565868897e-07	9.06377245931335e-08	6.04251497287557e-08	4.02834331525038e-08	2.68556221016692e-08
4.65717574084392e-10	4.65717574084393e-10	6.9857636112659e-10	1.04786454168988e-09	1.57179681253482e-09	2.35769521880224e-09	3.53654282820335e-09	5.30481424230502e-09	7.95722136345753e-09	1.19358320451863e-08	1.79037480677795e-08	2.68556221016692e-08	4.02834331525038e-08	6.04251497287556e-08	9.06377245931337e-08	1.359565868897e-07	2.03934880334551e-07	3.05902320501826e-07	3.05902320501826e-07	3.05902320501826e-07	3.05902320501826e-07	3.05902320501826e-07	3.05902320501826e-07	3.05902320501826e-07	3.05902320501826e-07	3.05902320501826e-07	3.05902320501826e-07	3.05902320501826e-07	3.05902320501826e-07	3.05902320501826e-07	3.05902320501826e-07	9.42496353211561e-08	3.39751836248406e-07	1.07374017266989e-06	2.97503340539494e-06	7.22669534186761e-06	1.53901517270798e-05	2.87343456516218e-05	4.70343316484248e-05	6.74969110061292e-05	8.49196261781696e-05	9.3667192835991e-05	9.05778882283518e-05	7.6791319954944e-05	5.70764994269217e-05	3.71927063669049e-05	2.12477764570322e-05	1.06420293171866e-05	4.67294499105345e-06	1.7989212064423e-06	6.07140032477931e-07	1.79647365528386e-07	4.66023794051312e-08	3.05902320501826e-07	2.03934880334551e-07	1.359565868897e-07	9.06377245931335e-08	6.04251497287557e-08	4.02834331525038e-08	2.68556221016692e-08
3.10478382722928e-10	3.10478382722929e-10	4.65717574084393e-10	6.9857636112659e-10	1.04786454168988e-09	1.57179681253482e-09	2.35769521880224e-09	3.53654282820335e-09	5.30481424230504e-09	7.95722136345756e-09	1.19358320451863e-08	1.79037480677795e-08	2.68556221016692e-08	4.02834331525039e-08	6.04251497287558e-08	9.06377245931337e-08	1.359565868897e-07	2.03934880334551e-07	2.03934880334551e-07	2.03934880334551e-07	2.03934880334551e-07	2.03934880334551e-07	2.03934880334551e-07	2.03934880334551e-07	2.03934880334551e-07	2.03934880334551e-07	2.03934880334551e-07	2.03934880334551e-07	2.03934880334551e-07	2.03934880334551e-07	3.05902320501826e-07	2.71830183830695e-08	9.79895612216651e-08	3.09682883682991e-07	8.58044569334725e-07	2.08428808936446e-06	4.43875221256726e-06	8.28741929251982e-06	1.35654116589194e-05	1.94671286146416e-05	2.44921028247885e-05	2.7015033173075e-05	2.61240310630487e-05	2.21477765392144e-05	1.64617245242009e-05	1.07269382787812e-05	6.12817965886821e-06	3.06932199341161e-06	1.34774791607459e-06	5.18836047033894e-07	1.75108355673822e-07	5.18130136311728e-08	1.34408301077013e-08	3.05902320501826e-07	2.03934880334551e-07	1.359565868897e-07	9.06377245931335e-08	6.04251497287557e-08	4.02834331525038e-08	2.68556221016692e-08
2.06985588481952e-10	2.06985588481953e-10	3.10478382722929e-10	4.65717574084393e-10	6.9857636112659e-10	1.04786454168988e-09	1.57179681253482e-09	2.35769521880224e-09	3.53654282820336e-09	5.30481424230504e-09	7.95722136345756e-09	1.19358320451863e-08	1.79037480677795e-08	2.68556221016693e-08	4.02834331525039e-08	6.04251497287558e-08	9.06377245931337e-08	1.359565868897e-07	1.359565868897e-07	1.359565868897e-07	1.359565868897e-07	1.359565868897e-07	1.359565868897e-07	1.359565868897e-07	1.359565868897e-07	1.359565868897e-07	1.359565868897e-07	1.359565868897e-07	1.359565868897e-07	2.03934880334551e-07	3.05902320501826e-07	6.66310258530592e-09	2.40192052813284e-08	7.59094811994211e-08	2.10323920164907e-07	5.10900782284593e-07	1.08802712510801e-06	2.03141255821303e-06	3.32515426438375e-06	4.77178336757077e-06	6.00350525286291e-06	6.62192604371537e-06	6.40352356981914e-06	5.42886389721646e-06	4.03509859317585e-06	2.62938755257147e-06	1.50213965030668e-06	7.52352333402935e-07	3.30360024681087e-07	1.27177113211777e-07	4.29225673527709e-08	1.27004080346494e-08	3.29461682941956e-09	3.05902320501826e-07	2.03934880334551e-07	1.359565868897e-07	9.06377245931335e-08	6.04251497287557e-08	4.02834331525038e-08	2.68556221016692e-08
1.37990392321301e-10	1.37990392321302e-10	2.06985588481953e-10	3.10478382722929e-10	4.65717574084393e-10	6.9857636112659e-10	1.04786454168989e-09	1.57179681253483e-09	2.35769521880224e-09	3.53654282820336e-09	5.30481424230504e-09	7.95722136345758e-09	1.19358320451864e-08	1.79037480677795e-08	2.68556221016693e-08	4.02834331525039e-08	6.04251497287556e-08	9.06377245931335e-08	9.06377245931335e-08	9.06377245931335e-08	9.06377245931335e-08	9.06377245931335e-08	9.06377245931335e-08	9.06377245931335e-08	9.06377245931335e-08	9.06377245931335e-08	9.06377245931335e-08	9.06377245931335e-08	9.06377245931337e-08	1.359565868897e-07	2.03934880334551e-07	3.05902320501826e-07	3.05902320501826e-07	3.05902320501826e-07	3.05902320501826e-07	3.05902320501826e-07	3.05902320501826e-07	3.05902320501826e-07	3.05902320501826e-07	3.05902320501826e-07	3.05902320501826e-07	3.05902320501826e-07	3.05902320501826e-07	3.05902320501826e-07	3.05902320501826e-07	3.05902320501826e-07	3.05902320501826e-07	3.05902320501826e-07	3.05902320501826e-07	3.05902320501826e-07	3.05902320501826e-07	3.05902320501826e-07	3.05902320501826e-07	2.03934880334551e-07	1.359565868897e-07	9.06377245931337e-08	6.04251497287556e-08	4.02834331525038e-08	2.68556221016692e-08	1.79037480677795e-08
9.19935948808675e-11	9.19935948808681e-11	1.37990392321302e-10	2.06985588481953e-10	3.10478382722929e-10	4.65717574084395e-10	6.98576361126592e-10	1.04786454168989e-09	1.57179681253483e-09	2.35769521880224e-09	3.53654282820338e-09	5.30481424230506e-09	7.95722136345758e-09	1.19358320451864e-08	1.79037480677795e-08	2.68556221016692e-08	4.02834331525038e-08	6.04251497287557e-08	6.04251497287557e-08	6.04251497287557e-08	6.04251497287557e-08	6.04251497287557e-08	6.04251497287557e-08	6.04251497287557e-08	6.04251497287557e-08	6.04251497287557e-08	6.04251497287557e-08	6.04251497287557e-08	6.04251497287558e-08	9.06377245931337e-08	1.359565868897e-07	2.03934880334551e-07	2.03934880334551e-07	2.03934880334551e-07	2.03934880334551e-07	2.03934880334551e-07	2.03934880334551e-07	2.03934880334551e-07	2.03934880334551e-07	2.03934880334551e-07	2.03934880334551e-07	2.03934880334551e-07	2.03934880334551e-07	2.03934880334551e-07	2.03934880334551e-07	2.03934880334551e-07	2.03934880334551e-07	2.03934880334551e-07	2.03934880334551e-07	2.03934880334551e-07	2.03934880334551e-07	2.03934880334551e-07	2.03934880334551e-07	1.359565868897e-07	9.06377245931337e-08	6.04251497287558e-08	4.02834331525039e-08	2.68556221016692e-08	1.79037480677795e-08	1.19358320451863e-08
