1.79037480677795e-08	2.68556221016692e-08	4.02834331525038e-08	4.02834331525038e-08	4.02834331525038e-08	4.02834331525038e-08	4.02834331525038e-08	4.02834331525038e-08	4.02834331525038e-08	4.02834331525038e-08	4.02834331525038e-08	4.02834331525038e-08	4.02834331525038e-08	4.02834331525038e-08	4.02834331525038e-08	4.02834331525038e-08	4.02834331525038e-08	4.02834331525038e-08	4.02834331525038e-08	2.68556221016692e-08	2.68556221016692e-08	2.68556221016692e-08	2.68556221016692e-08	2.68556221016692e-08	2.68556221016692e-08	2.68556221016692e-08	1.79037480677795e-08	1.19358320451863e-08	7.95722136345756e-09	5.30481424230504e-09	3.53654282820338e-09	2.35769521880225e-09	1.57179681253484e-09	1.04786454168989e-09	6.98576361126595e-10	6.98576361126588e-10	6.98576361126588e-10	6.98576361126588e-10	6.98576361126588e-10	6.98576361126588e-10	6.98576361126588e-10	6.98576361126588e-10	6.98576361126588e-10	6.98576361126588e-10	6.98576361126588e-10	6.98576361126588e-10	6.98576361126588e-10	6.98576361126588e-10	4.65717574084392e-10	3.10478382722928e-10	2.06985588481952e-10	2.06985588481952e-10	2.06985588481952e-10	2.06985588481952e-10	2.06985588481952e-10	2.06985588481952e-10	2.06985588481952e-10	2.06985588481952e-10	2.06985588481952e-10	2.06985588481952e-10
2.68556221016692e-08	4.02834331525038e-08	6.04251497287557e-08	6.04251497287557e-08	6.04251497287557e-08	6.04251497287557e-08	6.04251497287557e-08	6.04251497287557e-08	6.04251497287557e-08	6.04251497287557e-08	6.04251497287557e-08	6.04251497287557e-08	6.04251497287557e-08	6.04251497287557e-08	6.04251497287557e-08	6.04251497287557e-08	6.04251497287557e-08	6.04251497287557e-08	6.04251497287557e-08	4.02834331525038e-08	4.02834331525038e-08	4.02834331525038e-08	4.02834331525038e-08	4.02834331525038e-08	4.02834331525038e-08	4.02834331525038e-08	2.68556221016692e-08	1.79037480677795e-08	1.19358320451863e-08	7.95722136345758e-09	5.30481424230506e-09	3.53654282820338e-09	2.35769521880225e-09	1.57179681253484e-09	1.04786454168989e-09	1.04786454168988e-09	1.04786454168988e-09	1.04786454168988e-09	1.04786454168988e-09	1.04786454168988e-09	1.04786454168988e-09	1.04786454168988e-09	1.04786454168988e-09	1.04786454168988e-09	1.04786454168988e-09	1.04786454168988e-09	1.04786454168988e-09	1.04786454168988e-09	6.98576361126587e-10	4.65717574084392e-10	3.10478382722929e-10	3.10478382722928e-10	3.10478382722928e-10	3.10478382722928e-10	3.10478382722928e-10	3.10478382722928e-10	3.10478382722928e-10	3.10478382722928e-10	3.10478382722928e-10	3.10478382722928e-10
4.02834331525039e-08	6.04251497287556e-08	9.06377245931335e-08	9.06377245931335e-08	9.06377245931335e-08	9.06377245931335e-08	9.06377245931335e-08	9.06377245931335e-08	9.06377245931335e-08	9.06377245931335e-08	9.06377245931335e-08	9.06377245931335e-08	9.06377245931335e-08	9.06377245931335e-08	9.06377245931335e-08	9.06377245931335e-08	9.06377245931335e-08	9.06377245931335e-08	9.06377245931335e-08	6.04251497287556e-08	6.04251497287557e-08	6.04251497287557e-08	6.04251497287557e-08	6.04251497287557e-08	6.04251497287557e-08	6.04251497287557e-08	4.02834331525038e-08	2.68556221016692e-08	1.79037480677795e-08	1.19358320451864e-08	7.95722136345758e-09	5.30481424230506e-09	3.53654282820338e-09	2.35769521880224e-09	1.57179681253483e-09	1.57179681253482e-09	1.57179681253482e-09	1.57179681253482e-09	1.57179681253482e-09	1.57179681253482e-09	1.57179681253482e-09	1.57179681253482e-09	1.57179681253482e-09	1.57179681253482e-09	1.57179681253482e-09	1.57179681253482e-09	1.57179681253482e-09	1.57179681253482e-09	1.04786454168988e-09	6.9857636112659e-10	4.65717574084393e-10	4.65717574084392e-10	4.65717574084392e-10	4.65717574084392e-10	4.65717574084392e-10	4.65717574084392e-10	4.65717574084392e-10	4.65717574084392e-10	4.65717574084392e-10	4.65717574084392e-10
6.04251497287558e-08	9.06377245931337e-08	1.359565868897e-07	1.359565868897e-07	1.359565868897e-07	1.359565868897e-07	1.359565868897e-07	1.359565868897e-07	1.359565868897e-07	1.359565868897e-07	1.359565868897e-07	1.359565868897e-07	1.359565868897e-07	1.359565868897e-07	1.359565868897e-07	1.359565868897e-07	1.359565868897e-07	1.359565868897e-07	1.359565868897e-07	9.06377245931337e-08	9.06377245931335e-08	9.06377245931335e-08	9.06377245931335e-08	9.06377245931335e-08	9.06377245931335e-08	9.06377245931335e-08	6.04251497287556e-08	4.02834331525039e-08	2.68556221016693e-08	1.79037480677795e-08	1.19358320451864e-08	7.95722136345758e-09	5.30481424230504e-09	3.53654282820336e-09	2.35769521880224e-09	2.35769521880223e-09	2.35769521880223e-09	2.35769521880223e-09	2.35769521880223e-09	2.35769521880223e-09	2.35769521880223e-09	2.35769521880223e-09	2.35769521880223e-09	2.35769521880223e-09	2.35769521880223e-09	2.35769521880223e-09	2.35769521880223e-09	2.35769521880223e-09	1.57179681253482e-09	1.04786454168988e-09	6.9857636112659e-10	6.98576361126588e-10	6.98576361126588e-10	6.98576361126588e-10	6.98576361126588e-10	6.98576361126588e-10	6.98576361126588e-10	6.98576361126588e-10	6.98576361126588e-10	6.98576361126588e-10
9.06377245931337e-08	1.359565868897e-07	2.03934880334551e-07	2.03934880334551e-07	2.03934880334551e-07	2.03934880334551e-07	2.03934880334551e-07	2.03934880334551e-07	2.03934880334551e-07	2.03934880334551e-07	2.03934880334551e-07	2.03934880334551e-07	2.03934880334551e-07	2.03934880334551e-07	2.03934880334551e-07	2.03934880334551e-07	2.03934880334551e-07	2.03934880334551e-07	2.03934880334551e-07	1.359565868897e-07	1.359565868897e-07	1.359565868897e-07	1.359565868897e-07	1.359565868897e-07	1.359565868897e-07	1.359565868897e-07	9.06377245931337e-08	6.04251497287558e-08	4.02834331525039e-08	2.68556221016693e-08	1.79037480677795e-08	1.19358320451863e-08	7.95722136345756e-09	5.30481424230504e-09	3.53654282820336e-09	3.53654282820335e-09	3.53654282820335e-09	3.53654282820335e-09	3.53654282820335e-09	3.53654282820335e-09	3.53654282820335e-09	3.53654282820335e-09	3.53654282820335e-09	3.53654282820335e-09	3.53654282820335e-09	3.53654282820335e-09	3.53654282820335e-09	3.53654282820335e-09	2.35769521880224e-09	1.57179681253482e-09	1.04786454168988e-09	1.04786454168988e-09	1.04786454168988e-09	1.04786454168988e-09	1.04786454168988e-09	1.04786454168988e-09	1.04786454168988e-09	1.04786454168988e-09	1.04786454168988e-09	1.04786454168988e-09
1.359565868897e-07	2.03934880334551e-07	3.05902320501826e-07	3.05902320501826e-07	3.05902320501826e-07	3.05902320501826e-07	3.05902320501826e-07	3.05902320501826e-07	3.05902320501826e-07	3.05902320501826e-07	3.05902320501826e-07	3.05902320501826e-07	3.05902320501826e-07	3.05902320501826e-07	3.05902320501826e-07	3.05902320501826e-07	3.05902320501826e-07	3.05902320501826e-07	3.05902320501826e-07	2.03934880334551e-07	2.03934880334551e-07	2.03934880334551e-07	2.03934880334551e-07	2.03934880334551e-07	2.03934880334551e-07	2.03934880334551e-07	1.359565868897e-07	9.06377245931337e-08	6.04251497287558e-08	4.02834331525039e-08	2.68556221016692e-08	1.79037480677795e-08	1.19358320451863e-08	7.95722136345756e-09	5.30481424230504e-09	5.30481424230502e-09	5.30481424230502e-09	5.30481424230502e-09	5.30481424230502e-09	5.30481424230502e-09	5.30481424230502e-09	5.30481424230502e-09	5.30481424230502e-09	5.30481424230502e-09	5.30481424230502e-09	5.30481424230502e-09	5.30481424230502e-09	5.30481424230502e-09	3.53654282820335e-09	2.35769521880224e-09	1.57179681253482e-09	1.57179681253482e-09	1.57179681253482e-09	1.57179681253482e-09	1.57179681253482e-09	1.57179681253482e-09	1.57179681253482e-09	1.57179681253482e-09	1.57179681253482e-09	1.57179681253482e-09
2.03934880334551e-07	3.05902320501826e-07	1.42883890347118e-08	7.10198116678316e-08	2.84036505004005e-07	9.14044201420128e-07	2.36678402663992e-06	4.93115274442872e-06	8.26678560806314e-06	1.11512432164082e-05	1.21034253397027e-05	1.05704066910174e-05	7.4280273155376e-06	4.20004246394701e-06	1.91087493752416e-06	6.99534666373554e-07	2.06055690360025e-07	4.88380569784993e-08	9.31387780879075e-09	3.05902320501826e-07	3.05902320501826e-07	3.05902320501826e-07	3.05902320501826e-07	3.05902320501826e-07	3.05902320501826e-07	3.05902320501826e-07	2.03934880334551e-07	1.359565868897e-07	9.06377245931337e-08	6.04251497287556e-08	4.02834331525038e-08	2.68556221016692e-08	1.79037480677795e-08	1.19358320451863e-08	7.95722136345756e-09	7.95722136345754e-09	7.95722136345754e-09	7.95722136345754e-09	7.95722136345754e-09	7.95722136345754e-09	7.95722136345754e-09	7.95722136345754e-09	7.95722136345754e-09	7.95722136345754e-09	7.95722136345754e-09	7.95722136345754e-09	7.95722136345754e-09	7.95722136345754e-09	5.30481424230502e-09	3.53654282820335e-09	2.35769521880224e-09	2.35769521880223e-09	2.35769521880223e-09	2.35769521880223e-09	2.35769521880223e-09	2.35769521880223e-09	2.35769521880223e-09	2.35769521880223e-09	2.35769521880223e-09	2.35769521880223e-09
2.03934880334551e-07	3.05902320501826e-07	2.05436785608551e-07	1.02111454189267e-06	4.08384363287927e-06	1.31420205726274e-05	3.40563616540802e-05	7.10416031267478e-05	0.000119459949601647	0.000162413186695985	0.00017980800731241	0.000165074993740073	0.000131145235406511	9.80995821230988e-05	7.71005539429165e-05	6.67447950849335e-05	6.00459419168323e-05	5.14243579960033e-05	3.9344359117731e-05	2.58138844650421e-05	1.4186763974985e-05	6.41373120390789e-06	2.3628636581076e-06	6.98361966889104e-07	1.69184527569328e-07	3.29791228473802e-08	3.05902320501826e-07	2.03934880334551e-07	1.359565868897e-07	9.06377245931335e-08	6.04251497287557e-08	4.02834331525038e-08	2.68556221016692e-08	1.79037480677795e-08	1.19358320451863e-08	1.19358320451863e-08	1.19358320451863e-08	1.19358320451863e-08	1.19358320451863e-08	1.19358320451863e-08	1.19358320451863e-08	1.19358320451863e-08	1.19358320451863e-08	1.19358320451863e-08	1.19358320451863e-08	1.19358320451863e-08	1.19358320451863e-08	1.19358320451863e-08	7.95722136345753e-09	5.30481424230504e-09	3.53654282820336e-09	3.53654282820335e-09	3.53654282820335e-09	3.53654282820335e-09	3.53654282820335e-09	3.53654282820335e-09	3.53654282820335e-09	3.53654282820335e-09	3.53654282820335e-09	3.53654282820335e-09
2.03934880334551e-07	3.05902320501826e-07	1.68372881933431e-06	8.3689003258746e-06	3.34705646701256e-05	0.000107710012677963	0.000279212559402848	0.0005827287847002	0.000981117326516043	0.00133818549972348	0.00149333364761026	0.00139740884605272	0.00115754165884097	0.000932104189702114	0.000800468493738989	0.000739577316393491	0.000686020731743414	0.000593752867354271	0.000455645462881627	0.000299248007642222	0.000164460364737198	7.43513161268444e-05	2.73915474819942e-05	8.09577603431513e-06	1.96127525353939e-06	3.82311186804582e-07	3.05902320501826e-07	2.03934880334551e-07	1.359565868897e-07	9.06377245931335e-08	6.04251497287556e-08	6.04251497287557e-08	4.02834331525038e-08	2.68556221016692e-08	1.79037480677795e-08	1.79037480677795e-08	1.79037480677795e-08	1.79037480677795e-08	1.79037480677795e-08	1.79037480677795e-08	1.79037480677795e-08	1.79037480677795e-08	1.79037480677795e-08	1.79037480677795e-08	1.79037480677795e-08	1.79037480677795e-08	1.79037480677795e-08	1.79037480677795e-08	1.19358320451863e-08	7.95722136345756e-09	5.30481424230504e-09	5.30481424230502e-09	5.30481424230502e-09	5.30481424230502e-09	5.30481424230502e-09	5.30481424230502e-09	5.30481424230502e-09	5.30481424230502e-09	5.30481424230502e-09	5.30481424230502e-09
3.05902320501826e-07	3.05902320501826e-07	7.86620154044692e-06	3.90986101082888e-05	0.000156370909818997	0.0005032096961932	0.00130505774178605	0.00272563550849875	0.00459716698663021	0.006298589788738	0.00710657404511566	0.0068224681322884	0.00595436938923283	0.00520115556737639	0.00485359208052414	0.0047275975278723	0.00448628272146924	0.00391243798652307	0.00300882771988943	0.00197746207349317	0.00108677125847229	0.000491321258622781	0.000181006205209864	5.34977331661752e-05	1.29603116161487e-05	2.5263522325004e-06	3.05902320501826e-07	2.03934880334551e-07	1.359565868897e-07	9.06377245931335e-08	9.06377245931335e-08	9.06377245931335e-08	6.04251497287556e-08	4.02834331525039e-08	2.68556221016693e-08	2.68556221016692e-08	2.68556221016692e-08	2.68556221016692e-08	2.68556221016692e-08	2.68556221016692e-08	2.68556221016692e-08	2.68556221016692e-08	2.68556221016692e-08	2.68556221016692e-08	2.68556221016692e-08	2.68556221016692e-08	2.68556221016692e-08	2.68556221016692e-08	1.79037480677795e-08	1.19358320451863e-08	7.95722136345756e-09	7.95722136345754e-09	7.95722136345754e-09	7.95722136345754e-09	7.95722136345754e-09	7.95722136345754e-09	7.95722136345754e-09	7.95722136345754e-09	7.95722136345754e-09	7.95722136345754e-09
9.23255773162738e-06	1.8143152634606e-05	4.96368009944068e-05	0.00014062427996278	0.000453801512074035	0.00137089079820356	0.00349821968509696	0.00728160545200926	0.0122983292279057	0.0169515811143187	0.0194153885272084	0.0192763582616737	0.0179156755643697	0.0170398245714956	0.017121560918677	0.0173829979813152	0.01677385508651	0.0147078090900769	0.0113280796550369	0.00744876113035299	0.00409368129796454	0.0018507230772222	0.000681819390517168	0.00020151680313457	4.88192753214715e-05	9.5163364007216e-06	3.05902320501826e-07	2.03934880334551e-07	1.359565868897e-07	1.359565868897e-07	1.359565868897e-07	1.359565868897e-07	9.06377245931337e-08	6.04251497287558e-08	4.02834331525039e-08	4.02834331525038e-08	4.02834331525038e-08	4.02834331525038e-08	4.02834331525038e-08	4.02834331525038e-08	4.02834331525038e-08	4.02834331525038e-08	4.02834331525038e-08	4.02834331525038e-08	4.02834331525038e-08	4.02834331525038e-08	4.02834331525038e-08	4.02834331525038e-08	2.68556221016692e-08	1.79037480677795e-08	1.19358320451863e-08	1.19358320451863e-08	1.19358320451863e-08	1.19358320451863e-08	1.19358320451863e-08	1.19358320451863e-08	1.19358320451863e-08	1.19358320451863e-08	1.19358320451863e-08	1.19358320451863e-08
0.000105952329637566	0.000208598162484725	0.000363235675772192	0.000585034215060717	0.00108334566407921	0.00243616246103027	0.00560273064580903	0.0113051136650099	0.0189562968364692	0.0262466405552233	0.0306194916449926	0.0317072891234133	0.031679190367978	0.0327947355165893	0.035111179167628	0.0368094231108245	0.0359517041896681	0.0316325653741004	0.0243757336221528	0.016024521405327	0.00880232738970982	0.00397790905800673	0.00146506270996807	0.000432921097631182	0.000104825321373446	2.04335892930537e-05	3.05902320501826e-07	3.05902320501826e-07	2.03934880334551e-07	2.03934880334551e-07	2.03934880334551e-07	2.03934880334551e-07	1.359565868897e-07	9.06377245931337e-08	6.04251497287558e-08	6.04251497287557e-08	6.04251497287557e-08	6.04251497287557e-08	6.04251497287557e-08	6.04251497287557e-08	6.04251497287557e-08	6.04251497287557e-08	6.04251497287557e-08	6.04251497287557e-08	6.04251497287557e-08	6.04251497287557e-08	6.04251497287557e-08	6.04251497287557e-08	4.02834331525038e-08	2.68556221016692e-08	1.79037480677795e-08	1.79037480677795e-08	1.79037480677795e-08	1.79037480677795e-08	1.79037480677795e-08	1.79037480677795e-08	1.79037480677795e-08	1.79037480677795e-08	1.79037480677795e-08	1.79037480677795e-08
0.000692570983651694	0.00136439332259766	0.00219890443037773	0.00294573324237035	0.00354596122361248	0.00449488403801168	0.00684664046259918	0.01144676878175	0.0178763354166859	0.0242221676972881	0.0285360957814597	0.0309012561778182	0.0333718790813686	0.0375104245224629	0.0424662564310172	0.0457283315685341	0.0450801214098883	0.0397169459280235	0.0305653967621544	0.0200711272804513	0.0110291801897032	0.00499880406412507	0.00185272267809013	0.000553709722399353	0.000136102573583323	2.7238507102955e-05	5.13095199441258e-07	9.708452086337e-08	3.05902320501826e-07	3.05902320501826e-07	3.05902320501826e-07	3.05902320501826e-07	2.03934880334551e-07	1.359565868897e-07	9.06377245931337e-08	9.06377245931335e-08	9.06377245931335e-08	9.06377245931335e-08	9.06377245931335e-08	9.06377245931335e-08	9.06377245931335e-08	9.06377245931335e-08	9.06377245931335e-08	9.06377245931335e-08	9.06377245931335e-08	9.06377245931335e-08	9.06377245931335e-08	9.06377245931335e-08	6.04251497287556e-08	4.02834331525039e-08	2.68556221016693e-08	2.68556221016692e-08	2.68556221016692e-08	2.68556221016692e-08	2.68556221016692e-08	2.68556221016692e-08	2.68556221016692e-08	2.68556221016692e-08	2.68556221016692e-08	2.68556221016692e-08
0.00268197777879606	0.0051984565743808	0.0082391549247408	0.010726917454807	0.0117807905589139	0.0116632909254145	0.0116904018132109	0.012946070348775	0.0152261378443425	0.0173828591554729	0.0187412930259977	0.0201390746707404	0.0232258995459421	0.0285872093078102	0.0346897114771711	0.0387935207560968	0.0387583224160124	0.0341241681855473	0.0261758673450853	0.0172758086840336	0.00970997271543542	0.00462228774809297	0.00186783251889417	0.000644992567541306	0.000196763985864441	5.59730487524494e-05	1.26565486295064e-05	3.86718324149646e-06	9.18226421778646e-07	2.31388444557189e-07	4.82700783103074e-08	8.40844848659671e-09	3.05902320501826e-07	2.03934880334551e-07	1.359565868897e-07	1.359565868897e-07	1.359565868897e-07	1.359565868897e-07	1.359565868897e-07	1.359565868897e-07	1.359565868897e-07	1.359565868897e-07	1.359565868897e-07	1.359565868897e-07	1.359565868897e-07	1.359565868897e-07	1.359565868897e-07	1.359565868897e-07	9.06377245931337e-08	6.04251497287558e-08	4.02834331525039e-08	4.02834331525038e-08	4.02834331525038e-08	4.02834331525038e-08	4.02834331525038e-08	4.02834331525038e-08	4.02834331525038e-08	4.02834331525038e-08	4.02834331525038e-08	4.02834331525038e-08
0.00660908596409366	0.0120339562710206	0.0185080608772394	0.0238016187852037	0.0259831399022202	0.0252724703698968	0.0236861386759144	0.0226347650793272	0.0215720992362286	0.0193870037040962	0.0165266623434812	0.015290022215051	0.0180922468550214	0.0253827058526094	0.0347553965554117	0.0420390492718907	0.0438767647860063	0.0397296820679534	0.0316769275243804	0.0225580962407478	0.0144614902941067	0.00834537197238494	0.00432696744305359	0.00202524668388836	0.000867159317152441	0.000351037462241319	0.000132428147221746	4.69466369083686e-05	1.39718172955181e-05	3.88547813889787e-06	9.2090647684757e-07	1.87775111828157e-07	1.71760886937773e-08	3.05902320501826e-07	2.03934880334551e-07	2.03934880334551e-07	2.03934880334551e-07	2.03934880334551e-07	2.03934880334551e-07	2.03934880334551e-07	2.03934880334551e-07	2.03934880334551e-07	2.03934880334551e-07	2.03934880334551e-07	2.03934880334551e-07	2.03934880334551e-07	2.03934880334551e-07	2.03934880334551e-07	1.359565868897e-07	9.06377245931337e-08	6.04251497287558e-08	6.04251497287557e-08	6.04251497287557e-08	6.04251497287557e-08	6.04251497287557e-08	6.04251497287557e-08	6.04251497287557e-08	6.04251497287557e-08	6.04251497287557e-08	6.04251497287557e-08
0.0138078863476144	0.020779613747572	0.028539505965071	0.0347004995154536	0.0371587825669616	0.0363283702025502	0.0346083768325952	0.0332882199198445	0.0311065547303229	0.0266486600037952	0.0213472891063261	0.0194482682736759	0.0251529618085882	0.0394314184425222	0.0584004291671766	0.0747709890984849	0.0822556700871566	0.079336863527907	0.068869714154712	0.0547648863296257	0.0399638664886814	0.0265351117519734	0.0159515658824879	0.00874083122481079	0.0044186899732536	0.00208512371305508	0.000905083670405448	0.000354440620576792	0.000119015051031803	3.54111650121958e-05	9.03125401376997e-06	1.98127592188843e-06	2.56205869920709e-07	3.05902320501826e-07	3.05902320501826e-07	3.05902320501826e-07	3.05902320501826e-07	3.05902320501826e-07	3.05902320501826e-07	3.05902320501826e-07	3.05902320501826e-07	3.05902320501826e-07	3.05902320501826e-07	3.05902320501826e-07	3.05902320501826e-07	3.05902320501826e-07	3.05902320501826e-07	3.05902320501826e-07	2.03934880334551e-07	1.359565868897e-07	9.06377245931337e-08	9.06377245931335e-08	9.06377245931335e-08	9.06377245931335e-08	9.06377245931335e-08	9.06377245931335e-08	9.06377245931335e-08	9.06377245931335e-08	9.06377245931335e-08	9.06377245931335e-08
0.0309433370916124	0.0373154430947006	0.0423089693826011	0.0450619517334166	0.0444671038928451	0.0410728345899286	0.0371273279447681	0.0340086113584383	0.0307491720928893	0.0262372532323184	0.022274212237069	0.02378497627134	0.0359196910427773	0.0600869398800022	0.0913836409049318	0.120181578651649	0.137830264971025	0.141398527753312	0.132945903654946	0.115748167426133	0.0928930921540332	0.0681416298244314	0.045640180425046	0.0281311942520075	0.0160790918430997	0.00852393394671074	0.00412964829565837	0.00179516260942244	0.0006807040872	0.000225493834861599	6.42567178240781e-05	1.57103455897113e-05	2.89376448366406e-06	5.99205262646721e-07	1.43183896646474e-06	3.33575091709444e-06	6.34689644860809e-06	9.71689713664675e-06	1.19699460168623e-05	1.18646565809337e-05	9.46273213533079e-06	6.07262292568286e-06	3.13569979070476e-06	1.30283984776429e-06	4.35557988197934e-07	1.17165385865729e-07	2.53601060330461e-08	4.41673351609318e-09	3.05902320501826e-07	2.03934880334551e-07	1.359565868897e-07	1.359565868897e-07	1.359565868897e-07	1.359565868897e-07	1.359565868897e-07	1.359565868897e-07	1.359565868897e-07	1.359565868897e-07	1.359565868897e-07	1.359565868897e-07
0.058493707679023	0.0656700161713488	0.0685008636064761	0.0676067166125634	0.062450807592099	0.0533317253237751	0.0427977014260256	0.0337870455179474	0.0272573420370992	0.0229162101728549	0.0219317909572834	0.0280812986057614	0.046022080819896	0.0773349879814683	0.117475327280046	0.157140598957123	0.187510819282211	0.204092972554279	0.205753092494919	0.192419524332223	0.165756043768364	0.130861333531118	0.0949965119156521	0.0640389156257934	0.0404118765307597	0.0238455040741223	0.0129784272336751	0.0063951770317338	0.00280215234841044	0.00109464576921842	0.000394411295435137	0.000147515486621707	6.89444382930242e-05	4.50093097533878e-05	4.46085922123694e-05	6.12688348727029e-05	9.72016461213575e-05	0.000141718917733276	0.000172452489681551	0.000170423577043962	0.000135822178250472	8.71417343744913e-05	4.49970830700007e-05	1.86956650093027e-05	6.25022811011507e-06	1.68131548063278e-06	3.63915831871306e-07	6.33798316761164e-08	3.05902320501826e-07	2.03934880334551e-07	2.03934880334551e-07	2.03934880334551e-07	2.03934880334551e-07	2.03934880334551e-07	2.03934880334551e-07	2.03934880334551e-07	2.03934880334551e-07	2.03934880334551e-07	2.03934880334551e-07	2.03934880334551e-07
0.0733719596055071	0.0850272387317595	0.0922164330549763	0.0944934059169375	0.0897959354226081	0.07766064272854	0.0617765952421625	0.0477811451252152	0.0391008607779702	0.0359715432801803	0.0383357793040877	0.0484215240689543	0.0704231010510837	0.106630199509528	0.154119890336502	0.20544113337475	0.251844882449838	0.285252414750076	0.29850048159594	0.287186137613733	0.253134366851821	0.205143458802739	0.154795397266216	0.110755082741457	0.0761502976406818	0.0501733900081233	0.0310506489252024	0.0176165451492332	0.00905898612483084	0.00430378802553392	0.00203603218300353	0.00109321746563945	0.000712663633349015	0.000531457228475432	0.000471919439712851	0.000559185056009229	0.000820829904643105	0.00116855391449252	0.00141336875594844	0.00139469851453113	0.00111112889044828	0.000712812116821028	0.000368072385340174	0.000152928979969429	5.11263444750715e-05	1.37530203569673e-05	2.97680114267734e-06	5.18441735238606e-07	3.05902320501826e-07	3.05902320501826e-07	3.05902320501826e-07	3.05902320501826e-07	3.05902320501826e-07	3.05902320501826e-07	3.05902320501826e-07	3.05902320501826e-07	3.05902320501826e-07	3.05902320501826e-07	3.05902320501826e-07	3.05902320501826e-07
0.0590316888063517	0.074494888227465	0.0890923669083411	0.099486387155256	0.10115265103334	0.0930271108940651	0.0802318151972165	0.0707935405650959	0.0696952735864813	0.0764673869157272	0.088693764997551	0.106538338997604	0.134094378795896	0.17554709175992	0.231008491787165	0.295595480351736	0.360067384449574	0.411190984305724	0.434430592682729	0.421009332611976	0.374089967250537	0.307591322063784	0.238304478573687	0.178026860239097	0.130471934478552	0.0936561390862874	0.0645333813570745	0.0417475254400689	0.0252891087679111	0.0148217207825601	0.00907111868007516	0.00622214661320916	0.00468559855491615	0.00360253729339557	0.00293149094580646	0.0030016589303242	0.00400178124521387	0.00551165921365361	0.00660863447707501	0.00650757871951808	0.00518175037678626	0.00332370857135976	0.00171625216963467	0.000713079014145486	0.000238392509532428	6.41277421691398e-05	1.38802627504077e-05	2.41739611112114e-06	5.86878966703529e-08	3.16743344244447e-07	1.37551345992709e-06	4.80640746062902e-06	1.35137138833188e-05	3.05722391476817e-05	5.5651666070559e-05	8.15131144341158e-05	9.60672142252303e-05	9.11006134280171e-05	6.95129627844181e-05	4.26784552244915e-05
0.0341872691985837	0.0479404326621009	0.0645455215412155	0.0791738462152646	0.0866979604638779	0.0867113237551652	0.0857207006273725	0.0930642757216606	0.113825088945776	0.145198312289461	0.180236161048752	0.214631156843609	0.250711535935784	0.294794559166464	0.351855990549467	0.421782033661604	0.497274876933163	0.563357771135099	0.601819455698498	0.600051558894029	0.557269511421284	0.483649254925208	0.394897931862224	0.306874857345834	0.230715006388028	0.170211140685467	0.123497299520468	0.0873915970570176	0.0603219165733138	0.0417747266771395	0.0305433929886806	0.0240046020041313	0.0192539556650142	0.0147714497899154	0.0110980397465582	0.00972289333972486	0.0113925858252423	0.0149172150944576	0.017642177565475	0.0173147764644203	0.0137757463866584	0.0088342521351835	0.00456171293860025	0.00189532856687616	0.000633635437985169	0.000170448350395068	3.68930482944032e-05	6.42531867573436e-06	5.50480906182807e-07	2.97099015400798e-06	1.29020452060233e-05	4.50831548670486e-05	0.000126755973317109	0.000286761578875171	0.000522001661452967	0.000764576951045213	0.000901091539167008	0.000854505802369266	0.000652017893228548	0.000400315500117908
0.021002168512115	0.031758295290333	0.0471891506158347	0.0626227578850119	0.0741575719761037	0.0832391637266477	0.0977502603217464	0.12726210587221	0.175760223882793	0.237911559507757	0.302655220625646	0.36074108109962	0.410469317579867	0.457666377802069	0.511280823435803	0.577102147056603	0.652376375877147	0.724933700520636	0.779402670481391	0.803723859768661	0.789561085196606	0.731579900272171	0.632472779719873	0.509113381223835	0.387025471180056	0.285762275835901	0.210172887791014	0.155167702875715	0.115265761655209	0.0880041441942431	0.0710853390166046	0.0598778775317451	0.0492695587173314	0.0372365687978035	0.0260392201144129	0.019472546415386	0.019262434750364	0.0232914112634881	0.0269233589880109	0.0262781484413418	0.0208781620057017	0.0133849154661005	0.00691152359356031	0.00287164235975204	0.0009600310975934	0.000258248997930245	5.5897242364262e-05	9.73510219104415e-06	2.94330293838283e-06	1.58852449775873e-05	6.89844591147826e-05	0.000241049926893716	0.000677736910638509	0.001533252449338	0.00279103054572617	0.0040880284154376	0.00481794253932107	0.00456885863020908	0.00348619935671386	0.00214040082870004
0.0195291619530183	0.0312675248553754	0.0480471517687455	0.065916357711852	0.0829933977331085	0.102932745993625	0.133917712620418	0.183373672436558	0.252527128723295	0.335070997488641	0.420565024284136	0.499766943413722	0.568795062997572	0.631036424744404	0.695613872276791	0.769891806791729	0.850920138678503	0.925848119214384	0.983224856921964	1.01795651751431	1.02175371660546	0.977281047651842	0.872323599529999	0.720008052390099	0.55598197139033	0.413883171731349	0.306224221010765	0.228344403611932	0.172793727134334	0.135730312975212	0.113052352945256	0.0969757256193026	0.0796430624812663	0.0587534058965783	0.0385507573208517	0.0248403134719735	0.0199241603036958	0.0212161328909576	0.0235524252105313	0.0227621547172415	0.0180395135759763	0.0115600700228102	0.00596923431516738	0.00248013421102858	0.000829144325966241	0.000223040370105822	4.82764375650639e-05	8.40785758361382e-06	8.97070670447694e-06	4.84156325753534e-05	0.000210253365977242	0.000734680812871828	0.0020656314268068	0.00467310308006871	0.00850660531827632	0.0124596430208464	0.0146843020729016	0.013925134994206	0.0106253663306568	0.00652359219090008
0.0217448798063416	0.0364507337557647	0.056027386998093	0.0779234516277631	0.102605780788647	0.135066383823445	0.181809490756956	0.24650958311527	0.32780597045857	0.420003122859483	0.515132243689624	0.606296565865737	0.691396010304867	0.775727581591145	0.869589505326809	0.97705960965152	1.08551942275422	1.17140891936228	1.22056650928527	1.23546461774942	1.21817670852047	1.15621554183198	1.03562893243477	0.865624940825768	0.679996752853936	0.513874462880726	0.382718627552055	0.284111057256666	0.211384589552419	0.160881505481069	0.128400724057068	0.105486061851573	0.0833895194004905	0.0591899569723555	0.0366440317839565	0.0207908386312523	0.0132138844558353	0.0115495632022778	0.011887251467661	0.0112691141430824	0.00888662890179691	0.00569120574552873	0.00293874868957147	0.00122100939212624	0.000408200896923676	0.000109806310284142	2.37672555877097e-05	4.13932158655022e-06	1.55853780377983e-05	8.41155509241475e-05	0.000365286515368906	0.00127640759896987	0.00358875256254604	0.00811887853563672	0.0147790652477264	0.0216469285077612	0.0255119698555276	0.0241930207130462	0.0184601232108876	0.0113338506997297
0.0292662790433767	0.0479659208522691	0.0719948600746466	0.0996988108933644	0.132370790083978	0.174177479405493	0.229353412769026	0.30066286655263	0.38887997824071	0.490556139731804	0.596036042840736	0.694258017990756	0.782841538288091	0.873407160392525	0.983378299507662	1.11649956717049	1.25056472684475	1.3496078845852	1.39203429098184	1.38205691923271	1.33230862682347	1.24416035587145	1.11134926036112	0.938791464141674	0.749691586270167	0.573461260799392	0.427932668975473	0.314785648215556	0.228015983639516	0.163225447898087	0.117670704188732	0.086176178593484	0.0619763826587499	0.0410629377427382	0.0238649556273912	0.0121904045544619	0.00616027989321305	0.00401288086452617	0.00353458582692862	0.00320405170290036	0.00249617810572298	0.00159716918090366	0.000824717593770147	0.000342658741599282	0.000114555716410987	3.08155632088164e-05	6.66993877645056e-06	1.16164112665187e-06	1.54350135000505e-05	8.33040213031508e-05	0.000361762305824825	0.00126409307967292	0.00355412901226388	0.00804054925706034	0.0146364798507647	0.0214380833715807	0.025265835591408	0.0239596114003292	0.018282023720029	0.011224504027661
0.0467409008572304	0.0717589311637943	0.102644971712027	0.136779600648764	0.173774753037753	0.214915355030364	0.262422681336163	0.321282245323685	0.398898725756695	0.497413706956829	0.606229867254672	0.707887655881553	0.795237804996985	0.881149049790667	0.986985086863801	1.1183009008939	1.25174633784468	1.34883727161801	1.38476033322867	1.36278779306704	1.3018932541041	1.21499115216944	1.10082139391575	0.95483499640086	0.784422489232101	0.611538535578568	0.458659763900196	0.335161628008778	0.238186920856656	0.163124796166806	0.108050555060049	0.0704289875770692	0.0452099418527514	0.0274975738392955	0.0149846472584663	0.0070616177222795	0.00293506290081564	0.00125164115721503	0.000723363776331092	0.000546037654081728	0.000400822202251121	0.000255704215097757	0.00013193106250017	5.48155298197312e-05	1.8325615332734e-05	4.92960260141287e-06	1.06699810484879e-06	1.85829124103529e-07	8.71356100030139e-06	4.70277963276828e-05	0.000204226443948622	0.000713621154899072	0.00200642001065959	0.00453914837373443	0.00826276310084879	0.0121024868029564	0.0142633759049578	0.0135259703841271	0.0103207897351634	0.00633659313241498
0.0648102642558914	0.0950319401730428	0.129447299811486	0.163385529091243	0.194133301786984	0.220631251733777	0.244255378192266	0.272127367391432	0.316890293591311	0.387604405859403	0.480260143564228	0.581015684928459	0.680802238312926	0.784020229742049	0.899916057159583	1.02609037893273	1.14150878736341	1.21705274131817	1.23542626000934	1.20319185959336	1.1440245741295	1.07815790731401	1.00579720215896	0.911378198496313	0.784789844334759	0.636516797947283	0.48952588186313	0.360917749186423	0.255409388569052	0.172487448619661	0.11170327449487	0.0708496017708969	0.0444800123488863	0.0268698405562357	0.0147862774364415	0.00708346933447508	0.00289670614156939	0.00101683029353325	0.000329747745264588	0.000114773714425809	4.49516153952891e-05	2.5008551830048e-05	1.20306155864359e-05	4.99855420649821e-06	1.67108813705442e-06	4.49523810144533e-07	9.72981175746614e-08	1.69455071041422e-08	2.80403433735028e-06	1.51336010281189e-05	6.57203135901695e-05	0.000229644139993666	0.000645668355892796	0.00146070336821407	0.00265896703487466	0.00389459470836832	0.00458997140235237	0.00435267342499391	0.00332124246389845	0.00203912323842055
0.06737741444856	0.0971153397169011	0.127178438603499	0.15145792558689	0.166481340461702	0.171857664539407	0.170804765847784	0.171660191999249	0.187057177959404	0.228079304963958	0.298560181156111	0.395765888684771	0.515188558901046	0.650862142110204	0.790570705460997	0.915244347547723	1.00547165842683	1.04870963712666	1.04383985504238	1.00360627479494	0.951337198654475	0.907070174608368	0.870928402383495	0.823010569550724	0.743586688545492	0.632503595673191	0.506677117952134	0.383893775093944	0.274298948636368	0.183819610081871	0.11677411374544	0.0729196418074238	0.0463401864843854	0.0296217469446465	0.0180127562820917	0.00985972001534525	0.00470177016219158	0.00191438333009732	0.000660200856834962	0.000189680370678821	4.0010965627454e-05	8.11482765758105e-06	3.05902320501826e-07	3.05902320501826e-07	3.05902320501826e-07	3.05902320501826e-07	3.05902320501826e-07	3.05902320501826e-07	5.14363293828473e-07	2.77606046710006e-06	1.20555288925683e-05	4.21252032053106e-05	0.000118439384936942	0.000267946859912892	0.000487752601322232	0.000714412279350425	0.000841970006445587	0.000798440807238893	0.00060923833584296	0.000374050392844799
0.0512518202496923	0.0737163919230524	0.0936305051159982	0.105603067992537	0.10737185988149	0.100584960222604	0.0904204256203525	0.0847312584996564	0.0924607577219514	0.121296892620372	0.176938889953447	0.263871888542853	0.383128512310146	0.524963854284752	0.665234070852764	0.775582944372696	0.839954971654441	0.859762877647686	0.846295156059476	0.813866828113869	0.778391703635236	0.752360822116514	0.7345230053053	0.708691977401596	0.658075089792081	0.579782380786383	0.483129512536579	0.378913732257716	0.275760541480885	0.183765411157557	0.113529186031724	0.0691774040256842	0.0454555740360238	0.0326765440578989	0.0234420877149004	0.0151847253286036	0.00839257050572763	0.00385566921830223	0.00145440049502246	0.000446256119696745	0.00010819198392331	2.19518861535236e-05	3.05902320501826e-07	2.03934880334551e-07	2.03934880334551e-07	2.03934880334551e-07	2.03934880334551e-07	3.05902320501826e-07	5.37843097521162e-08	2.90278287437253e-07	1.26058431455589e-06	4.40481466066824e-06	1.23845940072522e-05	2.80178175300893e-05	5.10017672463687e-05	7.47023976716972e-05	8.80404495655205e-05	8.34888263033537e-05	6.37049022762667e-05	3.91125152845262e-05
0.027495913220584	0.0393670817887559	0.0486365519224381	0.0523689544251507	0.0499978560690776	0.0437303543686949	0.0379276343048783	0.0378129241156002	0.0481204158963454	0.0723375487277869	0.114101307847595	0.178693417590159	0.269608241841694	0.380169144017025	0.490180986755629	0.576406226463233	0.627787161741919	0.648636223397262	0.64909670021421	0.637640500708623	0.621669329636765	0.607365907794804	0.594022701720477	0.572673503273532	0.534658256272982	0.479227699808169	0.41040311971123	0.331116807590857	0.245445926120366	0.16390127493473	0.100180847472347	0.0613083322117866	0.0430643750986016	0.0348858755543098	0.028053417918083	0.0197774062440921	0.01157779591519	0.0055298909751325	0.00213850725125454	0.000667126509432066	0.000166834788461151	3.38503662650494e-05	3.05902320501826e-07	2.03934880334551e-07	1.359565868897e-07	1.359565868897e-07	1.359565868897e-07	2.03934880334551e-07	3.05902320501826e-07	3.05902320501826e-07	3.05902320501826e-07	3.05902320501826e-07	3.05902320501826e-07	3.05902320501826e-07	3.05902320501826e-07	3.05902320501826e-07	3.05902320501826e-07	3.05902320501826e-07	3.05902320501826e-07	3.05902320501826e-07
0.00974033599745576	0.013774117728082	0.0165689518239467	0.0172333665788031	0.0159993111004702	0.0142949645893559	0.0143478951868381	0.018375973460721	0.0278830661826752	0.0436012561767976	0.0671457622357084	0.102482800540144	0.153737123944726	0.219635758735842	0.290709747069237	0.35480428844412	0.405162204253144	0.441970720294047	0.466815430121996	0.479489839237646	0.48062944530144	0.473264671252619	0.459043746737928	0.436058945082474	0.40295719497105	0.361934849975294	0.314867047659198	0.260055061135908	0.197190358460417	0.133745530843478	0.0820835123803925	0.0498616579025497	0.0348558098781866	0.0285620257248467	0.0234055526518905	0.0167785949662159	0.00993866246555218	0.00478650599216796	0.00186074423386631	0.000582573252826742	0.000146648334483218	2.9754584641514e-05	3.05902320501826e-07	2.03934880334551e-07	1.359565868897e-07	9.06377245931335e-08	9.06377245931337e-08	1.359565868897e-07	2.03934880334551e-07	2.03934880334551e-07	2.03934880334551e-07	2.03934880334551e-07	2.03934880334551e-07	2.03934880334551e-07	2.03934880334551e-07	2.03934880334551e-07	2.03934880334551e-07	2.03934880334551e-07	2.03934880334551e-07	2.03934880334551e-07
0.00214530584187519	0.00300346259922006	0.00360898106817088	0.00398364136163637	0.00466078120073761	0.00665107789193427	0.0109426752062706	0.0176029015214132	0.0253715882625681	0.0326711390475753	0.0399761254391897	0.0510644009672072	0.0710924318447887	0.102688423323584	0.143592080587472	0.188939121957637	0.23489544122013	0.279482183585869	0.319611246640097	0.3497314424391	0.364812963238551	0.36368357257689	0.348476511363359	0.322926615419961	0.29246951141689	0.262925606653033	0.235549395867834	0.20487762988857	0.165074528594928	0.118353524557768	0.0746402377582691	0.0430956420124713	0.0254738263037962	0.0171703303497732	0.012532566559068	0.00857779425161293	0.00500081189201603	0.00239585529226434	0.000930361344586992	0.000291504232331634	7.34795764712409e-05	1.49088244693726e-05	3.05902320501826e-07	2.03934880334551e-07	1.359565868897e-07	9.06377245931335e-08	6.04251497287556e-08	9.06377245931337e-08	1.359565868897e-07	1.359565868897e-07	1.359565868897e-07	1.359565868897e-07	1.359565868897e-07	1.359565868897e-07	1.359565868897e-07	1.359565868897e-07	1.359565868897e-07	1.359565868897e-07	1.359565868897e-07	1.359565868897e-07
0.000284685927957464	0.000445829094471108	0.000747890190721643	0.00162249528449919	0.00406691983397396	0.00952792387710966	0.0188547940929741	0.0305993110366087	0.0405493583382422	0.0443588117481471	0.0417363916525129	0.0377947064240072	0.0397870210609892	0.0523849176479687	0.0754911235195938	0.106163554545926	0.141435567635842	0.179201783308504	0.216381531589807	0.247526363082173	0.266197889512235	0.268267259206209	0.254298096305072	0.230081553020484	0.204962034641948	0.18731219019464	0.178181532583193	0.169219744207614	0.149540787924972	0.116257492673115	0.0772545407674501	0.0437920123643415	0.0218684992072259	0.0104502596338149	0.00530334280629107	0.00288718955688392	0.00151694035986307	0.000694407748470381	0.000265580883193651	8.32294031242192e-05	2.09872310316218e-05	4.25825730869697e-06	3.05902320501826e-07	2.03934880334551e-07	1.359565868897e-07	9.06377245931335e-08	6.04251497287557e-08	6.04251497287556e-08	9.06377245931335e-08	9.06377245931335e-08	9.06377245931335e-08	9.06377245931335e-08	9.06377245931335e-08	9.06377245931335e-08	9.06377245931335e-08	9.06377245931335e-08	9.06377245931335e-08	9.06377245931335e-08	9.06377245931335e-08	9.06377245931335e-08
3.05566522164045e-05	0.000117065604405806	0.000459482401527822	0.00166740812088782	0.00505119555220137	0.0124410706052005	0.0247646848928505	0.0398274855490522	0.0518233608862789	0.0549186300152802	0.0484745954319925	0.0383181323711889	0.0324891398334512	0.0359940182669178	0.0491811198613718	0.0697048481034154	0.094686667976534	0.121381889175063	0.146826836841945	0.167655973773045	0.180217106565513	0.181573977951407	0.171477225862918	0.154139126752113	0.137399924056979	0.128619552962	0.12892033563979	0.130796513383268	0.123189351231368	0.101104347701943	0.0699561109379529	0.0402561833970938	0.0192596305732839	0.00778401705850649	0.00278610383109693	0.000965745289606521	0.000350351135564323	0.000125045736604828	4.32398620014131e-05	1.3550779191163e-05	3.41698153378532e-06	6.93297108513296e-07	3.05902320501826e-07	2.03934880334551e-07	1.359565868897e-07	9.06377245931335e-08	6.04251497287557e-08	4.02834331525038e-08	6.04251497287557e-08	6.04251497287557e-08	6.04251497287557e-08	6.04251497287557e-08	6.04251497287557e-08	6.04251497287557e-08	6.04251497287557e-08	6.04251497287557e-08	6.04251497287557e-08	6.04251497287557e-08	6.04251497287557e-08	6.04251497287557e-08
9.37399036845369e-06	7.33582328738029e-05	0.000343565490072654	0.00129727992814653	0.00394980093446764	0.00970515928698516	0.019241437158942	0.0308432497441043	0.040130261480023	0.0428734130892622	0.0387993516296343	0.0320923980917873	0.0279049679607453	0.028889680597558	0.0351031863426739	0.0457525935107352	0.0598355937070267	0.0755356383689116	0.0902468941687124	0.10161434672637	0.108052688470005	0.108819555077432	0.104542907695367	0.0978595417173793	0.0927238571785004	0.0923147708150987	0.0962392949638786	0.0992621276704475	0.0941045737646791	0.0775687894696049	0.0538315752237058	0.0309272749186801	0.0145978031284713	0.00564827734665276	0.00179844484269937	0.000482428307052285	0.000113736128061968	1.92624114776585e-05	4.01301494550282e-06	1.25762379666171e-06	3.17123999219505e-07	6.43436757047657e-08	3.05902320501826e-07	2.03934880334551e-07	1.359565868897e-07	9.06377245931335e-08	6.04251497287557e-08	4.02834331525038e-08	4.02834331525038e-08	4.02834331525038e-08	4.02834331525038e-08	4.02834331525038e-08	4.02834331525038e-08	4.02834331525038e-08	4.02834331525038e-08	4.02834331525038e-08	4.02834331525038e-08	4.02834331525038e-08	4.02834331525038e-08	4.02834331525038e-08
4.51816387233921e-06	3.3545478376307e-05	0.000156479404952617	0.00058841318255919	0.0017838056411609	0.00437601110610304	0.00867750015600312	0.0140194668665207	0.0187517038878898	0.0215611721844775	0.0228799417831608	0.0243700418164498	0.0268049672852267	0.029141612280704	0.0302575705890387	0.0308434763203188	0.0328003599008044	0.0370667255980275	0.0426889027191462	0.0479253804642073	0.0516291509250202	0.0540132822532417	0.0566621875183487	0.0615548847428624	0.0694666018649033	0.0791796030448873	0.087581810211706	0.0902664784866039	0.0833187414938079	0.0665300086070677	0.0447917401830936	0.0249939140826908	0.0114434299959932	0.00427329831054985	0.0012918888906413	0.000319315408955373	6.39194542201238e-05	3.26201159359225e-06	3.05902320501826e-07	3.05902320501826e-07	3.05902320501826e-07	3.05902320501826e-07	2.03934880334551e-07	1.359565868897e-07	9.06377245931337e-08	6.04251497287556e-08	4.02834331525038e-08	2.68556221016692e-08	2.68556221016692e-08	2.68556221016692e-08	2.68556221016692e-08	2.68556221016692e-08	2.68556221016692e-08	2.68556221016692e-08	2.68556221016692e-08	2.68556221016692e-08	2.68556221016692e-08	2.68556221016692e-08	2.68556221016692e-08	2.68556221016692e-08
1.2413619910883e-06	8.81077758018012e-06	4.0953794057645e-05	0.000153424336806845	0.000463291478385525	0.00114722416791074	0.00231616777964845	0.00394078748308362	0.0059723287188297	0.00874868012170368	0.013042260806786	0.0190833811151279	0.0253050421307088	0.0287417821368798	0.0275173063698042	0.0227827623328099	0.0177253115049499	0.014872830714189	0.0146141255561939	0.0160330165769482	0.0184818235492091	0.0226029000596108	0.0300738362717411	0.0419448023796494	0.0568188456867439	0.070979727744628	0.0801690007970311	0.0811462176131117	0.072579387940667	0.0561668947597262	0.0367949610800012	0.020046412134923	0.00897470352170542	0.00327702490222517	0.000964753503149876	0.00023261155529546	4.53061464028958e-05	6.77048585876681e-07	3.05902320501826e-07	2.03934880334551e-07	2.03934880334551e-07	2.03934880334551e-07	1.359565868897e-07	9.06377245931337e-08	6.04251497287558e-08	4.02834331525039e-08	2.68556221016692e-08	1.79037480677795e-08	1.79037480677795e-08	1.79037480677795e-08	1.79037480677795e-08	1.79037480677795e-08	1.79037480677795e-08	1.79037480677795e-08	1.79037480677795e-08	1.79037480677795e-08	1.79037480677795e-08	1.79037480677795e-08	1.79037480677795e-08	1.79037480677795e-08
4.73475004412739e-07	2.35766027580743e-06	9.22157495493141e-06	3.03384212803867e-05	8.3431663442763e-05	0.000203798442920079	0.000428828314674989	0.000853774762151229	0.00173158836495556	0.00357762788170965	0.00696193279269732	0.0117862401426524	0.0166033744604608	0.019104580325565	0.017884081602661	0.0137374987183998	0.00896149966698298	0.00551786301803336	0.0039799223478101	0.00408815194571876	0.00582098685809926	0.0100222629074657	0.0179321440017025	0.0296280872650746	0.0426938357533387	0.0530347911791518	0.05733674356571	0.0546653537644352	0.0461275952847681	0.0340783205360291	0.0216082822469654	0.0115206641943849	0.00508310848319961	0.00183634490570965	0.000533755859142899	0.000127815457349572	2.46956658971091e-05	8.01038075779406e-08	3.05902320501826e-07	2.03934880334551e-07	1.359565868897e-07	1.359565868897e-07	9.06377245931337e-08	6.04251497287558e-08	4.02834331525039e-08	2.68556221016693e-08	1.79037480677795e-08	1.19358320451863e-08	1.19358320451863e-08	1.19358320451863e-08	1.19358320451863e-08	1.19358320451863e-08	1.19358320451863e-08	1.19358320451863e-08	1.19358320451863e-08	1.19358320451863e-08	1.19358320451863e-08	1.19358320451863e-08	1.19358320451863e-08	1.19358320451863e-08
3.42777020644719e-06	1.26970951225706e-05	3.80360790875963e-05	9.20162647345764e-05	0.000180933564360556	0.000297071689524146	0.000420282384331506	0.000571373936072286	0.000873934278323246	0.0015739270985659	0.00291458800803989	0.00484012561341662	0.0067515695823402	0.00771812733457239	0.00716989129459986	0.00541139670864809	0.00335820358089446	0.00182951630796705	0.00112395845023532	0.00127208344322933	0.00248878849991945	0.00540763477757823	0.0106928576298352	0.0180312883725589	0.0254149213338866	0.0299848258124236	0.0300214652839991	0.026031035077756	0.0199053341908811	0.0135009711168591	0.00803663701298092	0.00411222563061988	0.00177035023452804	0.000630563493297367	0.000180296391622592	4.31559709551758e-05	8.33194751885792e-06	5.40238429235012e-09	3.05902320501826e-07	2.03934880334551e-07	1.359565868897e-07	9.06377245931335e-08	6.04251497287556e-08	4.02834331525039e-08	2.68556221016693e-08	1.79037480677795e-08	1.19358320451864e-08	7.95722136345758e-09	7.95722136345754e-09	7.95722136345754e-09	7.95722136345754e-09	7.95722136345754e-09	7.95722136345754e-09	7.95722136345754e-09	7.95722136345754e-09	7.95722136345754e-09	7.95722136345754e-09	7.95722136345754e-09	7.95722136345754e-09	7.95722136345754e-09
2.37584627107549e-05	8.76538869122395e-05	0.000261385689786426	0.000627828994871659	0.00122160397580684	0.00194203828441144	0.00256606205415902	0.00291583818585138	0.00301710276822137	0.00305125053372288	0.00316971834200254	0.00338918176246486	0.00360357273797657	0.00362827329185253	0.00329524353593452	0.00261317590256023	0.00182968760771763	0.00130484801155792	0.00131025267287562	0.00197076818676207	0.00333256653825551	0.00546878492507403	0.00840414846622866	0.0117368402908341	0.0143795124064685	0.0150644734447184	0.0133704367149671	0.0101155393744483	0.00663945404688583	0.00386036476855086	0.00201068680658648	0.000932487627476241	0.000376624146921289	0.000128407054349303	3.53538999271059e-05	8.43912117934883e-06	1.63054633118365e-06	3.05902320501826e-07	2.03934880334551e-07	1.359565868897e-07	9.06377245931337e-08	6.04251497287556e-08	4.02834331525038e-08	2.68556221016692e-08	1.79037480677795e-08	1.19358320451864e-08	7.95722136345758e-09	5.30481424230506e-09	5.30481424230502e-09	5.30481424230502e-09	5.30481424230502e-09	5.30481424230502e-09	5.30481424230502e-09	5.30481424230502e-09	5.30481424230502e-09	5.30481424230502e-09	5.30481424230502e-09	5.30481424230502e-09	5.30481424230502e-09	5.30481424230502e-09
9.43471158223211e-05	0.000348081924384868	0.00103863052120192	0.00249651765171052	0.0048651615220908	0.00775492146158723	0.0102959663412295	0.0117646173263641	0.0121505173503835	0.0119310530519778	0.0114579976611893	0.0108511743267036	0.0102553696714879	0.00973339412215432	0.00898282780445729	0.00763513794101915	0.00589536341386301	0.00464470677481196	0.00484693920761765	0.00686441729592421	0.0102476005077198	0.0140504747470017	0.0173437279649364	0.0193512617385682	0.0193570700200277	0.0169903419853148	0.0128022157745816	0.00817064786993982	0.00440596563879269	0.00202282538155947	0.000800740880526584	0.00028017752027709	8.7258298766283e-05	2.14645958281333e-05	5.17765052567775e-06	9.46280283072907e-07	1.8306286712528e-07	3.05902320501826e-07	2.03934880334551e-07	1.359565868897e-07	9.06377245931335e-08	6.04251497287557e-08	4.02834331525038e-08	2.68556221016692e-08	1.79037480677795e-08	1.19358320451863e-08	7.95722136345754e-09	5.30481424230502e-09	3.53654282820335e-09	3.53654282820335e-09	3.53654282820335e-09	3.53654282820335e-09	3.53654282820335e-09	3.53654282820335e-09	3.53654282820335e-09	3.53654282820335e-09	3.53654282820335e-09	3.53654282820335e-09	3.53654282820335e-09	3.53654282820335e-09
0.000213568850443183	0.000787935654449963	0.00235342459059734	0.005663129890678	0.011061953592951	0.017716471932518	0.023741549374642	0.0275779047494875	0.029184430399524	0.0294908969236562	0.0291338534755478	0.028423908599875	0.0278888149268819	0.0276590746985601	0.0265885165672481	0.0232746914629677	0.018100078877193	0.0135730131385289	0.0124945079869359	0.0158920244150188	0.0224733636311748	0.0296321807592528	0.0350708153538796	0.0374795392509411	0.0362237664961409	0.0312379244505304	0.0235827774353218	0.0153565571585566	0.00855719795920916	0.004065429076685	0.00163647057458953	0.000559471616548031	0.000160275631927239	3.29159459052118e-05	6.74938144967378e-06	3.05902320501826e-07	3.05902320501826e-07	2.03934880334551e-07	1.359565868897e-07	9.06377245931337e-08	6.04251497287556e-08	4.02834331525038e-08	2.68556221016692e-08	1.79037480677795e-08	1.19358320451863e-08	7.95722136345753e-09	5.30481424230502e-09	3.53654282820335e-09	2.35769521880224e-09	2.35769521880223e-09	2.35769521880223e-09	2.35769521880223e-09	2.35769521880223e-09	2.35769521880223e-09	2.35769521880223e-09	2.35769521880223e-09	2.35769521880223e-09	2.35769521880223e-09	2.35769521880223e-09	2.35769521880223e-09
0.000275579038891499	0.00101671451576892	0.00304425243286715	0.00734480538770912	0.0144237664916405	0.0233453020815693	0.0319020262617468	0.0382712194280483	0.0422965813532813	0.0447149360427784	0.0458931357666931	0.0463393084715841	0.0472946220924132	0.0490032710107162	0.0489735204349363	0.0440723111213538	0.0345515502882791	0.024804280870667	0.0199338869543467	0.0219695252564898	0.0290442189606719	0.0373010287300996	0.0436531198201352	0.0468530843548941	0.0466163569721958	0.0426476153320462	0.0351240318731771	0.0254597902531598	0.0159398038363209	0.00848877527449571	0.00378943099817702	0.00140844061326685	0.000430494056026513	0.000101738624659956	2.10600463476281e-05	3.05902320501826e-07	2.03934880334551e-07	1.359565868897e-07	9.06377245931337e-08	6.04251497287558e-08	4.02834331525039e-08	2.68556221016692e-08	1.79037480677795e-08	1.19358320451863e-08	7.95722136345756e-09	5.30481424230504e-09	3.53654282820335e-09	2.35769521880224e-09	1.57179681253482e-09	1.57179681253482e-09	1.57179681253482e-09	1.57179681253482e-09	1.57179681253482e-09	1.57179681253482e-09	1.57179681253482e-09	1.57179681253482e-09	1.57179681253482e-09	1.57179681253482e-09	1.57179681253482e-09	1.57179681253482e-09
0.00020269985675502	0.000747835856950828	0.00225708375053712	0.00549041612998205	0.010957457389022	0.0182805195051403	0.0263133478553321	0.0340642235996704	0.0410602779517463	0.0466337957401877	0.0498285490868789	0.0510492998158984	0.0524946155980782	0.0551883780493385	0.0563323366497627	0.0517386301414645	0.04094299815446	0.0285275317180009	0.0202841984704297	0.0188233224641918	0.0226804067063003	0.0284504110074523	0.0336545169001839	0.0377221156951357	0.040714571685428	0.0416464282642664	0.0387841025582928	0.0315840969616147	0.0218385161011092	0.0125779138485521	0.00595666687118752	0.00230594692677975	0.000725008305179615	0.000180911941493109	3.74587828054154e-05	3.05902320501826e-07	2.03934880334551e-07	1.359565868897e-07	9.06377245931335e-08	6.04251497287557e-08	4.02834331525038e-08	2.68556221016692e-08	1.79037480677795e-08	1.19358320451863e-08	7.95722136345754e-09	5.30481424230502e-09	3.53654282820335e-09	2.35769521880223e-09	1.57179681253482e-09	1.04786454168988e-09	1.04786454168988e-09	1.04786454168988e-09	1.04786454168988e-09	1.04786454168988e-09	1.04786454168988e-09	1.04786454168988e-09	1.04786454168988e-09	1.04786454168988e-09	1.04786454168988e-09	1.04786454168988e-09
8.49884075637334e-05	0.000313554136735899	0.000973618874269585	0.00243537338661506	0.0051190875773002	0.00932715301135385	0.0152727653218905	0.0230072103661077	0.0317090595281048	0.039136074442047	0.0428103467448972	0.0426421503339107	0.0413938380508213	0.0413750533617658	0.0413406228635306	0.0379888441615469	0.0302519942412322	0.0209350964035909	0.014202378096468	0.0122580894165083	0.0144202264745708	0.0183899398266191	0.0223091328200391	0.0258045282584188	0.0292179070174484	0.0318831146895904	0.0317991583404361	0.0275068778292481	0.0199388926967467	0.0118853202928806	0.00576735608520951	0.00226726775140315	0.000720647431452158	0.00018342585936089	3.79793029138319e-05	3.05902320501826e-07	2.03934880334551e-07	1.359565868897e-07	9.06377245931335e-08	6.04251497287557e-08	4.02834331525038e-08	2.68556221016692e-08	1.79037480677795e-08	1.19358320451863e-08	7.95722136345754e-09	5.30481424230502e-09	3.53654282820335e-09	2.35769521880223e-09	1.57179681253482e-09	1.04786454168988e-09	6.98576361126587e-10	6.98576361126588e-10	6.98576361126588e-10	6.98576361126588e-10	6.98576361126588e-10	6.98576361126588e-10	6.98576361126588e-10	6.98576361126588e-10	6.98576361126588e-10	6.98576361126588e-10
2.03125726442374e-05	7.49407050081843e-05	0.000257257921861188	0.000701999000339184	0.00169478773324701	0.00371956202705013	0.00744300356275158	0.0132763521261136	0.0204322365832784	0.0265434898171036	0.0290238847460745	0.0274415444443398	0.0240337507881981	0.0213202867984185	0.0196352642265557	0.0175033345458206	0.0140998235966162	0.0106107305712635	0.00935521365804077	0.0119209790949866	0.0178559715923849	0.0245451651836727	0.0287892972899929	0.0291566916388139	0.0267995101300391	0.0236580070805259	0.0203481489106018	0.0163230357795796	0.0114908705518709	0.00679597329497337	0.00329867257118405	0.00129598827248755	0.000413563892479868	0.000106011475698794	2.19502417049344e-05	3.05902320501826e-07	2.03934880334551e-07	1.359565868897e-07	9.06377245931335e-08	6.04251497287557e-08	4.02834331525038e-08	2.68556221016692e-08	1.79037480677795e-08	1.19358320451863e-08	7.95722136345754e-09	5.30481424230502e-09	3.53654282820335e-09	2.35769521880223e-09	1.57179681253482e-09	1.04786454168988e-09	6.98576361126588e-10	4.65717574084392e-10	4.65717574084392e-10	4.65717574084392e-10	4.65717574084392e-10	4.65717574084392e-10	4.65717574084392e-10	4.65717574084392e-10	4.65717574084392e-10	4.65717574084392e-10
2.7673823108538e-06	1.02099121088632e-05	4.78010916500266e-05	0.000157889791143687	0.000475403395434975	0.00127951885674959	0.00297935700263852	0.00583365787442698	0.00942150880203826	0.0124512822265498	0.0134980508813821	0.0122364934418848	0.00976344876572331	0.00751613023563064	0.00608433079240356	0.00516375759795917	0.00462832857975873	0.00535223882435644	0.00914570895366566	0.0175612755885744	0.0298929482930055	0.0419243038910715	0.0477983488389661	0.0444778694430767	0.0343351456971602	0.0227746456002645	0.0137600583781097	0.00803768510362667	0.00458537442279836	0.00242951182521353	0.00112244809604244	0.000425297156228518	0.000135908735103678	3.49256250347844e-05	7.23153702140329e-06	3.05902320501826e-07	2.03934880334551e-07	1.359565868897e-07	9.06377245931335e-08	6.04251497287557e-08	4.02834331525038e-08	2.68556221016692e-08	1.79037480677795e-08	1.19358320451863e-08	7.95722136345754e-09	5.30481424230502e-09	3.53654282820335e-09	2.35769521880223e-09	1.57179681253482e-09	1.04786454168988e-09	6.98576361126588e-10	4.65717574084392e-10	3.10478382722928e-10	3.10478382722928e-10	3.10478382722928e-10	3.10478382722928e-10	3.10478382722928e-10	3.10478382722928e-10	3.10478382722928e-10	3.10478382722928e-10
2.14917796488383e-07	7.92912422750849e-07	7.49911135124233e-06	3.07447548299943e-05	0.000109508108154184	0.00032875023597166	0.000814637543469094	0.00164688779796865	0.00269873829602271	0.00357912745155671	0.00385265236526098	0.00340594128990714	0.00255459441461374	0.00174621861967947	0.00125032672912871	0.00111283440554915	0.00161011693105995	0.00368651128605572	0.00905526859741413	0.0192340901125656	0.0333916327248391	0.0468230825901777	0.0529312429701306	0.0482770658717678	0.0356352158371386	0.0214503799791812	0.0107160812605911	0.00460804807862862	0.00181102423052692	0.000690469579050329	0.00025722537542096	7.97595917770261e-05	2.55008476377576e-05	6.55895246762909e-06	1.35806610601943e-06	3.05902320501826e-07	2.03934880334551e-07	1.359565868897e-07	9.06377245931335e-08	6.04251497287557e-08	4.02834331525038e-08	2.68556221016692e-08	1.79037480677795e-08	1.19358320451863e-08	7.95722136345754e-09	5.30481424230502e-09	3.53654282820335e-09	2.35769521880223e-09	1.57179681253482e-09	1.04786454168988e-09	6.98576361126588e-10	4.65717574084392e-10	3.10478382722928e-10	2.06985588481952e-10	2.06985588481952e-10	2.06985588481952e-10	2.06985588481952e-10	2.06985588481952e-10	2.06985588481952e-10	2.06985588481952e-10
3.05902320501826e-07	3.05902320501826e-07	8.68292006528217e-07	4.23777502561643e-06	1.66421098919353e-05	5.25868633938913e-05	0.000133704044168369	0.000273620893664724	0.000450694795545891	0.000598046268018357	0.000640777250098075	0.000558065451516398	0.000402435653963727	0.000251749944390689	0.000180375542451639	0.000251192054720406	0.000715078663376937	0.00221893182175519	0.00587246134606896	0.0126453759021803	0.0219651566675236	0.0307260510155371	0.034605288825569	0.031383809764776	0.0229309386702095	0.0135164551292098	0.00644815292985059	0.00250919336023742	0.000810933051901156	0.000225943933143093	5.76835066821418e-05	8.53190670302011e-06	2.72857400139544e-06	7.02140088449687e-07	1.45381851828801e-07	3.05902320501826e-07	2.03934880334551e-07	1.359565868897e-07	9.06377245931335e-08	6.04251497287557e-08	4.02834331525038e-08	2.68556221016692e-08	1.79037480677795e-08	1.19358320451863e-08	7.95722136345754e-09	5.30481424230502e-09	3.53654282820335e-09	2.35769521880223e-09	1.57179681253482e-09	1.04786454168988e-09	6.98576361126588e-10	4.65717574084392e-10	3.10478382722928e-10	2.06985588481952e-10	1.37990392321301e-10	1.37990392321301e-10	1.37990392321301e-10	1.37990392321301e-10	1.37990392321301e-10	1.37990392321301e-10
2.03934880334551e-07	3.05902320501826e-07	8.38919684870913e-08	4.09442084265972e-07	1.6079145588306e-06	5.08079707460942e-06	1.29181143850655e-05	2.64280302798538e-05	4.35039668832692e-05	5.76223966291534e-05	6.14118484129413e-05	5.26637056776247e-05	3.6338672220046e-05	2.01755363126941e-05	2.09456323085982e-05	6.44666252142774e-05	0.000253804453353309	0.000840812080866842	0.00224921876839652	0.00484403859179565	0.00839730226267776	0.0117171630803916	0.0131600538936959	0.0118972692274414	0.00865751342414084	0.00507104027528397	0.00239089546521429	0.000907371836421875	0.000277186840562791	6.81590992676069e-05	1.34908774220184e-05	3.05902320501826e-07	3.05902320501826e-07	3.05902320501826e-07	3.05902320501826e-07	2.03934880334551e-07	1.359565868897e-07	9.06377245931337e-08	6.04251497287556e-08	4.02834331525038e-08	2.68556221016692e-08	1.79037480677795e-08	1.19358320451863e-08	7.95722136345753e-09	5.30481424230502e-09	3.53654282820335e-09	2.35769521880224e-09	1.57179681253482e-09	1.04786454168988e-09	6.98576361126587e-10	4.65717574084392e-10	3.10478382722928e-10	2.06985588481952e-10	1.37990392321301e-10	9.19935948808674e-11	9.19935948808675e-11	9.19935948808675e-11	9.19935948808675e-11	9.19935948808675e-11	9.19935948808675e-11
1.359565868897e-07	2.03934880334551e-07	3.05902320501826e-07	3.05902320501826e-07	3.05902320501826e-07	3.05902320501826e-07	3.05902320501826e-07	3.05902320501826e-07	3.05902320501826e-07	3.05902320501826e-07	3.05902320501826e-07	3.05902320501826e-07	3.05902320501826e-07	3.05902320501826e-07	2.67893583607665e-06	1.37174199907284e-05	5.65333458336846e-05	0.000187526076243917	0.000500663512383157	0.00107587065735435	0.0018608293511766	0.00259052553334058	0.00290272900086008	0.00261797072084847	0.00190048785230126	0.00111047737329921	0.000522276942691274	0.00019771547711637	6.02464183138277e-05	1.47766010574187e-05	2.91724245849837e-06	3.05902320501826e-07	2.03934880334551e-07	2.03934880334551e-07	2.03934880334551e-07	1.359565868897e-07	9.06377245931337e-08	6.04251497287558e-08	4.02834331525039e-08	2.68556221016692e-08	1.79037480677795e-08	1.19358320451863e-08	7.95722136345756e-09	5.30481424230504e-09	3.53654282820335e-09	2.35769521880224e-09	1.57179681253482e-09	1.04786454168988e-09	6.9857636112659e-10	4.65717574084392e-10	3.10478382722928e-10	2.06985588481952e-10	1.37990392321302e-10	9.19935948808677e-11	6.13290632539117e-11	6.13290632539117e-11	6.13290632539117e-11	6.13290632539117e-11	6.13290632539117e-11	6.13290632539117e-11
9.06377245931337e-08	1.359565868897e-07	2.03934880334551e-07	2.03934880334551e-07	2.03934880334551e-07	2.03934880334551e-07	2.03934880334551e-07	2.03934880334551e-07	2.03934880334551e-07	2.03934880334551e-07	2.03934880334551e-07	2.03934880334551e-07	2.03934880334551e-07	3.05902320501826e-07	3.47390881240998e-07	1.77561495150717e-06	7.30437860290638e-06	2.41837962298038e-05	6.44428908278442e-05	0.000138209380948142	0.00023856933923916	0.000331443082396365	0.000370615122663525	0.000333549095838287	0.000241613638428503	0.00014086747828685	6.61043740134424e-05	2.49679179710003e-05	7.59048650509008e-06	1.85735313216246e-06	3.6581316090365e-07	3.05902320501826e-07	2.03934880334551e-07	1.359565868897e-07	1.359565868897e-07	9.06377245931337e-08	6.04251497287558e-08	4.02834331525039e-08	2.68556221016693e-08	1.79037480677795e-08	1.19358320451863e-08	7.95722136345756e-09	5.30481424230504e-09	3.53654282820336e-09	2.35769521880224e-09	1.57179681253482e-09	1.04786454168988e-09	6.9857636112659e-10	4.65717574084393e-10	3.10478382722929e-10	2.06985588481952e-10	1.37990392321302e-10	9.19935948808677e-11	6.13290632539119e-11	4.08860421692746e-11	4.08860421692744e-11	4.08860421692744e-11	4.08860421692744e-11	4.08860421692744e-11	4.08860421692744e-11
6.04251497287558e-08	9.06377245931337e-08	1.359565868897e-07	1.359565868897e-07	1.359565868897e-07	1.359565868897e-07	1.359565868897e-07	1.359565868897e-07	1.359565868897e-07	1.359565868897e-07	1.359565868897e-07	1.359565868897e-07	2.03934880334551e-07	3.05902320501826e-07	2.2170079776658e-08	1.12478585251886e-07	4.59167169513685e-07	1.50823913542883e-06	3.98628161515063e-06	8.4774286190686e-06	1.4506368336251e-05	1.99733840825316e-05	2.21280426702415e-05	1.97257144030577e-05	1.41488413069017e-05	8.1659629310946e-06	3.79220954162798e-06	1.41701890062716e-06	4.2604684480184e-07	1.03071229741922e-07	2.00639277762077e-08	3.05902320501826e-07	2.03934880334551e-07	1.359565868897e-07	9.06377245931335e-08	6.04251497287556e-08	4.02834331525039e-08	2.68556221016693e-08	1.79037480677795e-08	1.19358320451864e-08	7.95722136345758e-09	5.30481424230504e-09	3.53654282820336e-09	2.35769521880224e-09	1.57179681253483e-09	1.04786454168989e-09	6.9857636112659e-10	4.65717574084393e-10	3.10478382722929e-10	2.06985588481953e-10	1.37990392321302e-10	9.19935948808677e-11	6.13290632539119e-11	4.08860421692746e-11	2.72573614461831e-11	2.7257361446183e-11	2.7257361446183e-11	2.7257361446183e-11	2.7257361446183e-11	2.7257361446183e-11
4.02834331525039e-08	6.04251497287556e-08	9.06377245931335e-08	9.06377245931335e-08	9.06377245931335e-08	9.06377245931335e-08	9.06377245931335e-08	9.06377245931335e-08	9.06377245931335e-08	9.06377245931335e-08	9.06377245931335e-08	9.06377245931337e-08	1.359565868897e-07	2.03934880334551e-07	3.05902320501826e-07	3.05902320501826e-07	3.05902320501826e-07	3.05902320501826e-07	3.05902320501826e-07	3.05902320501826e-07	3.05902320501826e-07	3.05902320501826e-07	3.05902320501826e-07	3.05902320501826e-07	3.05902320501826e-07	3.05902320501826e-07	3.05902320501826e-07	3.05902320501826e-07	3.05902320501826e-07	3.05902320501826e-07	3.05902320501826e-07	2.03934880334551e-07	1.359565868897e-07	9.06377245931337e-08	6.04251497287556e-08	4.02834331525038e-08	2.68556221016692e-08	1.79037480677795e-08	1.19358320451864e-08	7.95722136345758e-09	5.30481424230506e-09	3.53654282820338e-09	2.35769521880224e-09	1.57179681253483e-09	1.04786454168989e-09	6.98576361126592e-10	4.65717574084395e-10	3.10478382722929e-10	2.06985588481953e-10	1.37990392321302e-10	9.19935948808681e-11	6.13290632539121e-11	4.08860421692746e-11	2.72573614461831e-11	1.81715742974554e-11	1.81715742974553e-11	1.81715742974553e-11	1.81715742974553e-11	1.81715742974553e-11	1.81715742974553e-11
2.68556221016692e-08	4.02834331525038e-08	6.04251497287557e-08	6.04251497287557e-08	6.04251497287557e-08	6.04251497287557e-08	6.04251497287557e-08	6.04251497287557e-08	6.04251497287557e-08	6.04251497287557e-08	6.04251497287557e-08	6.04251497287558e-08	9.06377245931337e-08	1.359565868897e-07	2.03934880334551e-07	2.03934880334551e-07	2.03934880334551e-07	2.03934880334551e-07	2.03934880334551e-07	2.03934880334551e-07	2.03934880334551e-07	2.03934880334551e-07	2.03934880334551e-07	2.03934880334551e-07	2.03934880334551e-07	2.03934880334551e-07	2.03934880334551e-07	2.03934880334551e-07	2.03934880334551e-07	2.03934880334551e-07	2.03934880334551e-07	1.359565868897e-07	9.06377245931337e-08	6.04251497287558e-08	4.02834331525039e-08	2.68556221016692e-08	1.79037480677795e-08	1.19358320451863e-08	7.95722136345758e-09	5.30481424230506e-09	3.53654282820338e-09	2.35769521880225e-09	1.57179681253484e-09	1.04786454168989e-09	6.98576361126592e-10	4.65717574084395e-10	3.1047838272293e-10	2.06985588481954e-10	1.37990392321302e-10	9.19935948808681e-11	6.13290632539121e-11	4.08860421692747e-11	2.72573614461832e-11	1.81715742974554e-11	1.21143828649703e-11	1.21143828649702e-11	1.21143828649702e-11	1.21143828649702e-11	1.21143828649702e-11	1.21143828649702e-11
1.79037480677795e-08	2.68556221016692e-08	4.02834331525038e-08	4.02834331525038e-08	4.02834331525038e-08	4.02834331525038e-08	4.02834331525038e-08	4.02834331525038e-08	4.02834331525038e-08	4.02834331525038e-08	4.02834331525038e-08	4.02834331525039e-08	6.04251497287558e-08	9.06377245931337e-08	1.359565868897e-07	1.359565868897e-07	1.359565868897e-07	1.359565868897e-07	1.359565868897e-07	1.359565868897e-07	1.359565868897e-07	1.359565868897e-07	1.359565868897e-07	1.359565868897e-07	1.359565868897e-07	1.359565868897e-07	1.359565868897e-07	1.359565868897e-07	1.359565868897e-07	1.359565868897e-07	1.359565868897e-07	9.06377245931337e-08	6.04251497287558e-08	4.02834331525039e-08	2.68556221016693e-08	1.79037480677795e-08	1.19358320451863e-08	7.95722136345756e-09	5.30481424230504e-09	3.53654282820338e-09	2.35769521880225e-09	1.57179681253484e-09	1.04786454168989e-09	6.98576361126595e-10	4.65717574084395e-10	3.1047838272293e-10	2.06985588481954e-10	1.37990392321302e-10	9.19935948808684e-11	6.13290632539121e-11	4.08860421692747e-11	2.72573614461832e-11	1.81715742974555e-11	1.21143828649703e-11	8.07625524331352e-12	8.07625524331347e-12	8.07625524331347e-12	8.07625524331347e-12	8.07625524331347e-12	8.07625524331347e-12
1.19358320451863e-08	1.79037480677795e-08	2.68556221016692e-08	2.68556221016692e-08	2.68556221016692e-08	2.68556221016692e-08	2.68556221016692e-08	2.68556221016692e-08	2.68556221016692e-08	2.68556221016692e-08	2.68556221016692e-08	2.68556221016693e-08	4.02834331525039e-08	6.04251497287556e-08	9.06377245931335e-08	9.06377245931335e-08	9.06377245931335e-08	9.06377245931335e-08	9.06377245931335e-08	9.06377245931335e-08	9.06377245931335e-08	9.06377245931335e-08	9.06377245931335e-08	9.06377245931335e-08	9.06377245931335e-08	9.06377245931335e-08	9.06377245931335e-08	9.06377245931335e-08	9.06377245931335e-08	9.06377245931335e-08	9.06377245931335e-08	6.04251497287556e-08	4.02834331525039e-08	2.68556221016693e-08	1.79037480677795e-08	1.19358320451864e-08	7.95722136345758e-09	5.30481424230504e-09	3.53654282820336e-09	2.35769521880224e-09	1.57179681253484e-09	1.04786454168989e-09	6.98576361126595e-10	4.65717574084397e-10	3.10478382722931e-10	2.06985588481954e-10	1.37990392321302e-10	9.19935948808684e-11	6.13290632539123e-11	4.08860421692749e-11	2.72573614461832e-11	1.81715742974555e-11	1.21143828649703e-11	8.07625524331355e-12	5.38417016220904e-12	5.38417016220898e-12	5.38417016220898e-12	5.38417016220898e-12	5.38417016220898e-12	5.38417016220898e-12
7.95722136345756e-09	1.19358320451863e-08	1.79037480677795e-08	1.79037480677795e-08	1.79037480677795e-08	1.79037480677795e-08	1.79037480677795e-08	1.79037480677795e-08	1.79037480677795e-08	1.79037480677795e-08	1.79037480677795e-08	1.79037480677795e-08	2.68556221016692e-08	4.02834331525038e-08	6.04251497287557e-08	6.04251497287557e-08	6.04251497287557e-08	6.04251497287557e-08	6.04251497287557e-08	6.04251497287557e-08	6.04251497287557e-08	6.04251497287557e-08	6.04251497287557e-08	6.04251497287557e-08	6.04251497287557e-08	6.04251497287557e-08	6.04251497287557e-08	6.04251497287557e-08	6.04251497287557e-08	6.04251497287557e-08	6.04251497287557e-08	4.02834331525038e-08	2.68556221016692e-08	1.79037480677795e-08	1.19358320451864e-08	7.95722136345758e-09	5.30481424230506e-09	3.53654282820338e-09	2.35769521880224e-09	1.57179681253483e-09	1.04786454168989e-09	6.98576361126595e-10	4.65717574084397e-10	3.10478382722931e-10	2.06985588481954e-10	1.37990392321303e-10	9.19935948808684e-11	6.13290632539123e-11	4.08860421692749e-11	2.72573614461833e-11	1.81715742974555e-11	1.21143828649703e-11	8.07625524331355e-12	5.38417016220904e-12	3.58944677480603e-12	3.58944677480598e-12	3.58944677480598e-12	3.58944677480598e-12	3.58944677480598e-12	3.58944677480598e-12
5.30481424230504e-09	7.95722136345753e-09	1.19358320451863e-08	1.19358320451863e-08	1.19358320451863e-08	1.19358320451863e-08	1.19358320451863e-08	1.19358320451863e-08	1.19358320451863e-08	1.19358320451863e-08	1.19358320451863e-08	1.19358320451863e-08	1.79037480677795e-08	2.68556221016692e-08	4.02834331525038e-08	4.02834331525038e-08	4.02834331525038e-08	4.02834331525038e-08	4.02834331525038e-08	4.02834331525038e-08	4.02834331525038e-08	4.02834331525038e-08	4.02834331525038e-08	4.02834331525038e-08	4.02834331525038e-08	4.02834331525038e-08	4.02834331525038e-08	4.02834331525038e-08	4.02834331525038e-08	4.02834331525038e-08	4.02834331525038e-08	2.68556221016692e-08	1.79037480677795e-08	1.19358320451863e-08	7.95722136345758e-09	5.30481424230506e-09	3.53654282820338e-09	2.35769521880225e-09	1.57179681253484e-09	1.04786454168989e-09	6.98576361126592e-10	4.65717574084395e-10	3.10478382722931e-10	2.06985588481954e-10	1.37990392321303e-10	9.19935948808687e-11	6.13290632539125e-11	4.08860421692749e-11	2.72573614461833e-11	1.81715742974555e-11	1.21143828649704e-11	8.07625524331358e-12	5.38417016220904e-12	3.58944677480603e-12	2.39296451653735e-12	2.39296451653732e-12	2.39296451653732e-12	2.39296451653732e-12	2.39296451653732e-12	2.39296451653732e-12
3.53654282820335e-09	5.30481424230502e-09	7.95722136345754e-09	7.95722136345754e-09	7.95722136345754e-09	7.95722136345754e-09	7.95722136345754e-09	7.95722136345754e-09	7.95722136345754e-09	7.95722136345754e-09	7.95722136345754e-09	7.95722136345756e-09	1.19358320451863e-08	1.79037480677795e-08	2.68556221016692e-08	2.68556221016692e-08	2.68556221016692e-08	2.68556221016692e-08	2.68556221016692e-08	2.68556221016692e-08	2.68556221016692e-08	2.68556221016692e-08	2.68556221016692e-08	2.68556221016692e-08	2.68556221016692e-08	2.68556221016692e-08	2.68556221016692e-08	2.68556221016692e-08	2.68556221016692e-08	2.68556221016692e-08	2.68556221016692e-08	1.79037480677795e-08	1.19358320451863e-08	7.95722136345756e-09	5.30481424230504e-09	3.53654282820338e-09	2.35769521880225e-09	1.57179681253484e-09	1.04786454168989e-09	6.98576361126595e-10	4.65717574084395e-10	3.1047838272293e-10	2.06985588481954e-10	1.37990392321303e-10	9.19935948808687e-11	6.13290632539125e-11	4.0886042169275e-11	2.72573614461834e-11	1.81715742974555e-11	1.21143828649704e-11	8.07625524331358e-12	5.38417016220906e-12	3.58944677480604e-12	2.39296451653735e-12	1.59530967769157e-12	1.59530967769155e-12	1.59530967769155e-12	1.59530967769155e-12	1.59530967769155e-12	1.59530967769155e-12
