3.05902320501826e-07	3.05902320501826e-07	3.05902320501826e-07	3.05902320501826e-07	3.05902320501826e-07	3.05902320501826e-07	3.05902320501826e-07	3.05902320501826e-07	3.05902320501826e-07	3.05902320501826e-07	3.05902320501826e-07	3.05902320501826e-07	3.05902320501826e-07	3.05902320501826e-07	3.05902320501826e-07	3.05902320501826e-07	3.05902320501826e-07	3.05902320501826e-07	2.03934880334551e-07	1.359565868897e-07	1.359565868897e-07	1.359565868897e-07	1.359565868897e-07	1.359565868897e-07	1.359565868897e-07	1.359565868897e-07	1.359565868897e-07	1.359565868897e-07	9.06377245931337e-08	6.04251497287558e-08	4.02834331525039e-08	4.02834331525038e-08	4.02834331525038e-08	4.02834331525038e-08	2.68556221016692e-08	1.79037480677795e-08	1.19358320451863e-08	7.95722136345758e-09	7.95722136345754e-09	7.95722136345754e-09	7.95722136345754e-09	7.95722136345754e-09	7.95722136345754e-09	7.95722136345754e-09	5.30481424230502e-09	3.53654282820335e-09	2.35769521880224e-09	1.57179681253483e-09	1.04786454168989e-09	6.98576361126592e-10	4.65717574084395e-10	3.10478382722931e-10	2.06985588481954e-10	1.37990392321303e-10	9.19935948808687e-11	6.13290632539125e-11	4.08860421692749e-11	2.72573614461833e-11	1.81715742974555e-11	1.21143828649704e-11
2.95322486018839e-05	3.55177678749309e-05	3.71025805915333e-05	3.46206010890381e-05	3.04319349522837e-05	2.70263650441467e-05	2.51676860263717e-05	2.37274777785998e-05	2.11246271038603e-05	1.68337077773645e-05	1.16709982823699e-05	6.9515039852102e-06	3.53334415302468e-06	1.53509204519602e-06	5.67950433103387e-07	1.7893508546108e-07	4.80031881837098e-08	8.15962762845809e-09	3.05902320501826e-07	2.03934880334551e-07	2.03934880334551e-07	2.03934880334551e-07	2.03934880334551e-07	2.03934880334551e-07	2.03934880334551e-07	2.03934880334551e-07	2.03934880334551e-07	2.03934880334551e-07	1.359565868897e-07	9.06377245931337e-08	6.04251497287558e-08	6.04251497287557e-08	6.04251497287557e-08	6.04251497287557e-08	4.02834331525038e-08	2.68556221016692e-08	1.79037480677795e-08	1.19358320451864e-08	1.19358320451863e-08	1.19358320451863e-08	1.19358320451863e-08	1.19358320451863e-08	1.19358320451863e-08	1.19358320451863e-08	7.95722136345753e-09	5.30481424230504e-09	3.53654282820336e-09	2.35769521880224e-09	1.57179681253483e-09	1.04786454168989e-09	6.98576361126595e-10	4.65717574084397e-10	3.10478382722931e-10	2.06985588481954e-10	1.37990392321303e-10	9.19935948808684e-11	6.13290632539123e-11	4.08860421692749e-11	2.72573614461833e-11	1.81715742974555e-11
0.000122067730294104	0.000146842032306006	0.000153475945122044	0.000143372994771055	0.00012629121655866	0.000112482588729498	0.000105022722717061	9.91603267641345e-05	8.83215143168184e-05	7.03712789514511e-05	4.87699098063347e-05	2.9034204297872e-05	1.47502125593755e-05	6.40496844383925e-06	2.36847957745698e-06	7.45827148447712e-07	1.99987772343084e-07	3.37211709180433e-08	3.05902320501826e-07	3.05902320501826e-07	3.05902320501826e-07	3.05902320501826e-07	3.05902320501826e-07	3.05902320501826e-07	3.05902320501826e-07	3.05902320501826e-07	3.05902320501826e-07	3.05902320501826e-07	2.03934880334551e-07	1.359565868897e-07	9.06377245931337e-08	9.06377245931335e-08	9.06377245931335e-08	9.06377245931335e-08	6.04251497287556e-08	4.02834331525039e-08	2.68556221016693e-08	1.79037480677795e-08	1.79037480677795e-08	1.79037480677795e-08	1.79037480677795e-08	1.79037480677795e-08	1.79037480677795e-08	1.79037480677795e-08	1.19358320451863e-08	7.95722136345756e-09	5.30481424230504e-09	3.53654282820336e-09	2.35769521880224e-09	1.57179681253484e-09	1.04786454168989e-09	6.98576361126595e-10	4.65717574084397e-10	3.10478382722931e-10	2.06985588481954e-10	1.37990392321302e-10	9.19935948808684e-11	6.13290632539123e-11	4.08860421692749e-11	2.72573614461833e-11
0.000456727637730771	0.000542573137486765	0.000562005111712206	0.000522511270760106	0.000460711982405986	0.000413306675346095	0.000389816691177999	0.000371207432224891	0.000332628785247504	0.000266550375554822	0.000186796031949857	0.000115022600457257	6.53220109648856e-05	3.94667347745488e-05	3.04335272631839e-05	2.95878496983622e-05	3.0406764888261e-05	2.94042331318457e-05	2.57440714238713e-05	2.00741806191761e-05	1.37823036926629e-05	8.26724525965543e-06	4.30183136980749e-06	1.9304753389725e-06	7.43838353537368e-07	2.39668591357537e-07	6.80584777319151e-08	1.64346134461648e-08	3.05902320501826e-07	2.03934880334551e-07	1.359565868897e-07	1.359565868897e-07	1.359565868897e-07	1.359565868897e-07	9.06377245931337e-08	6.04251497287558e-08	4.02834331525039e-08	2.68556221016693e-08	2.68556221016692e-08	2.68556221016692e-08	2.68556221016692e-08	2.68556221016692e-08	2.68556221016692e-08	2.68556221016692e-08	1.79037480677795e-08	1.19358320451863e-08	7.95722136345756e-09	5.30481424230504e-09	3.53654282820338e-09	2.35769521880225e-09	1.57179681253484e-09	1.04786454168989e-09	6.98576361126595e-10	4.65717574084395e-10	3.1047838272293e-10	2.06985588481954e-10	1.37990392321302e-10	9.19935948808684e-11	6.13290632539123e-11	4.08860421692749e-11
0.00142232562257604	0.00168329074388638	0.0017393959162167	0.00161650978360591	0.00142904934540301	0.00128956797896112	0.00122512365162189	0.00117424027054049	0.00105848938538159	0.000854588553121389	0.000606532719897595	0.000382869379456907	0.000228236203575214	0.000148461985239324	0.000121536735066528	0.000119963266235491	0.000122547832929576	0.000117683156670109	0.000102569910154826	7.97875463666661e-05	5.47234343154462e-05	3.28103827680936e-05	1.7068790596016e-05	7.65973290886325e-06	2.95139906759824e-06	9.5095615021911e-07	2.70042176186386e-07	6.52091984376435e-08	3.05902320501826e-07	2.03934880334551e-07	2.03934880334551e-07	2.03934880334551e-07	2.03934880334551e-07	2.03934880334551e-07	1.359565868897e-07	9.06377245931337e-08	6.04251497287558e-08	4.02834331525039e-08	4.02834331525038e-08	4.02834331525038e-08	4.02834331525038e-08	4.02834331525038e-08	4.02834331525038e-08	4.02834331525038e-08	2.68556221016692e-08	1.79037480677795e-08	1.19358320451863e-08	7.95722136345758e-09	5.30481424230506e-09	3.53654282820338e-09	2.35769521880225e-09	1.57179681253484e-09	1.04786454168989e-09	6.98576361126592e-10	4.65717574084395e-10	3.1047838272293e-10	2.06985588481954e-10	1.37990392321302e-10	9.19935948808684e-11	6.13290632539125e-11
0.00381105731642205	0.00448098644587022	0.00460841055049814	0.00427233652642031	0.00377992604972158	0.00342578468380025	0.00327407269837221	0.00315491926200451	0.00285705694637518	0.00231930833970165	0.00166150575804612	0.0010693073590921	0.000663627169675576	0.000460402458010314	0.000399532570449601	0.000404640115902279	0.000415682356827411	0.000399250621525273	0.000347694565489793	0.000270282560924717	0.00018532353080252	0.000111099341548551	5.77929707745191e-05	2.59349786765725e-05	9.99309934105467e-06	3.21982865091156e-06	9.14331891790274e-07	2.20790880193713e-07	3.05902320501826e-07	3.05902320501826e-07	3.05902320501826e-07	3.05902320501826e-07	3.05902320501826e-07	3.05902320501826e-07	2.03934880334551e-07	1.359565868897e-07	9.06377245931337e-08	6.04251497287558e-08	6.04251497287557e-08	6.04251497287557e-08	6.04251497287557e-08	6.04251497287557e-08	6.04251497287557e-08	6.04251497287557e-08	4.02834331525038e-08	2.68556221016692e-08	1.79037480677795e-08	1.19358320451864e-08	7.95722136345758e-09	5.30481424230506e-09	3.53654282820338e-09	2.35769521880224e-09	1.57179681253483e-09	1.04786454168989e-09	6.98576361126592e-10	4.65717574084395e-10	3.1047838272293e-10	2.06985588481954e-10	1.37990392321303e-10	9.19935948808687e-11
0.00883734355922676	0.0103153915715373	0.0105537756921294	0.00976237335165134	0.00865637636049681	0.00790093463294389	0.00762102189057467	0.00740528898011176	0.00675725989841691	0.00553720496639853	0.00402998388909103	0.00267418426192756	0.00175530431601268	0.00131088764211616	0.00119697753242836	0.00122774676007987	0.00125525797472229	0.00119798493641037	0.00104100720063832	0.000814563797432957	0.000571397541747987	0.000361430886328208	0.000210457519420039	0.00011740357406487	6.57382359986892e-05	3.7451775633001e-05	2.14608666073074e-05	1.15895805854546e-05	5.52509468219758e-06	2.40753290198834e-06	9.03199365306231e-07	2.8989183773946e-07	7.44618835096347e-08	1.79027924523456e-08	3.05902320501826e-07	2.03934880334551e-07	1.359565868897e-07	9.06377245931337e-08	9.06377245931335e-08	9.06377245931335e-08	9.06377245931335e-08	9.06377245931335e-08	9.06377245931335e-08	9.06377245931335e-08	6.04251497287556e-08	4.02834331525039e-08	2.68556221016693e-08	1.79037480677795e-08	1.19358320451864e-08	7.95722136345758e-09	5.30481424230504e-09	3.53654282820336e-09	2.35769521880224e-09	1.57179681253483e-09	1.04786454168989e-09	6.98576361126592e-10	4.65717574084395e-10	3.10478382722931e-10	2.06985588481954e-10	1.37990392321303e-10
0.0179289426468302	0.0207281964387917	0.0210547428202024	0.0194008737727122	0.0172245595212396	0.0158328426773431	0.0154272771537389	0.0151395273544047	0.0139510383269426	0.0115788802249223	0.00860494364325587	0.00592425986345849	0.00412032122968244	0.00327235764426128	0.00308632370891606	0.00317490221789494	0.00322406569639236	0.00306018429638937	0.00265703682827585	0.00209304448350049	0.00149663553954673	0.000985423233102107	0.000616557391347713	0.000382677917071317	0.000241984531347993	0.000152983894609494	9.33478833458446e-05	5.20825697424111e-05	2.54767429373189e-05	1.11023779744475e-05	4.16447935542411e-06	1.33727374602494e-06	3.43493361777559e-07	8.25857482354232e-08	3.05902320501826e-07	3.05902320501826e-07	2.03934880334551e-07	1.359565868897e-07	1.359565868897e-07	1.359565868897e-07	1.359565868897e-07	1.359565868897e-07	1.359565868897e-07	1.359565868897e-07	9.06377245931337e-08	6.04251497287558e-08	4.02834331525039e-08	2.68556221016693e-08	1.79037480677795e-08	1.19358320451863e-08	7.95722136345756e-09	5.30481424230504e-09	3.53654282820336e-09	2.35769521880224e-09	1.57179681253483e-09	1.04786454168989e-09	6.98576361126595e-10	4.65717574084397e-10	3.10478382722931e-10	2.06985588481954e-10
0.0320489621376335	0.0366334439517476	0.036886428720344	0.0338289625340679	0.0300852262703024	0.0279073851670472	0.0275510797476664	0.0273949265087865	0.0255918403268259	0.0216297067992733	0.0165451034141083	0.0119352820663381	0.00884206164576984	0.00741184460080329	0.00712221099254864	0.00727192396161527	0.00728454244579158	0.00684537249351218	0.005924896910049	0.00470069691135458	0.0034395345105789	0.0023727474740927	0.00160041290743538	0.00109204417235126	0.00075559440103931	0.000511090114139154	0.000325185711109129	0.00018673638775598	9.41050838275219e-05	4.19369462150022e-05	1.61839222223862e-05	5.38860516653812e-06	1.46685020368776e-06	3.72053184060438e-07	2.29093607768538e-08	5.12238550925082e-09	3.05902320501826e-07	2.03934880334551e-07	2.03934880334551e-07	2.03934880334551e-07	2.03934880334551e-07	2.03934880334551e-07	2.03934880334551e-07	2.03934880334551e-07	1.359565868897e-07	9.06377245931337e-08	6.04251497287558e-08	4.02834331525039e-08	2.68556221016692e-08	1.79037480677795e-08	1.19358320451863e-08	7.95722136345756e-09	5.30481424230504e-09	3.53654282820336e-09	2.35769521880224e-09	1.57179681253484e-09	1.04786454168989e-09	6.98576361126595e-10	4.65717574084397e-10	3.10478382722931e-10
0.0511525311312602	0.0577183795140711	0.0575287832583	0.0524684985425069	0.0467651336296293	0.0438734724885808	0.0440255032632461	0.0445152761046613	0.0423429396686385	0.0366624046449974	0.0290927438815388	0.0221452754108847	0.0174562569279563	0.0152643604469789	0.0147596871210219	0.0148390740806423	0.0145917168625811	0.0135410850436611	0.0116924265120758	0.00939590535792247	0.00711804097550369	0.00522600217156778	0.00384036412200157	0.00286460583533597	0.00212506730470877	0.00150292528933881	0.000980109963268305	0.000572003107594856	0.000293142546324801	0.000132325188885313	5.19020102034657e-05	1.76287350319776e-05	4.94749598191061e-06	1.28724176048455e-06	1.16637041793994e-07	2.60792912795313e-08	3.05902320501826e-07	3.05902320501826e-07	3.05902320501826e-07	3.05902320501826e-07	3.05902320501826e-07	3.05902320501826e-07	3.05902320501826e-07	3.05902320501826e-07	2.03934880334551e-07	1.359565868897e-07	9.06377245931337e-08	6.04251497287556e-08	4.02834331525038e-08	2.68556221016692e-08	1.79037480677795e-08	1.19358320451863e-08	7.95722136345756e-09	5.30481424230504e-09	3.53654282820338e-09	2.35769521880225e-09	1.57179681253484e-09	1.04786454168989e-09	6.98576361126595e-10	4.65717574084395e-10
0.0738879726634264	0.0822589857135264	0.0811157381446807	0.0735710039322742	0.0658061674090633	0.0626205609076345	0.0640978732946345	0.0661523933128328	0.0643617596118118	0.0574363116779455	0.0476187411668182	0.0384198530750186	0.0321075068801469	0.0290109524923155	0.0280162545654747	0.0276077323531057	0.0265555226417252	0.0242866073689561	0.020945959505171	0.0171531776019963	0.0135971270887372	0.0107218721264899	0.00856395978722202	0.00687166977201601	0.00535961672009976	0.00390930155292527	0.00259906700135527	0.00154243053412291	0.000807063910654328	0.000373191651485852	0.000152089017045768	5.58800553517529e-05	1.96771724525328e-05	8.95047425287068e-06	5.215070884405e-06	4.06620061953533e-06	2.84924162203633e-06	1.74656263401873e-06	9.13672883990673e-07	4.06446569706039e-07	1.53752555929429e-07	4.94592333872589e-08	1.35294010923256e-08	3.1471389542795e-09	3.05902320501826e-07	2.03934880334551e-07	1.359565868897e-07	9.06377245931335e-08	6.04251497287557e-08	4.02834331525038e-08	2.68556221016692e-08	1.79037480677795e-08	1.19358320451863e-08	7.95722136345758e-09	5.30481424230506e-09	3.53654282820338e-09	2.35769521880225e-09	1.57179681253484e-09	1.04786454168989e-09	6.98576361126592e-10
0.0978395226086106	0.107581020910799	0.10505223028568	0.0948797860248297	0.0853747804392252	0.0826869277394496	0.0866293197133288	0.0915633060905512	0.0915024525497464	0.0846210440188485	0.0737005013589277	0.0631327366473617	0.0556831749098288	0.0517019138754099	0.0497930251102509	0.0481206257586986	0.045283246146084	0.0408159322057942	0.0352182819382184	0.0295095864580294	0.0245573943109874	0.0206965509750756	0.0176578715350429	0.0148909943752662	0.0119828060831621	0.00891400349072439	0.00601351234865499	0.00362346533249177	0.00193329802181034	0.000915006149909478	0.000385574920514503	0.000150339342137806	6.03890183159347e-05	3.30990702240793e-05	2.30193150983063e-05	1.83172964032406e-05	1.29392463413146e-05	7.93476014055925e-06	4.15088187517085e-06	1.84651610984593e-06	6.98508961852011e-07	2.24696868019467e-07	6.14650459262448e-08	1.42976794790117e-08	3.05902320501826e-07	2.03934880334551e-07	1.359565868897e-07	9.06377245931335e-08	6.04251497287556e-08	6.04251497287557e-08	4.02834331525038e-08	2.68556221016692e-08	1.79037480677795e-08	1.19358320451864e-08	7.95722136345758e-09	5.30481424230506e-09	3.53654282820338e-09	2.35769521880224e-09	1.57179681253483e-09	1.04786454168989e-09
0.119872538006889	0.130518840146265	0.126529491435792	0.114132842589025	0.103703588701239	0.102620811447269	0.110372747945553	0.119803034134058	0.123421682951191	0.118824634454938	0.109102947358617	0.0991511222798146	0.0918664982917127	0.0874382624742445	0.0842272725004723	0.0802669276892505	0.0742675356548305	0.0662263780112724	0.0573375062097909	0.0491928108242657	0.0427335632564136	0.0378785374821073	0.0337319471146261	0.0292739560633326	0.0239798612594435	0.0180844368643782	0.012375068459872	0.00759583759870539	0.00415732343212268	0.00203768545566824	0.000910436190076893	0.000399775762694015	0.000201847271865073	0.000138042640899773	0.000107829882742855	8.43518277380962e-05	5.80490207326019e-05	3.46243505579942e-05	1.76990973796383e-05	7.72727114549628e-06	2.87919302709977e-06	9.14955075714901e-07	2.44812334963949e-07	5.54291343496047e-08	3.05902320501826e-07	2.03934880334551e-07	1.359565868897e-07	9.06377245931335e-08	9.06377245931335e-08	9.06377245931335e-08	6.04251497287556e-08	4.02834331525039e-08	2.68556221016693e-08	1.79037480677795e-08	1.19358320451864e-08	7.95722136345758e-09	5.30481424230504e-09	3.53654282820336e-09	2.35769521880224e-09	1.57179681253483e-09
0.136348265205709	0.14751772174065	0.142500829962154	0.128939072657618	0.118907335259836	0.120760844347427	0.133723017001916	0.149439760774176	0.159251892220165	0.160216883251653	0.155349476373319	0.149375128947923	0.1447032973435	0.141057692121706	0.136594933815811	0.129461801760227	0.118829010086038	0.105581026463445	0.0920204673220064	0.0805301945420423	0.0720249931347657	0.0656852450735464	0.0596788632107518	0.0523971490702468	0.0432719221700693	0.0329594733321706	0.0228895523617804	0.014357769316194	0.00809957644084033	0.00413938012528818	0.00197626820486287	0.000975375104767915	0.000582850951911022	0.000448595461428437	0.000369248320342492	0.000288954910277558	0.000198100973425102	0.000117485299609207	5.97608581706769e-05	2.59887007446178e-05	9.65197685564675e-06	3.05933195540174e-06	8.14401267745353e-07	1.83372217192101e-07	3.05902320501826e-07	2.03934880334551e-07	1.359565868897e-07	1.359565868897e-07	1.359565868897e-07	1.359565868897e-07	9.06377245931337e-08	6.04251497287558e-08	4.02834331525039e-08	2.68556221016693e-08	1.79037480677795e-08	1.19358320451863e-08	7.95722136345756e-09	5.30481424230504e-09	3.53654282820336e-09	2.35769521880224e-09
0.143596098222512	0.154915906242682	0.149732778040041	0.136638018263982	0.128730433599193	0.134940680030344	0.154407903827661	0.178209675380113	0.19714225558985	0.20783769404454	0.212679989309828	0.215287823806738	0.21678385935359	0.216084841757958	0.211226588946696	0.20073167478505	0.184523075792221	0.164693578156044	0.144988025063631	0.128785248164019	0.116946706024758	0.107729266286269	0.0982273847368821	0.0862811380248857	0.071420597153612	0.0548477625759018	0.0387016218532582	0.0248790773092691	0.0145221743798529	0.0077854330082459	0.00401061897584504	0.00223884170169707	0.00154315764227779	0.00128643376103414	0.00108907326889708	0.000850310149632145	0.000579908703661238	0.000341739010279958	0.000172870001624852	7.4834447929484e-05	2.76874540790756e-05	8.74893807981423e-06	2.31447119728106e-06	5.17668664362816e-07	3.05902320501826e-07	2.03934880334551e-07	2.03934880334551e-07	2.03934880334551e-07	2.03934880334551e-07	2.03934880334551e-07	1.359565868897e-07	9.06377245931337e-08	6.04251497287558e-08	4.02834331525039e-08	2.68556221016692e-08	1.79037480677795e-08	1.19358320451863e-08	7.95722136345756e-09	5.30481424230504e-09	3.53654282820335e-09
0.139076930318436	0.150066732774291	0.145736560379579	0.134974946073233	0.130993208070455	0.142775941633288	0.169641689818559	0.202952209173142	0.233775000180795	0.258457475505088	0.278099726499307	0.294198539441288	0.305835413907537	0.310901196781941	0.307485842910814	0.294714228941816	0.27336357232017	0.246758302004314	0.220131889516413	0.197918796590423	0.180972053352699	0.166678460448912	0.151218099521736	0.13215434492337	0.109353415411488	0.0846242341021522	0.0607263798431909	0.0400741990400371	0.0242608383914038	0.0137025465162713	0.0076618109000568	0.00481189368855339	0.00369943733319873	0.00323843710020846	0.00277429386059666	0.00215394074064289	0.00145848715293083	0.000853118627932135	0.000428770468495682	0.000184617881960314	6.79983228471606e-05	2.14081103861427e-05	5.62039436312716e-06	1.2470765664445e-06	3.05902320501826e-07	3.05902320501826e-07	3.05902320501826e-07	3.05902320501826e-07	3.05902320501826e-07	3.05902320501826e-07	2.03934880334551e-07	1.359565868897e-07	9.06377245931337e-08	6.04251497287556e-08	4.02834331525038e-08	2.68556221016692e-08	1.79037480677795e-08	1.19358320451863e-08	7.95722136345753e-09	5.30481424230502e-09
0.122910770467514	0.133010606374141	0.130371147065197	0.123479933778979	0.124707592206864	0.142554871887299	0.176792432765187	0.219923521862934	0.264070102164807	0.305419996451432	0.3432602302492	0.37627526836514	0.401157990152978	0.414840954407514	0.415699331181151	0.403530886515804	0.379750866932141	0.348496697073079	0.316076088093875	0.287747193767599	0.264408749139062	0.242879794689882	0.218891852695367	0.1902134158842	0.157349537059336	0.122733813888755	0.0895741477469683	0.0606612301916641	0.0380809441564942	0.022678274155018	0.013748115847785	0.00955171135927977	0.00792033570960833	0.00711772268667185	0.00610622794476925	0.00470162359840588	0.00315659014636773	0.00183275400866008	0.000917112208578005	0.000395669532729881	0.000148109955483224	4.90254014599325e-05	1.460794272376e-05	4.32535350890113e-06	8.96865638937295e-07	3.88262962685817e-07	1.42932403869452e-07	4.47446985482639e-08	1.19112853874347e-08	2.69638454312441e-09	3.05902320501826e-07	2.03934880334551e-07	1.359565868897e-07	9.06377245931335e-08	6.04251497287557e-08	4.02834331525038e-08	2.68556221016692e-08	1.79037480677795e-08	1.19358320451863e-08	7.95722136345754e-09
0.0985999547043465	0.107350166355716	0.106775529305946	0.104375696275034	0.110931345732362	0.134049282100527	0.174145055278878	0.225457732547781	0.281669609842349	0.338926673883477	0.394613091569807	0.44468718329351	0.483826905141923	0.508400155110775	0.517196788048788	0.510442879720325	0.489602165820949	0.45877090501169	0.424435524690844	0.392094255520698	0.362688268603206	0.332959862331058	0.298869962164219	0.258942093673547	0.214579568151942	0.168825101385945	0.125205143195615	0.0868323112501639	0.0563855862053021	0.0353086838957398	0.0230150505340479	0.0172785174164152	0.0150091652130463	0.0136220342033985	0.0116183776268307	0.00885002399767417	0.00588254119248757	0.00338791336155796	0.0016885046055891	0.000731950447933745	0.000280710814414061	9.92591442523182e-05	3.39275207994984e-05	1.24164575080483e-05	4.0315838322922e-06	1.74531681790906e-06	6.42508691974798e-07	2.01136040245356e-07	5.35435225801506e-08	1.21207679921641e-08	3.05902320501826e-07	2.03934880334551e-07	1.359565868897e-07	9.06377245931335e-08	6.04251497287557e-08	4.02834331525038e-08	2.68556221016692e-08	1.79037480677795e-08	1.19358320451863e-08	7.95722136345754e-09
0.07199929787553	0.0792238585707419	0.0805195861309867	0.082041943033852	0.0926157067875633	0.118769459058609	0.161607579965967	0.217262551488681	0.281082345778841	0.349334678668026	0.418039966726214	0.481457275712411	0.533348362469384	0.57009259891991	0.590760278983979	0.595401519088799	0.58467930929041	0.561565923592131	0.531541888646055	0.499509780601278	0.466380654022847	0.429404097670207	0.385500963289555	0.334375520448809	0.278394991656308	0.221128704674564	0.166415214719612	0.117826326427026	0.0788254548067305	0.0515827254705869	0.0356397513773547	0.0281796615930515	0.0250390280189935	0.0226731908249109	0.0191240317775037	0.0143828854544973	0.00945798061702291	0.00540935420874634	0.00269926324895974	0.00119375688244463	0.000486260508606016	0.000195842796162034	8.21551759817622e-05	3.71098286990327e-05	1.54648924875983e-05	6.69492141762427e-06	2.4646214135868e-06	7.7154472464663e-07	2.05389458474569e-07	4.64944750409336e-08	3.05902320501826e-07	2.03934880334551e-07	1.359565868897e-07	9.06377245931335e-08	6.04251497287557e-08	4.02834331525038e-08	2.68556221016692e-08	1.79037480677795e-08	1.19358320451863e-08	7.95722136345754e-09
0.0488371061789872	0.054683287525072	0.0572214505213651	0.0611769291092903	0.0734561930273796	0.0995435140229644	0.141114065701439	0.195937783362996	0.260803274167722	0.332343752568134	0.406244987175489	0.476682327737438	0.537916138379084	0.586852776127856	0.622466773746929	0.643884269551362	0.650166962146888	0.64220159498878	0.623329429881133	0.596988919907499	0.56393188748805	0.522437148929416	0.470967051457837	0.410558229107295	0.344342664293051	0.276256452436818	0.210578161465477	0.151660611720449	0.10398618737579	0.0704773292911719	0.0507161342604829	0.0412155635367805	0.0367478053535228	0.0328812491580764	0.0273091195766719	0.0202504264910678	0.013183699476195	0.00752508616495315	0.00381495313787253	0.00178281689970582	0.000822361069740557	0.000403341509676618	0.000208980195912136	0.000108955775954039	5.09650934964569e-05	2.20256739397673e-05	8.09802807040146e-06	2.53265370376156e-06	6.7231416402119e-07	1.52193273943608e-07	3.05902320501826e-07	2.03934880334551e-07	1.359565868897e-07	9.06377245931335e-08	6.04251497287557e-08	4.02834331525038e-08	2.68556221016692e-08	1.79037480677795e-08	1.19358320451863e-08	7.95722136345754e-09
0.0323141270825821	0.0371208651857866	0.0401509482798491	0.0448398828795376	0.0564829018667714	0.0796697179075058	0.116409782173007	0.165628595833097	0.225198048136192	0.29240326902292	0.363678952937866	0.434601543552369	0.501048068960922	0.560735346977869	0.612188317158556	0.653134510301702	0.680641317084193	0.692979206112579	0.690579737239697	0.674732357270787	0.645833019854132	0.603450563256472	0.547838934247855	0.481230075982152	0.407160357229587	0.329766566474291	0.253977302029758	0.185297635979096	0.129387661866367	0.0898085594438706	0.0660348333619003	0.0539371910294457	0.0474736969121966	0.041619036257616	0.0339062315957393	0.0247758542092989	0.016023589786998	0.00923800877844371	0.00490515882561169	0.00256779996743389	0.00143106584761381	0.000861255412432284	0.000518084219499245	0.000290988784551194	0.000142842127500355	6.16797848236066e-05	2.26629224429249e-05	7.0844340615317e-06	1.87797269152631e-06	4.25120914589373e-07	3.05902320501826e-07	2.03934880334551e-07	1.359565868897e-07	9.06377245931335e-08	6.04251497287557e-08	4.02834331525038e-08	2.68556221016692e-08	1.79037480677795e-08	1.19358320451863e-08	7.95722136345754e-09
0.0223259730342019	0.0264125360544785	0.0293593046449612	0.0335825401336971	0.0431482240637519	0.0618951254431663	0.0918913716082203	0.132741544433951	0.183104192429967	0.241146052344804	0.304713832045619	0.37148747331094	0.439339134401828	0.506857913087946	0.572133263103485	0.631645189048915	0.680652828412796	0.714780862702999	0.731241450697432	0.72876823867451	0.707124720683906	0.66707354606273	0.610568972711589	0.540790382188107	0.461394724988146	0.376636591728596	0.292255072781268	0.215103513286289	0.151971047067831	0.106818322320444	0.0788775829382929	0.0635581247108245	0.0544617470751322	0.0464110096563775	0.036970118036992	0.026669279821247	0.0173080856614281	0.0103570736629868	0.006082167236542	0.00380724383833151	0.00259970295557009	0.0018133762402881	0.00118075997243369	0.000684665704398767	0.000342222228795414	0.00014757932438803	5.41732134121178e-05	1.69224654538712e-05	4.47640307414928e-06	1.01333346195059e-06	3.05902320501826e-07	2.03934880334551e-07	1.359565868897e-07	9.06377245931335e-08	6.04251497287557e-08	4.02834331525038e-08	2.68556221016692e-08	1.79037480677795e-08	1.19358320451863e-08	7.95722136345754e-09
0.0166338862611592	0.0201605904318773	0.0227583736854844	0.026128323206908	0.0334256559025976	0.0478134836566126	0.0711778672277475	0.103468096598701	0.143963622750273	0.191788891234335	0.246235405546518	0.306837473272356	0.373092055170181	0.444433550740051	0.51902439445466	0.592868793150645	0.66004410930688	0.713839333314745	0.748306602759466	0.759488729453496	0.746215464483057	0.710110868772874	0.654614107370219	0.58377541404625	0.501358927472649	0.411704970034546	0.321240911292495	0.237936611461823	0.169368336703497	0.119611528140843	0.0876395427306146	0.0687384306214337	0.056695272201162	0.0466283363157504	0.0362592918890041	0.0260032236405759	0.0173185779728224	0.0112767921311636	0.00778215263609914	0.00592385797138305	0.00469311971360642	0.00353750865219175	0.00238176798037055	0.00139607518180566	0.00070139867219307	0.0003018876359396	0.000110659171397778	3.45305231428371e-05	9.10525260296793e-06	2.06117657173971e-06	3.05902320501826e-07	2.03934880334551e-07	1.359565868897e-07	9.06377245931335e-08	6.04251497287557e-08	4.02834331525038e-08	2.68556221016692e-08	1.79037480677795e-08	1.19358320451863e-08	7.95722136345754e-09
0.0127598370948431	0.01573100642849	0.0179795170034557	0.0207634178922243	0.0265450490145075	0.0378324535002089	0.0561602733512599	0.0816267937846401	0.11403759960956	0.15337040045738	0.199925726398245	0.254266006492342	0.316766175742367	0.387683298011686	0.4659995989391	0.54822996632553	0.628006451180227	0.696745205396385	0.745671363587261	0.768262012430541	0.76220457751903	0.729654280609671	0.675457547357197	0.604795425892703	0.521796206618799	0.430758452904328	0.338204977335263	0.252448674342221	0.181243393070243	0.128555325391884	0.0932698207364337	0.0709906961719678	0.0561581840490129	0.044501085100602	0.0339414330028637	0.0246190502472711	0.0174471104045684	0.0129551353456227	0.0106220796995876	0.00929676040588112	0.00793405490380782	0.00615644379637534	0.00418305858969721	0.00245314793418038	0.00123129494683716	0.00052844197105266	0.000193296318755945	6.02212165383566e-05	1.58043890852498e-05	3.57767520942335e-06	3.05902320501826e-07	2.03934880334551e-07	1.359565868897e-07	9.06377245931335e-08	6.04251497287557e-08	4.02834331525038e-08	2.68556221016692e-08	1.79037480677795e-08	1.19358320451863e-08	7.95722136345754e-09
0.00934486634785943	0.011724677534767	0.013754850096252	0.0164603751318423	0.0217648240218718	0.031543462808986	0.0468831438458845	0.0678927320980828	0.0947789071256668	0.128146419884425	0.168775755242214	0.217457271754995	0.274779033537031	0.34176515259757	0.418724334661678	0.503359846006428	0.58944842967007	0.667131565683903	0.725445411890936	0.755705684365503	0.754406017015725	0.723995866611936	0.670786899244345	0.601533447128783	0.521064438673813	0.433341258685352	0.34401760722171	0.260614813511811	0.19033193376315	0.136917480270431	0.0995083026169011	0.0744946981245955	0.0572808843437782	0.0443328614470654	0.0337536550644532	0.0253729387471425	0.0195834507223778	0.0164250840274243	0.0149920121838401	0.0139072166172493	0.0121027823500581	0.00940531567885299	0.00636534233912552	0.0037125296198823	0.00185466536097321	0.000792606771289413	0.000289023339272772	8.9833118862677e-05	2.34091868404669e-05	5.29919043248952e-06	3.05902320501826e-07	2.03934880334551e-07	1.359565868897e-07	9.06377245931335e-08	6.04251497287557e-08	4.02834331525038e-08	2.68556221016692e-08	1.79037480677795e-08	1.19358320451863e-08	7.95722136345754e-09
0.00621544699599985	0.0080370081594238	0.00998547470978949	0.0129865359246495	0.0185530707420648	0.0279921826096571	0.0419110281726167	0.0602960472206491	0.083564493866589	0.112702434946071	0.148655493812037	0.192075280719513	0.243432341582189	0.304322106452242	0.376300108071855	0.45834469815856	0.544782286116593	0.625321340999956	0.687839317006852	0.722198565233826	0.723787337650273	0.695076133989854	0.643699290037083	0.578145270960836	0.504063484932986	0.424715099864422	0.343986788912124	0.267593124659509	0.201577027069733	0.149474777958228	0.111071669957267	0.0839496305084627	0.0646244314298019	0.0502581267670962	0.0390715681093521	0.0306574123054365	0.0250945689693692	0.0221453835891356	0.0206636345929095	0.0191117411091744	0.0164121638953488	0.0125684798042701	0.00840017690264981	0.00484914787394396	0.00240306599350487	0.00102059961462883	0.00037047149935534	0.000114750151003179	2.95881521837968e-05	6.697936756025e-06	3.05902320501826e-07	2.03934880334551e-07	1.359565868897e-07	9.06377245931335e-08	6.04251497287557e-08	4.02834331525038e-08	2.68556221016692e-08	1.79037480677795e-08	1.19358320451863e-08	7.95722136345754e-09
0.00369005955364543	0.0050565486036019	0.00697720571156822	0.0103369972522841	0.0163440001880543	0.0258401762065196	0.0389816591144248	0.0555287315642744	0.075912942697073	0.101317786661426	0.132812237168346	0.170973393818529	0.21611153586519	0.270014714290218	0.334862187325277	0.410522473631025	0.492200873567806	0.570263392947627	0.632778217304357	0.669108742132071	0.673738728025114	0.648728097689218	0.602369133416633	0.544342262909156	0.480785726749968	0.413981971884596	0.345672555727448	0.279332171221036	0.219596327384148	0.169874680432332	0.130932349261906	0.101826801610361	0.0802294133654018	0.0638638397538389	0.0509688045227991	0.0409872353399421	0.0339303753821408	0.0295542893918128	0.0266891293958028	0.0237714452145784	0.0197507401503764	0.0147353298068456	0.00965433742382308	0.00548833564225849	0.00268770165769736	0.00113124351096818	0.000407947013141435	0.000125721150573935	3.19133400920293e-05	7.22429478806676e-06	3.05902320501826e-07	2.03934880334551e-07	1.359565868897e-07	9.06377245931335e-08	6.04251497287557e-08	4.02834331525038e-08	2.68556221016692e-08	1.79037480677795e-08	1.19358320451863e-08	7.95722136345754e-09
0.00197646483490579	0.00301772123224185	0.0048816150709915	0.00841247676995937	0.0145899690734782	0.0239089240629476	0.0361587088069378	0.0508434863511457	0.0682831519707947	0.0897535376019012	0.1165323529231	0.149336159517067	0.188354537384972	0.23509129840879	0.291545492981161	0.35797751550917	0.430806147050359	0.502172902666679	0.561700581891368	0.599288222855061	0.608848933625274	0.591546101321815	0.55521197030441	0.509476308823104	0.460172207831211	0.408455751228818	0.354171540199667	0.298810186890263	0.245726736911802	0.198305809911443	0.158465881571263	0.12687961596694	0.102397020778692	0.0831922198426546	0.067433862835609	0.0544518925606092	0.0443441542523241	0.0370737086836454	0.0316636396070611	0.0266931764222299	0.021185611524337	0.0152525260441911	0.00972437459876851	0.00541263953727837	0.00260703908758179	0.00108330027239178	0.000387040631895259	0.000118415643811233	2.93730860661694e-05	6.64925175382263e-06	3.05902320501826e-07	2.03934880334551e-07	1.359565868897e-07	9.06377245931335e-08	6.04251497287557e-08	4.02834331525038e-08	2.68556221016692e-08	1.79037480677795e-08	1.19358320451863e-08	7.95722136345754e-09
0.00101119851385663	0.00183245660107054	0.00356608417713819	0.00698975100449062	0.0129042600904866	0.0215682031281964	0.0325262557688683	0.0450817941996132	0.0594158603261867	0.0768389210905648	0.0988729120958904	0.126468132064625	0.15966452350899	0.19927595381046	0.246530551704901	0.301756867381288	0.362858794952506	0.424534236898311	0.478937246031918	0.517390673771557	0.533728920098724	0.527956120876095	0.506337242581033	0.476989136587077	0.444452933177508	0.408697534936391	0.368284267318942	0.323387774314144	0.276414153341964	0.230747056780717	0.189402389793252	0.154631148310702	0.126501835895751	0.103662585749581	0.0842366422490669	0.0674552107951194	0.0535218875200363	0.042679088091804	0.03426893134097	0.0271368086990022	0.0203967297271316	0.0140527876932974	0.0086531156416595	0.00468492009093624	0.00220689784564039	0.000900746929025537	0.000317703477904376	9.62111241985298e-05	2.30737962932324e-05	5.22243441555721e-06	3.05902320501826e-07	2.03934880334551e-07	1.359565868897e-07	9.06377245931335e-08	6.04251497287557e-08	4.02834331525038e-08	2.68556221016692e-08	1.79037480677795e-08	1.19358320451863e-08	7.95722136345754e-09
0.000538163532591496	0.00120520650590339	0.00274717861488886	0.00585045670698277	0.0111686753024923	0.0188127156179599	0.0282080241914324	0.0385595808504844	0.0499489263086828	0.0636753592711759	0.081426797913464	0.104300927466348	0.132103629351267	0.164777773719166	0.202587484014807	0.245826393790125	0.293924660276893	0.344299468532487	0.391959912431869	0.430204328736246	0.453377419425685	0.460466903008659	0.455559007532533	0.444199766849095	0.428882309052745	0.40841799290922	0.38073565157921	0.345396139670796	0.304167257533003	0.260290810758611	0.217531537329677	0.179431231931751	0.147275280879811	0.1203725930111	0.0970250558268079	0.0764511735067937	0.0589008039606687	0.0448172731715343	0.03384241703485	0.0251014467778262	0.0177618913749616	0.0116270514098772	0.00686401403488873	0.00358970726686973	0.00164328873724554	0.000654512515887902	0.000226912877549138	6.7754668620827e-05	1.54778231078383e-05	3.50022621983637e-06	3.05902320501826e-07	2.03934880334551e-07	1.359565868897e-07	9.06377245931335e-08	6.04251497287557e-08	4.02834331525038e-08	2.68556221016692e-08	1.79037480677795e-08	1.19358320451863e-08	7.95722136345754e-09
0.000325544278516837	0.000870929551344032	0.00218417651812468	0.00484641980234271	0.00938620276867062	0.0158326525743708	0.0236002793271327	0.03190562645482	0.0407903574423611	0.05149187328892	0.0657142787781422	0.084539640726731	0.107505610535352	0.13377959778418	0.16281083031306	0.194855687850967	0.230582969399257	0.269656056990611	0.309612246981942	0.345856806302522	0.37376597415639	0.391775397753583	0.401836582387695	0.406638174362809	0.406436420742384	0.399092429713378	0.382426890579653	0.355890871264418	0.320776712829126	0.279880519494077	0.237105209833214	0.196716850295533	0.161063370583438	0.130356742057465	0.103458115581532	0.0797770082860507	0.0595634746784325	0.0433018030051399	0.0307981075479227	0.0213692436024483	0.0141687983148135	0.00875493123663796	0.00491956850609459	0.00246728450447596	0.00109009552671336	0.000420091195012417	0.000142427165277648	4.17265334944773e-05	8.89958297569537e-06	2.00189886594887e-06	3.05902320501826e-07	2.03934880334551e-07	1.359565868897e-07	9.06377245931337e-08	6.04251497287558e-08	4.02834331525039e-08	2.68556221016692e-08	1.79037480677795e-08	1.19358320451863e-08	7.95722136345756e-09
0.00022296653039037	0.000658026930812461	0.0017216020788811	0.00388248431930307	0.00755750274970971	0.012739253532521	0.018912849824727	0.0254005485703783	0.0322572874869199	0.0406106227193399	0.052034958722945	0.0674717965475068	0.0862601743842567	0.107083306471145	0.128892626690822	0.151902043166767	0.177496116957553	0.206732278603138	0.238937755427261	0.271381887397143	0.300754073843452	0.325464093543564	0.345844549839991	0.362175265894695	0.372907515206721	0.375368145238041	0.36762037613672	0.349234290355089	0.321040968861663	0.28506265706757	0.244682252480727	0.204187600546288	0.166639732155837	0.133265329512881	0.103830141158932	0.0781799668948993	0.0565799340116453	0.0394143553087028	0.0264959748629515	0.0172147976520651	0.0106659607067156	0.00618798917355485	0.00328783345976977	0.00157018962360324	0.000664877793771397	0.000245014302361073	8.07404641979232e-05	2.30517479833427e-05	4.48915898922185e-06	9.77037098020573e-07	3.05902320501826e-07	3.05902320501826e-07	2.03934880334551e-07	1.359565868897e-07	9.06377245931337e-08	6.04251497287556e-08	4.02834331525038e-08	2.68556221016692e-08	1.79037480677795e-08	1.19358320451863e-08
0.000157995853611415	0.00048468635252103	0.00128709429633339	0.00291807520573537	0.00568947525989515	0.00958488477046008	0.0142112586479974	0.0190621036776823	0.02424232954956	0.0307382750347777	0.0399031328538031	0.0524949157980057	0.0677911837764039	0.0843260916112702	0.10086647891041	0.117548958803585	0.135923363517439	0.157567236680602	0.182776437358569	0.210223548588219	0.237902721112601	0.264574203571725	0.289638366409219	0.311843932411794	0.328654213132109	0.337352698972177	0.33636531415371	0.325325798015572	0.304537774578437	0.275103326450584	0.239502481582006	0.201495746890426	0.164406260091895	0.130321540226968	0.0999935622285435	0.0738282360903015	0.0521477999174584	0.0351783927739659	0.0226515316421986	0.0139618984883742	0.00816728633281631	0.00448158061651195	0.0022638115149806	0.00103519001075238	0.000423234658565457	0.000149818574001972	4.88058196760256e-05	1.39398731672173e-05	2.75116845197168e-06	5.65758526712704e-07	4.30326818928757e-08	9.91359904388457e-09	3.05902320501826e-07	2.03934880334551e-07	1.359565868897e-07	9.06377245931335e-08	6.04251497287557e-08	4.02834331525038e-08	2.68556221016692e-08	1.79037480677795e-08
0.000105273238382071	0.000328573561419524	0.000878148703341349	0.00199548569086592	0.00389557365268711	0.006566869303949	0.00975490326767061	0.0131473933787952	0.0169099741584417	0.0218733110111707	0.0291355923349143	0.039283195813054	0.0516583990687752	0.0649043239576749	0.0778322786215618	0.0904807979999645	0.104179227489603	0.120397150481456	0.139745191635662	0.161793276113349	0.185608373576877	0.21045520835459	0.235418520257359	0.258654774352458	0.277481972931007	0.289498685598793	0.293359458098745	0.288497823040284	0.27464053016727	0.252130200342759	0.222631463832841	0.189208883960756	0.155056665699157	0.122716472410749	0.0936442938230435	0.068683556672209	0.0482037019747621	0.0322865662048348	0.0205921153523938	0.0125365162508612	0.00723463787468118	0.00392315488043831	0.00196688398730032	0.000899820822540053	0.000372661595234354	0.000134865438180977	4.63432622707867e-05	1.43809010690571e-05	3.65135726031743e-06	7.79163439503556e-07	1.71905824717835e-07	3.96025844683192e-08	3.05902320501826e-07	2.03934880334551e-07	1.359565868897e-07	9.06377245931335e-08	6.04251497287557e-08	4.02834331525038e-08	2.68556221016692e-08	1.79037480677795e-08
6.40011770926305e-05	0.000199757269896512	0.000533879926741761	0.00121319738431743	0.00237127449099254	0.00400497873148251	0.00598143004840497	0.00815881679577198	0.0107469080502408	0.0144197044431421	0.0200294171958807	0.0280225046387154	0.0378783245678596	0.0484908954144314	0.0588502138914261	0.0689102004291033	0.0796081503747958	0.0919916568311311	0.106595153231382	0.123466737163977	0.142426696223871	0.163228264782294	0.185066282631559	0.206221654144466	0.224445708000964	0.237766234087258	0.244789124347199	0.244466910886381	0.236008703022291	0.219404301016017	0.195956671579476	0.168227660332125	0.139058185061167	0.110933639301571	0.0854692230152132	0.0635884738900174	0.0455951852756116	0.0314578629604442	0.0208391078933477	0.0132620942628249	0.00803772827640325	0.00458990157011323	0.00243278074801352	0.00118634839190198	0.000530976410893136	0.000213630649628126	8.17710159094791e-05	2.86589178850766e-05	8.93747918260228e-06	2.20697006724528e-06	5.86010870303905e-07	1.35001504624153e-07	3.05902320501826e-07	2.03934880334551e-07	1.359565868897e-07	9.06377245931335e-08	6.04251497287557e-08	4.02834331525038e-08	2.68556221016692e-08	1.79037480677795e-08
3.39721294983609e-05	0.000106032109867941	0.000283433085806957	0.000644184175117573	0.0012621067609223	0.00214007728913296	0.00322889656493808	0.00450160147415817	0.00617576715482279	0.00877171583594331	0.0129226736216189	0.0189660627499822	0.0265440705873434	0.0348595307638787	0.0431526593903937	0.0513343144496493	0.0599368768911204	0.069510223683731	0.0803476831887484	0.0926908377292159	0.106812441887338	0.122843065369653	0.140283129122638	0.15789703058236	0.174088263391945	0.187255564482241	0.195765522946246	0.198013642988681	0.192885203874808	0.180447764571806	0.162129526450316	0.140308558998541	0.117412577252169	0.0954494598318565	0.0756269599213721	0.0585095231290507	0.044150161315069	0.0324141643815533	0.0230567479354397	0.0158190709662623	0.0103399845304985	0.00635875771499938	0.00363656978685892	0.00192611571182334	0.000944875037624879	0.000424080702169082	0.000177934647510155	6.77824795288734e-05	2.29931847670459e-05	6.30375846945336e-06	1.70468308885334e-06	3.92714185972696e-07	3.05902320501826e-07	2.03934880334551e-07	1.359565868897e-07	9.06377245931335e-08	6.04251497287557e-08	4.02834331525038e-08	2.68556221016692e-08	1.79037480677795e-08
1.55895855651594e-05	4.86574340157394e-05	0.000130104217165515	0.00029578523399339	0.000582007956739079	0.000993968023497474	0.00152645512718232	0.00220760515360825	0.00322626714399839	0.00495679609658316	0.00784520499372383	0.0121436539916957	0.0176517497266276	0.0238827972266067	0.0303500523959429	0.0369651079818309	0.0439260524529087	0.0513478623337238	0.0592649844202033	0.0679477601372734	0.0778820811799464	0.089426188799846	0.102389873896549	0.116065394555674	0.129465471606019	0.141285013668237	0.14969673962795	0.152724444917526	0.149163945871681	0.139377729013721	0.125140070120851	0.108856613864655	0.0925962153731147	0.0777014521539266	0.0646197319105771	0.0532308556242937	0.0431708823404788	0.0341984843506667	0.0262395107384914	0.0193458530586995	0.0135499200859558	0.00893365218919461	0.00551036694525443	0.00317318787730105	0.00170020186166517	0.000835519815102737	0.000375944179317548	0.000151264091073324	5.3489579148521e-05	1.56223888208976e-05	4.2315992772819e-06	9.74849270463656e-07	3.05902320501826e-07	2.03934880334551e-07	1.359565868897e-07	9.06377245931335e-08	6.04251497287557e-08	4.02834331525038e-08	2.68556221016692e-08	1.79037480677795e-08
6.13980592268956e-06	1.91632548732002e-05	5.12590517796173e-05	0.000116576358390138	0.000231117606814787	0.00039962693946757	0.000632112036566749	0.000968536126427132	0.00154779999512493	0.00261550848154062	0.00446533938821024	0.00728279523291797	0.01099773199646	0.0153887375479513	0.0202146369946556	0.0254138292621204	0.0309569270301156	0.0366604265000278	0.0423670991690354	0.0482979919652937	0.0549752790965013	0.0628301656772607	0.0718740789939398	0.0817987252206462	0.0920856641439543	0.101726894940379	0.108938803579121	0.111685483877866	0.108817803436349	0.100916027206869	0.0899906477865708	0.078500316147776	0.0682686325810332	0.0600425744622462	0.0534737845135567	0.0476726618520582	0.0418036017490264	0.0355367738578007	0.0290267049178677	0.0226752747660611	0.0168635002815931	0.0119010296094287	0.00793966437149413	0.00497432764348251	0.0028899912453243	0.00152573632915078	0.000722478538482039	0.000301321784095205	0.000109150373129593	3.30873156695188e-05	8.96372071347941e-06	2.06500569302211e-06	3.05902320501826e-07	2.03934880334551e-07	1.359565868897e-07	9.06377245931335e-08	6.04251497287557e-08	4.02834331525038e-08	2.68556221016692e-08	1.79037480677795e-08
2.0656215386048e-06	6.44711453656436e-06	1.72534677215147e-05	3.92572763969055e-05	7.88810951044997e-05	0.00013935622763541	0.000231341727893269	0.000386039005097108	0.000690858465554076	0.00129012288764235	0.00236185603237749	0.00403776489770765	0.0063332554611391	0.00921015175096851	0.0126041545987203	0.0164863279682825	0.020714165618765	0.0249669193493344	0.0289974257564512	0.032953658853884	0.0372780255438564	0.0423547392659037	0.0482792350894494	0.0549911440997699	0.0623119948613621	0.0695707340816567	0.0752703046431925	0.0775587537561944	0.0753485652887585	0.0691869805147611	0.0610405893064782	0.0533277071760621	0.0477480235729661	0.0446841272300781	0.0432131875535219	0.0418310819483448	0.0393173932223361	0.03530993720576	0.0302201882053776	0.0247668314325836	0.0195286058030832	0.0148156390582754	0.0107206191073312	0.00727060019528503	0.00451813140881403	0.00251319546179395	0.0012320096871688	0.000525547328667882	0.000193107811647726	5.98092309239518e-05	1.62029838698636e-05	3.7327416822457e-06	3.05902320501826e-07	2.03934880334551e-07	1.359565868897e-07	9.06377245931335e-08	6.04251497287557e-08	4.02834331525038e-08	2.68556221016692e-08	1.79037480677795e-08
5.9858471707131e-07	1.86827265240578e-06	5.00163743455142e-06	1.13844560570912e-05	2.34068214282897e-05	4.28244700730145e-05	7.64258191399317e-05	0.000142420069086086	0.00028805792221723	0.000588383276622774	0.00114183520879554	0.00203640491728451	0.00332487904743661	0.00506031520828276	0.00727219188960123	0.00995651000876873	0.0129521347330878	0.0159382115090302	0.0186695806694788	0.0212271660651907	0.0239206270103785	0.0270302591121648	0.0306687236606547	0.0349205026512022	0.0398477425143678	0.0451109118488683	0.0496021016094025	0.0517460123714569	0.0504614064876103	0.046047324026667	0.0401858145008038	0.0351350257884207	0.0325406812358283	0.0326616044615615	0.0343216385486376	0.0356955081142287	0.0353633870032315	0.03300312166475	0.0292628747707307	0.0250779259248747	0.0210321083200553	0.0172041592815663	0.0134422927913355	0.00973950174082257	0.00636210171240323	0.00366490912783378	0.00183655203746544	0.000794130269064967	0.000294238715037693	9.22566757573213e-05	2.49933564784308e-05	5.75781252734467e-06	3.05902320501826e-07	2.03934880334551e-07	1.359565868897e-07	9.06377245931335e-08	6.04251497287557e-08	4.02834331525038e-08	2.68556221016692e-08	1.79037480677795e-08
1.48021021190706e-07	4.61995801070258e-07	1.2375081229163e-06	2.81824766021183e-06	6.03405016094902e-06	1.1686851755448e-05	2.31135568524819e-05	4.89473360323714e-05	0.000111305576617797	0.000244486799233607	0.000497879252940782	0.000925111286010925	0.00158079424276652	0.00253957299117501	0.00386063954565323	0.00555574846935189	0.00750027813733705	0.00944720418031805	0.011198359280467	0.0127772500438219	0.0143589483998869	0.0161243798099851	0.0181933742237663	0.020741310036101	0.0239825068992028	0.0278296820251656	0.0315245899916528	0.0337660148578039	0.0334713331460863	0.0306388579016624	0.0265628904445199	0.0232350931655714	0.0222274953506377	0.0238156735830861	0.0268453748779367	0.0294703881829394	0.0302675446331902	0.0289974826036971	0.02646655208549	0.0236975482482079	0.0211433074896925	0.0185444670235892	0.0154344498366519	0.0117386470388595	0.00792836502647135	0.00466797277386309	0.00237048306952626	0.00103309551751701	0.000384618862890776	0.000121436792160342	3.28985735844669e-05	7.57896680583443e-06	3.05902320501826e-07	2.03934880334551e-07	1.359565868897e-07	9.06377245931335e-08	6.04251497287557e-08	4.02834331525038e-08	2.68556221016692e-08	1.79037480677795e-08
3.05902320501826e-07	3.05902320501826e-07	2.53995201944442e-09	1.13941645877756e-08	2.43240877717994e-07	1.04578486994328e-06	3.91238428755462e-06	1.24797697723795e-05	3.58918187942603e-05	8.78371509194456e-05	0.000191014612210771	0.000374813484426724	0.000680918291193869	0.00117382913774982	0.00191396190995214	0.00292705522464515	0.00414144123907814	0.00538964697988656	0.00650785757862847	0.0074545021023006	0.00829090940025567	0.0091375801362329	0.0101450418109227	0.0115553393889727	0.0136544797556843	0.0164912650790341	0.0195546589999697	0.0217978775200387	0.0222093018984174	0.0205834689211986	0.0178472236659789	0.015650620172281	0.0154081666764262	0.0174380005148926	0.0207616418265389	0.023710838984236	0.0249757277309171	0.024376998350921	0.0227641044804039	0.0211504874547297	0.0198531715762412	0.0183566773759679	0.0159598029248507	0.0125209429983594	0.00862969366924383	0.00514613673548523	0.00263344042034938	0.00115271880407732	0.000430328274879058	0.000136403549590148	3.69532341355726e-05	8.51305404359435e-06	3.05902320501826e-07	2.03934880334551e-07	1.359565868897e-07	9.06377245931335e-08	6.04251497287557e-08	4.02834331525038e-08	2.68556221016692e-08	1.79037480677795e-08
2.03934880334551e-07	2.03934880334551e-07	3.05902320501826e-07	3.05902320501826e-07	6.58789535124715e-08	2.98367091648219e-07	1.15796571491602e-06	3.79877341708813e-06	1.1432012661831e-05	2.89036077594765e-05	6.73574053118857e-05	0.000142681058537045	0.000286315330661279	0.000552749843859683	0.00100649140229839	0.00169572243099571	0.00259493468909667	0.00357505874896433	0.0044464092391607	0.0050646566182078	0.00539144958629601	0.00553551043320938	0.00572306783472394	0.00626878758345928	0.00747964155820523	0.00944216096615583	0.0117962478245667	0.0137385337385179	0.0144282121426438	0.0136029035024539	0.0118993118738497	0.0105931529140149	0.0108560487767761	0.0130096917904269	0.0162827655162561	0.01924128698068	0.0206907481308661	0.0204332496753109	0.0192589395908396	0.0181524504533369	0.01741941179637	0.0165095052457982	0.0146619937711085	0.0116823064077132	0.0081351448279636	0.004883438077161	0.00250925468096375	0.0011007505972075	0.000411563817862302	0.000130744659471389	3.54201780521032e-05	8.15987820944258e-06	3.05902320501826e-07	2.03934880334551e-07	1.359565868897e-07	9.06377245931335e-08	6.04251497287557e-08	4.02834331525038e-08	2.68556221016692e-08	1.79037480677795e-08
1.359565868897e-07	1.359565868897e-07	2.03934880334551e-07	3.05902320501826e-07	1.85384973110055e-08	8.39612232936567e-08	3.23362118713522e-07	1.05902370396813e-06	3.28615044061873e-06	8.49459637344057e-06	2.45316622800655e-05	6.17325389821223e-05	0.000151669054120933	0.000356063003974785	0.00076588924187242	0.0014711814128343	0.00248248665021217	0.00365171996903616	0.00467721242533397	0.00524450697855771	0.00520553335605086	0.0046998430927664	0.00409080773569226	0.00380798249684592	0.00417700978539124	0.00527119154265195	0.00681110534076854	0.00820837024967141	0.00884105597699845	0.00849236268858358	0.0075950000531948	0.00708031722725581	0.00785503593060582	0.0102062117662543	0.0135234182430737	0.0165488771235563	0.0181224904001895	0.0179377140994835	0.0166722324360047	0.0153275449530352	0.0143661651859925	0.0134352044860915	0.0118839032014504	0.00947517706149734	0.00661176895372074	0.00397708028051699	0.00204680240366292	0.000898443087463798	0.00033621556134079	0.000106941222725507	2.89715630861081e-05	6.67428678568677e-06	3.05902320501826e-07	2.03934880334551e-07	1.359565868897e-07	9.06377245931335e-08	6.04251497287557e-08	4.02834331525038e-08	2.68556221016692e-08	1.79037480677795e-08
9.06377245931335e-08	1.359565868897e-07	2.03934880334551e-07	3.05902320501826e-07	4.45169360440808e-09	2.01618089365182e-08	7.76497173225715e-08	2.54305889564884e-07	8.24182632648259e-07	2.19515573041954e-06	1.35665118560842e-05	4.53580995153747e-05	0.000140017499500089	0.00038534420149513	0.000923134778900533	0.00190593585589544	0.00337417546435694	0.00511102906279706	0.00662167526193801	0.00734946344232977	0.00701289021270128	0.00581621056526634	0.00432707000530832	0.0031548163443057	0.00267697671448857	0.00293963668138457	0.00368963029776907	0.00449267942487518	0.00492115815978247	0.00483678762928282	0.00454044811224351	0.00469432684501257	0.00597804642748291	0.00862866830153707	0.0121315111585614	0.015320826784411	0.0169985792875247	0.0167078827698129	0.0150102333757157	0.0129678127061694	0.0112958390730094	0.00996073029384668	0.00851099412870946	0.00667541649987556	0.00462694751446837	0.00277661494972019	0.00142811571554517	0.000626350520262064	0.000234508211393171	7.46430253130797e-05	2.0221623258849e-05	4.65853059086024e-06	3.05902320501826e-07	2.03934880334551e-07	1.359565868897e-07	9.06377245931335e-08	6.04251497287557e-08	4.02834331525038e-08	2.68556221016692e-08	1.79037480677795e-08
6.04251497287556e-08	9.06377245931337e-08	1.359565868897e-07	2.03934880334551e-07	3.05902320501826e-07	3.05902320501826e-07	3.05902320501826e-07	3.05902320501826e-07	3.46010997501223e-08	1.54545503950838e-07	1.27868784504555e-05	5.11905625726141e-05	0.000174582564545418	0.000507250720872105	0.00125456423710697	0.00264145462092349	0.00473405931917698	0.00722197740466232	0.00937905574864225	0.0103746401196777	0.00978375999361494	0.00789220062375387	0.00550636200772539	0.00345601057682273	0.00220299420326013	0.00177093400149794	0.00189474846953103	0.00221976590084038	0.0024441422439618	0.00249012717782397	0.00257538593904697	0.00317656021747796	0.00480615005379812	0.00765378587868251	0.0112614956592971	0.0145255519143795	0.0162210233885014	0.0157763969228635	0.0136537388166932	0.0109528458061228	0.00859899295407788	0.00684830716056982	0.00544667136814171	0.00410651801535621	0.00279353360925177	0.00166277399285984	0.000852389273712163	0.000372815296030492	0.000139622152470603	4.4458644966371e-05	1.20443399143864e-05	2.77469940071872e-06	3.05902320501826e-07	2.03934880334551e-07	1.359565868897e-07	9.06377245931335e-08	6.04251497287557e-08	4.02834331525038e-08	2.68556221016692e-08	1.79037480677795e-08
4.02834331525039e-08	6.04251497287558e-08	9.06377245931337e-08	1.359565868897e-07	2.03934880334551e-07	2.03934880334551e-07	2.03934880334551e-07	3.05902320501826e-07	8.8115309482509e-09	3.9356624523792e-08	1.55975057097856e-05	6.29018533817256e-05	0.000215796534511774	0.000629800988077026	0.00156336283420603	0.00330081647226991	0.00592761201883934	0.00905385195821871	0.0117623204151626	0.0129993199872465	0.0122241426039568	0.00979043092138889	0.00670161749870878	0.0039745362280452	0.00215158431471684	0.00124438279044495	0.000965560888474104	0.000988971086708541	0.00107486047166275	0.00117184051090189	0.0014368182885462	0.00221733914847427	0.00390153298956444	0.0066380776691467	0.010027729029431	0.0130767025476422	0.0146338417962122	0.0141065615029256	0.0118666199112472	0.00895325535572768	0.00634673509227961	0.00445957241115498	0.00317960370102108	0.00223364312794615	0.00146399773604008	0.000856377260644274	0.000435675039767057	0.000189417579151985	7.0949334500457e-05	2.25967567945882e-05	6.12171198655755e-06	1.41028156804052e-06	3.05902320501826e-07	2.03934880334551e-07	1.359565868897e-07	9.06377245931335e-08	6.04251497287557e-08	4.02834331525038e-08	2.68556221016692e-08	1.79037480677795e-08
2.68556221016693e-08	4.02834331525039e-08	6.04251497287558e-08	9.06377245931337e-08	1.359565868897e-07	1.359565868897e-07	1.359565868897e-07	2.03934880334551e-07	3.05902320501826e-07	3.05902320501826e-07	1.66921694018115e-05	6.74461298110527e-05	0.000231743434803724	0.000677130411154814	0.00168244134666384	0.0035548115708404	0.00638710379742557	0.00975898827948204	0.0126801192194902	0.0140112970315014	0.0131673003699427	0.0105269277181476	0.00716751056210966	0.00417517245427609	0.00212052366725756	0.00100929024854212	0.000548019082685501	0.000426724606977652	0.000436622875107173	0.000531192866786058	0.000817702598987853	0.00154411111818419	0.00299394740527805	0.00527764328733081	0.0080759545149036	0.0105832012719302	0.0118464945114658	0.0113521510423602	0.00938084983615402	0.006794771138006	0.00445448112130715	0.00277956462947927	0.00173590074855887	0.00109674834942079	0.000673944242518655	0.000381508755251818	0.000191180623669896	8.21374713352012e-05	3.0768566264916e-05	9.8007407571252e-06	2.65512934955363e-06	6.11672027475527e-07	3.05902320501826e-07	2.03934880334551e-07	1.359565868897e-07	9.06377245931335e-08	6.04251497287557e-08	4.02834331525038e-08	2.68556221016692e-08	1.79037480677795e-08
1.79037480677795e-08	2.68556221016693e-08	4.02834331525039e-08	6.04251497287556e-08	9.06377245931335e-08	9.06377245931335e-08	9.06377245931337e-08	1.359565868897e-07	2.03934880334551e-07	3.05902320501826e-07	1.53913089454752e-05	6.21898925244479e-05	0.000213683117831443	0.000624348068275546	0.00155127748016354	0.00327761816938962	0.00588888921222226	0.00899734895489731	0.0116896605509897	0.0129151502774762	0.0121342450729002	0.00969567327709494	0.00659095547533707	0.00381759143148103	0.00189656257245368	0.000830633891915937	0.000354383240585877	0.00019400478993339	0.000171595641097674	0.000240555531544057	0.000465596295270676	0.00100998405230561	0.0020632201027661	0.00369982639804873	0.00569500425342256	0.00747831529573971	0.0083685842129481	0.00799068148610513	0.00653580073904668	0.00462103392584777	0.00287956104331433	0.00164026130873469	0.000900701665140863	0.000498589448006831	0.000277692838156979	0.000148521007537183	7.2370605372622e-05	3.03920149591269e-05	1.13860730558727e-05	3.6273928510448e-06	9.82700946779773e-07	2.26388473548363e-07	3.05902320501826e-07	2.03934880334551e-07	1.359565868897e-07	9.06377245931335e-08	6.04251497287557e-08	4.02834331525038e-08	2.68556221016692e-08	1.79037480677795e-08
1.19358320451864e-08	1.79037480677795e-08	2.68556221016692e-08	4.02834331525038e-08	6.04251497287557e-08	6.04251497287556e-08	9.06377245931335e-08	1.359565868897e-07	2.03934880334551e-07	3.05902320501826e-07	1.21104764294824e-05	4.89334097728436e-05	0.000168134131479232	0.000491261178073275	0.00122060504572162	0.00257895658685388	0.00463360551419619	0.00707946171648678	0.00919787648165102	0.0101620763338162	0.0095474359745801	0.00762803747753443	0.00518337875804842	0.00299719194851572	0.00147810011370453	0.000627779115517808	0.000238931914467018	9.85628371526785e-05	6.96840164886361e-05	0.000110369674450217	0.000253215263444995	0.000593579317820709	0.00124338293867216	0.0022470046416848	0.00346757637412473	0.00455707589900718	0.00509808342573389	0.00485835215027917	0.00395210973205479	0.00275764253299656	0.00166853253809915	0.000895477094622437	0.000444054223715809	0.000214848204333114	0.00010524720368901	5.14687890856429e-05	2.38660032494618e-05	9.59882527039808e-06	3.59610660649824e-06	1.14565323197875e-06	3.10370164461936e-07	7.15011296139908e-08	3.05902320501826e-07	2.03934880334551e-07	1.359565868897e-07	9.06377245931335e-08	6.04251497287557e-08	4.02834331525038e-08	2.68556221016692e-08	1.79037480677795e-08
7.95722136345758e-09	1.19358320451863e-08	1.79037480677795e-08	2.68556221016692e-08	4.02834331525038e-08	6.04251497287557e-08	9.06377245931335e-08	1.359565868897e-07	2.03934880334551e-07	3.05902320501826e-07	8.13148382688795e-06	3.2855951826444e-05	0.000112892335725364	0.00032985344115413	0.00081956562535727	0.00173162004801035	0.00311119785569621	0.0047534487008737	0.00617584157714718	0.0068232315770756	0.00641049173870905	0.00512158112384482	0.00347973430994461	0.00201092118069546	0.000989209576294913	0.000415610303776251	0.000151286844964685	5.33303386880028e-05	2.99391788188979e-05	4.94876945802764e-05	0.000124791672101527	0.000304021336100555	0.000644365986202219	0.00116881842267631	0.00180617431171731	0.00237494427148172	0.00265683440371881	0.00252963285420425	0.00205211656911223	0.00142203101013725	0.000846682193128561	0.000438768188150578	0.000203165227821141	8.79255144846187e-05	3.75452693764001e-05	1.62584203214744e-05	6.9606676319494e-06	2.58701876480778e-06	9.69201439675167e-07	3.08769701041635e-07	8.36491358974603e-08	1.92705626788304e-08	3.05902320501826e-07	2.03934880334551e-07	1.359565868897e-07	9.06377245931335e-08	6.04251497287557e-08	4.02834331525038e-08	2.68556221016692e-08	1.79037480677795e-08
7.95722136345754e-09	1.19358320451863e-08	1.79037480677795e-08	2.68556221016692e-08	4.02834331525038e-08	6.04251497287557e-08	9.06377245931335e-08	1.359565868897e-07	2.03934880334551e-07	3.05902320501826e-07	4.65909190228771e-06	1.88254569959744e-05	6.46838607080753e-05	0.000188995948259926	0.000469586074299159	0.000992165404897785	0.00178262135724332	0.00272358093819841	0.00353856861729877	0.00390949905156366	0.00367299855660461	0.00293444894777129	0.00199360224405908	0.00115174576606955	0.000565823381733492	0.000236380316929993	8.3974588857095e-05	2.66382366107584e-05	1.17097989743522e-05	1.9480090081821e-05	5.33900051611764e-05	0.000134243499363006	0.000287038873652821	0.000521911746825776	0.00080700089070359	0.00106118458003053	0.00118684289499278	0.00112924255771239	0.000914579488503841	0.000631356803486173	0.0003726366978082	0.000189360852790178	8.41190529394354e-05	3.36650220714263e-05	1.27447151118023e-05	4.80764229115689e-06	1.8370577022872e-06	5.9498219882196e-07	2.22904298771944e-07	7.10131979537462e-08	1.9238262776778e-08	4.43199017771285e-09	3.05902320501826e-07	2.03934880334551e-07	1.359565868897e-07	9.06377245931335e-08	6.04251497287557e-08	4.02834331525038e-08	2.68556221016692e-08	1.79037480677795e-08
7.95722136345754e-09	1.19358320451863e-08	1.79037480677795e-08	2.68556221016692e-08	4.02834331525038e-08	6.04251497287557e-08	9.06377245931335e-08	1.359565868897e-07	2.03934880334551e-07	3.05902320501826e-07	2.2780101381609e-06	9.20449366351507e-06	3.16264399927442e-05	9.24074251456692e-05	0.000229598784575897	0.000485108020723927	0.000871592492586049	0.00133166400651408	0.00173014298791284	0.00191150521633185	0.00179587098191542	0.00143476552794682	0.000974749204066346	0.000563133028219949	0.000276652924438876	0.000115575474732277	4.10584227090317e-05	1.28878988223286e-05	5.1669627830375e-06	7.58290254169338e-06	2.0363249087946e-05	5.12012277899954e-05	0.000109476229671269	0.000199051494975292	0.000307763569515345	0.000404645888559457	0.000452417305395922	0.000430139613408619	0.000347764964633327	0.000239093829936325	0.000139783871783255	6.94947372502762e-05	2.93800766147109e-05	1.05623386001327e-05	3.22903983270715e-06	8.3944621284788e-07	1.85574586218197e-07	3.05902320501826e-07	3.05902320501826e-07	3.05902320501826e-07	3.05902320501826e-07	3.05902320501826e-07	2.03934880334551e-07	1.359565868897e-07	9.06377245931337e-08	6.04251497287556e-08	4.02834331525038e-08	2.68556221016692e-08	1.79037480677795e-08	1.19358320451863e-08
7.95722136345754e-09	1.19358320451863e-08	1.79037480677795e-08	2.68556221016692e-08	4.02834331525038e-08	6.04251497287557e-08	9.06377245931335e-08	1.359565868897e-07	2.03934880334551e-07	3.05902320501826e-07	9.50457996196899e-07	3.84040635152506e-06	1.31955526794157e-05	3.85553052053468e-05	9.57958865334238e-05	0.000202402434296691	0.000363655999649061	0.000555612410162815	0.000721870464875695	0.000797540532063412	0.000749294266213196	0.000598629631124319	0.000406696247646807	0.000234956939228696	0.000115428364342781	4.82217494485034e-05	1.71308746705302e-05	5.33279202003755e-06	1.97407506026728e-06	2.5318743397623e-06	6.62761214829089e-06	1.66644270687262e-05	3.56311503426965e-05	6.47851480152361e-05	0.00010016758933272	0.000131699808571321	0.000147247937516708	0.000139997233004218	0.000113186814854518	7.78176981985351e-05	4.54953569916421e-05	2.26184025374838e-05	9.56231256851044e-06	3.4377168063047e-06	1.05095328992627e-06	2.73213959819443e-07	6.03988281399466e-08	3.05902320501826e-07	2.03934880334551e-07	2.03934880334551e-07	2.03934880334551e-07	2.03934880334551e-07	1.359565868897e-07	9.06377245931337e-08	6.04251497287558e-08	4.02834331525039e-08	2.68556221016692e-08	1.79037480677795e-08	1.19358320451863e-08	7.95722136345756e-09
7.95722136345754e-09	1.19358320451863e-08	1.79037480677795e-08	2.68556221016692e-08	4.02834331525038e-08	6.04251497287557e-08	9.06377245931335e-08	1.359565868897e-07	2.03934880334551e-07	3.05902320501826e-07	3.38402143871748e-07	1.36734263680762e-06	4.69815955481929e-06	1.3727274631099e-05	3.41072761833966e-05	7.20635924627137e-05	0.000129476494916638	0.000197820873213944	0.000257015579740595	0.000283957236358462	0.000266779581098737	0.000213136773395778	0.000144800593670595	8.36543353527255e-05	4.10972458683113e-05	1.71689264122297e-05	6.09929606368917e-06	1.88634859009974e-06	6.52374571478835e-07	7.25935066905221e-07	1.8407296071505e-06	4.62831916009372e-06	9.89606994270867e-06	1.79931983627052e-05	2.78201927385234e-05	3.65778400227901e-05	4.08961224818728e-05	3.88823374005774e-05	3.14361064860294e-05	2.16128128546696e-05	1.26357198835169e-05	6.28195529334514e-06	2.65580294438678e-06	9.54779333005443e-07	2.91888057601317e-07	7.58814809427504e-08	1.67749573612368e-08	3.05902320501826e-07	2.03934880334551e-07	1.359565868897e-07	1.359565868897e-07	1.359565868897e-07	9.06377245931337e-08	6.04251497287558e-08	4.02834331525039e-08	2.68556221016693e-08	1.79037480677795e-08	1.19358320451863e-08	7.95722136345756e-09	5.30481424230504e-09
7.95722136345754e-09	1.19358320451863e-08	1.79037480677795e-08	2.68556221016692e-08	4.02834331525038e-08	6.04251497287557e-08	9.06377245931335e-08	1.359565868897e-07	2.03934880334551e-07	3.05902320501826e-07	1.0281492985322e-07	4.15432466473889e-07	1.42741691746211e-06	4.17068509709923e-06	1.036263295545e-05	2.18946993634679e-05	3.93381572297016e-05	6.01028674649963e-05	7.80876814191485e-05	8.62732221595325e-05	8.10542262029326e-05	6.47562162435164e-05	4.39939969369375e-05	2.54162533452148e-05	1.24863583982268e-05	5.21634391712805e-06	1.85311679697835e-06	5.70193542240249e-07	1.86244169936092e-07	1.78958914465146e-07	4.36260417862462e-07	1.09693050132932e-06	2.34540890287818e-06	4.26446133419211e-06	6.5934990462345e-06	8.66909713999291e-06	9.69254767978396e-06	9.2152724093486e-06	7.45048533923143e-06	5.1223247187062e-06	2.99471710291526e-06	1.48884900347234e-06	6.29436120208938e-07	2.26286592645294e-07	6.91786590944976e-08	1.79842202002459e-08	3.97573325251556e-09	3.05902320501826e-07	2.03934880334551e-07	1.359565868897e-07	9.06377245931335e-08	9.06377245931335e-08	6.04251497287556e-08	4.02834331525039e-08	2.68556221016693e-08	1.79037480677795e-08	1.19358320451864e-08	7.95722136345758e-09	5.30481424230504e-09	3.53654282820336e-09
7.95722136345754e-09	1.19358320451863e-08	1.79037480677795e-08	2.68556221016692e-08	4.02834331525038e-08	6.04251497287557e-08	9.06377245931335e-08	1.359565868897e-07	2.03934880334551e-07	3.05902320501826e-07	2.66564408442726e-08	1.07707615841015e-07	3.70081024951953e-07	1.08131786628296e-06	2.68668093984225e-06	5.67655650029253e-06	1.01990563297884e-05	1.5582644791365e-05	2.02454999812535e-05	2.23677343963908e-05	2.10146249094494e-05	1.67891010581686e-05	1.1406158410328e-05	6.58957657946162e-06	3.23729126186138e-06	1.35242190262459e-06	4.80450634423446e-07	1.45141464810611e-07	3.72855357174127e-08	8.14508138328139e-09	3.05902320501826e-07	3.05902320501826e-07	3.05902320501826e-07	3.05902320501826e-07	3.05902320501826e-07	3.05902320501826e-07	3.05902320501826e-07	3.05902320501826e-07	3.05902320501826e-07	3.05902320501826e-07	3.05902320501826e-07	3.05902320501826e-07	3.05902320501826e-07	3.05902320501826e-07	3.05902320501826e-07	3.05902320501826e-07	3.05902320501826e-07	2.03934880334551e-07	1.359565868897e-07	9.06377245931337e-08	6.04251497287556e-08	6.04251497287557e-08	4.02834331525038e-08	2.68556221016692e-08	1.79037480677795e-08	1.19358320451864e-08	7.95722136345758e-09	5.30481424230506e-09	3.53654282820338e-09	2.35769521880224e-09
7.95722136345754e-09	1.19358320451863e-08	1.79037480677795e-08	2.68556221016692e-08	4.02834331525038e-08	6.04251497287557e-08	9.06377245931335e-08	1.359565868897e-07	2.03934880334551e-07	3.05902320501826e-07	5.89754198779539e-09	2.38295198724627e-08	8.18777118930128e-08	2.39233645474738e-07	5.94408448715824e-07	1.25589648303558e-06	2.25646639370242e-06	3.4475458473565e-06	4.47916835187722e-06	4.94869714772567e-06	4.64933160001656e-06	3.71446544594356e-06	2.52352887384094e-06	1.45789547772721e-06	7.16226943239975e-07	2.99213424723067e-07	1.06296178328098e-07	3.21114843459913e-08	8.24915125449436e-09	1.80203950454374e-09	3.05902320501826e-07	2.03934880334551e-07	2.03934880334551e-07	2.03934880334551e-07	2.03934880334551e-07	2.03934880334551e-07	2.03934880334551e-07	2.03934880334551e-07	2.03934880334551e-07	2.03934880334551e-07	2.03934880334551e-07	2.03934880334551e-07	2.03934880334551e-07	2.03934880334551e-07	2.03934880334551e-07	2.03934880334551e-07	2.03934880334551e-07	1.359565868897e-07	9.06377245931337e-08	6.04251497287558e-08	4.02834331525039e-08	4.02834331525038e-08	2.68556221016692e-08	1.79037480677795e-08	1.19358320451863e-08	7.95722136345758e-09	5.30481424230506e-09	3.53654282820338e-09	2.35769521880225e-09	1.57179681253484e-09
5.30481424230502e-09	7.95722136345753e-09	1.19358320451863e-08	1.79037480677795e-08	2.68556221016692e-08	4.02834331525038e-08	6.04251497287556e-08	9.06377245931337e-08	1.359565868897e-07	2.03934880334551e-07	3.05902320501826e-07	3.05902320501826e-07	3.05902320501826e-07	3.05902320501826e-07	3.05902320501826e-07	3.05902320501826e-07	3.05902320501826e-07	3.05902320501826e-07	3.05902320501826e-07	3.05902320501826e-07	3.05902320501826e-07	3.05902320501826e-07	3.05902320501826e-07	3.05902320501826e-07	3.05902320501826e-07	3.05902320501826e-07	3.05902320501826e-07	3.05902320501826e-07	3.05902320501826e-07	3.05902320501826e-07	2.03934880334551e-07	1.359565868897e-07	1.359565868897e-07	1.359565868897e-07	1.359565868897e-07	1.359565868897e-07	1.359565868897e-07	1.359565868897e-07	1.359565868897e-07	1.359565868897e-07	1.359565868897e-07	1.359565868897e-07	1.359565868897e-07	1.359565868897e-07	1.359565868897e-07	1.359565868897e-07	1.359565868897e-07	9.06377245931337e-08	6.04251497287558e-08	4.02834331525039e-08	2.68556221016693e-08	2.68556221016692e-08	1.79037480677795e-08	1.19358320451863e-08	7.95722136345756e-09	5.30481424230504e-09	3.53654282820338e-09	2.35769521880225e-09	1.57179681253484e-09	1.04786454168989e-09
3.53654282820335e-09	5.30481424230504e-09	7.95722136345756e-09	1.19358320451863e-08	1.79037480677795e-08	2.68556221016692e-08	4.02834331525039e-08	6.04251497287558e-08	9.06377245931337e-08	1.359565868897e-07	2.03934880334551e-07	2.03934880334551e-07	2.03934880334551e-07	2.03934880334551e-07	2.03934880334551e-07	2.03934880334551e-07	2.03934880334551e-07	2.03934880334551e-07	2.03934880334551e-07	2.03934880334551e-07	2.03934880334551e-07	2.03934880334551e-07	2.03934880334551e-07	2.03934880334551e-07	2.03934880334551e-07	2.03934880334551e-07	2.03934880334551e-07	2.03934880334551e-07	2.03934880334551e-07	2.03934880334551e-07	1.359565868897e-07	9.06377245931337e-08	9.06377245931335e-08	9.06377245931335e-08	9.06377245931335e-08	9.06377245931335e-08	9.06377245931335e-08	9.06377245931335e-08	9.06377245931335e-08	9.06377245931335e-08	9.06377245931335e-08	9.06377245931335e-08	9.06377245931335e-08	9.06377245931335e-08	9.06377245931335e-08	9.06377245931335e-08	9.06377245931335e-08	6.04251497287556e-08	4.02834331525039e-08	2.68556221016693e-08	1.79037480677795e-08	1.79037480677795e-08	1.19358320451863e-08	7.95722136345756e-09	5.30481424230504e-09	3.53654282820336e-09	2.35769521880224e-09	1.57179681253484e-09	1.04786454168989e-09	6.98576361126595e-10
