1.359565868897e-07	1.359565868897e-07	2.03934880334551e-07	2.03934880334551e-07	3.05902320501826e-07	8.57552143850341e-09	6.46498580895791e-08	3.28280811105656e-07	1.12277905547454e-06	2.58650897919401e-06	4.01332713232673e-06	4.19436301184704e-06	2.95255741465543e-06	1.39991469108887e-06	4.47070149898177e-07	9.61658023124834e-08	1.39327398392524e-08	3.05902320501826e-07	2.03934880334551e-07	2.03934880334551e-07	2.03934880334551e-07	2.03934880334551e-07	1.359565868897e-07	9.06377245931337e-08	6.04251497287558e-08	4.02834331525039e-08	4.02834331525038e-08	4.02834331525038e-08	4.02834331525038e-08	4.02834331525038e-08	4.02834331525038e-08	4.02834331525038e-08	4.02834331525038e-08	2.68556221016692e-08	1.79037480677795e-08	1.19358320451863e-08	7.95722136345758e-09	5.30481424230506e-09	3.53654282820338e-09	3.53654282820335e-09	3.53654282820335e-09	2.35769521880224e-09	1.57179681253482e-09	1.04786454168988e-09	6.9857636112659e-10	4.65717574084395e-10	3.1047838272293e-10	2.06985588481954e-10	1.37990392321302e-10	9.19935948808684e-11	6.13290632539125e-11	4.0886042169275e-11	2.72573614461834e-11	1.81715742974556e-11	1.21143828649704e-11	8.07625524331358e-12	5.38417016220906e-12	3.58944677480604e-12	2.39296451653736e-12	1.59530967769158e-12
2.03934880334551e-07	2.03934880334551e-07	3.05902320501826e-07	3.05902320501826e-07	9.81869782192203e-09	1.54836272396348e-07	1.06314826756802e-06	4.94762605450686e-06	1.56071066181335e-05	3.33715645903686e-05	4.83649529955364e-05	4.75032208372716e-05	3.16126686105112e-05	1.42503905790944e-05	4.34991431121418e-06	8.98811241393031e-07	1.25668372798804e-07	3.05902320501826e-07	3.05902320501826e-07	3.05902320501826e-07	3.05902320501826e-07	3.05902320501826e-07	2.03934880334551e-07	1.359565868897e-07	9.06377245931337e-08	6.04251497287558e-08	6.04251497287557e-08	6.04251497287557e-08	6.04251497287557e-08	6.04251497287557e-08	6.04251497287557e-08	6.04251497287557e-08	6.04251497287557e-08	4.02834331525038e-08	2.68556221016692e-08	1.79037480677795e-08	1.19358320451864e-08	7.95722136345758e-09	5.30481424230506e-09	5.30481424230502e-09	5.30481424230502e-09	3.53654282820335e-09	2.35769521880224e-09	1.57179681253482e-09	1.04786454168989e-09	6.98576361126592e-10	4.65717574084395e-10	3.1047838272293e-10	2.06985588481954e-10	1.37990392321303e-10	9.19935948808687e-11	6.13290632539125e-11	4.0886042169275e-11	2.72573614461834e-11	1.81715742974555e-11	1.21143828649704e-11	8.07625524331358e-12	5.38417016220906e-12	3.58944677480604e-12	2.39296451653735e-12
3.05902320501826e-07	3.05902320501826e-07	8.47824997006785e-09	7.46714327895695e-08	5.12998608925183e-07	2.74468212564457e-06	1.12818427620376e-05	3.82946529553325e-05	0.000102336055338022	0.000201820189234544	0.000281020773693739	0.00027027793315638	0.000178381709205941	8.21921174106115e-05	2.95704674208404e-05	1.1850814224057e-05	6.4735745204277e-06	3.25963735552229e-06	1.23660701406362e-06	3.15983938374029e-07	5.43837552826304e-08	6.30440727003175e-09	3.05902320501826e-07	2.03934880334551e-07	1.359565868897e-07	9.06377245931337e-08	9.06377245931335e-08	9.06377245931335e-08	9.06377245931335e-08	9.06377245931335e-08	9.06377245931335e-08	9.06377245931335e-08	9.06377245931335e-08	6.04251497287556e-08	4.02834331525039e-08	2.68556221016693e-08	1.79037480677795e-08	1.19358320451864e-08	7.95722136345758e-09	7.95722136345754e-09	7.95722136345754e-09	5.30481424230502e-09	3.53654282820335e-09	2.35769521880224e-09	1.57179681253483e-09	1.04786454168989e-09	6.98576361126592e-10	4.65717574084395e-10	3.10478382722931e-10	2.06985588481954e-10	1.37990392321303e-10	9.19935948808687e-11	6.13290632539125e-11	4.08860421692749e-11	2.72573614461833e-11	1.81715742974555e-11	1.21143828649704e-11	8.07625524331358e-12	5.38417016220904e-12	3.58944677480603e-12
3.13899902216361e-08	2.18867447026085e-07	1.08117265019288e-06	3.72080344835275e-06	1.0039681387856e-05	2.53746664001593e-05	6.80011949248179e-05	0.000188566297570227	0.000461476402169831	0.000874658612928436	0.00119616336691405	0.00114558250626645	0.000767802664395471	0.000377866539256256	0.000163325084911853	8.34221647371937e-05	4.87157268458998e-05	2.38936336186532e-05	8.68187333781458e-06	2.16518835848069e-06	3.63118770899295e-07	4.20943461378378e-08	3.05902320501826e-07	2.03934880334551e-07	2.03934880334551e-07	1.359565868897e-07	1.359565868897e-07	1.359565868897e-07	1.359565868897e-07	1.359565868897e-07	1.359565868897e-07	1.359565868897e-07	1.359565868897e-07	9.06377245931337e-08	6.04251497287558e-08	4.02834331525039e-08	2.68556221016693e-08	1.79037480677795e-08	1.19358320451863e-08	1.19358320451863e-08	1.19358320451863e-08	7.95722136345753e-09	5.30481424230504e-09	3.53654282820336e-09	2.35769521880224e-09	1.57179681253483e-09	1.04786454168989e-09	6.98576361126595e-10	4.65717574084397e-10	3.10478382722931e-10	2.06985588481954e-10	1.37990392321303e-10	9.19935948808684e-11	6.13290632539123e-11	4.08860421692749e-11	2.72573614461833e-11	1.81715742974555e-11	1.21143828649703e-11	8.07625524331355e-12	5.38417016220904e-12
1.98030428131887e-07	1.38077182989481e-06	6.73552922667584e-06	2.27223983598512e-05	5.80759638735657e-05	0.000130272202725604	0.000299295172188407	0.000725488152588427	0.00162629678845493	0.00293328095384921	0.00391059491880399	0.00371339213908327	0.00252258617560831	0.00132475894595446	0.000673743584428389	0.000412674271502334	0.000260208395410292	0.000130753296563741	4.77865769908126e-05	1.20591366822586e-05	2.05912811630665e-06	2.42124652578018e-07	3.05902320501826e-07	3.05902320501826e-07	3.05902320501826e-07	2.03934880334551e-07	2.03934880334551e-07	2.03934880334551e-07	2.03934880334551e-07	2.03934880334551e-07	2.03934880334551e-07	2.03934880334551e-07	2.03934880334551e-07	1.359565868897e-07	9.06377245931337e-08	6.04251497287558e-08	4.02834331525039e-08	2.68556221016692e-08	1.79037480677795e-08	1.79037480677795e-08	1.79037480677795e-08	1.19358320451863e-08	7.95722136345756e-09	5.30481424230504e-09	3.53654282820336e-09	2.35769521880224e-09	1.57179681253484e-09	1.04786454168989e-09	6.98576361126595e-10	4.65717574084397e-10	3.10478382722931e-10	2.06985588481954e-10	1.37990392321302e-10	9.19935948808684e-11	6.13290632539123e-11	4.08860421692749e-11	2.72573614461832e-11	1.81715742974555e-11	1.21143828649703e-11	8.07625524331355e-12
9.5366707325519e-07	6.68004644763508e-06	3.24358215961101e-05	0.000108309909497189	0.000266062642251311	0.000539845991220323	0.00106483291477024	0.00222360923559074	0.00449242635518895	0.0076235107722438	0.00985555078729534	0.00929879503491643	0.00649609327520748	0.00376009141276819	0.00228507896506378	0.00161113156529549	0.00107538681671953	0.000563530507074117	0.000219733473079148	6.35289716249006e-05	1.42539907398395e-05	2.68201555594802e-06	3.42312368543973e-07	4.71430097742206e-08	4.52225381819802e-09	3.05902320501826e-07	3.05902320501826e-07	3.05902320501826e-07	3.05902320501826e-07	3.05902320501826e-07	3.05902320501826e-07	3.05902320501826e-07	3.05902320501826e-07	2.03934880334551e-07	1.359565868897e-07	9.06377245931337e-08	6.04251497287556e-08	4.02834331525038e-08	2.68556221016692e-08	2.68556221016692e-08	2.68556221016692e-08	1.79037480677795e-08	1.19358320451863e-08	7.95722136345756e-09	5.30481424230504e-09	3.53654282820338e-09	2.35769521880225e-09	1.57179681253484e-09	1.04786454168989e-09	6.98576361126595e-10	4.65717574084395e-10	3.1047838272293e-10	2.06985588481954e-10	1.37990392321302e-10	9.19935948808684e-11	6.13290632539121e-11	4.08860421692747e-11	2.72573614461832e-11	1.81715742974555e-11	1.21143828649703e-11
3.41424781773541e-06	2.3980062554479e-05	0.000115975910135089	0.000384119843082032	0.000916679178872641	0.00172717712210747	0.00300352491119328	0.00545437202055423	0.00989442119432027	0.0156931223104361	0.0196227410266082	0.0185249382719381	0.0136139053907432	0.00896366316167414	0.00644185341047466	0.00501364191252715	0.00349193465019557	0.00191031351808307	0.000795606635412997	0.000256709442016085	6.95503427096002e-05	2.15972172895268e-05	1.32827516412167e-05	1.23312345940824e-05	1.04611899677295e-05	8.63277125990924e-06	7.07706233443777e-06	4.86852816247012e-06	2.44243472509059e-06	8.4212774442917e-07	1.97964483588354e-07	3.13449419558584e-08	3.34286271660354e-09	3.05902320501826e-07	2.03934880334551e-07	1.359565868897e-07	9.06377245931335e-08	6.04251497287557e-08	4.02834331525038e-08	4.02834331525038e-08	4.02834331525038e-08	2.68556221016692e-08	1.79037480677795e-08	1.19358320451863e-08	7.95722136345758e-09	5.30481424230506e-09	3.53654282820338e-09	2.35769521880225e-09	1.57179681253484e-09	1.04786454168989e-09	6.98576361126592e-10	4.65717574084395e-10	3.1047838272293e-10	2.06985588481954e-10	1.37990392321302e-10	9.19935948808681e-11	6.13290632539121e-11	4.08860421692747e-11	2.72573614461832e-11	1.81715742974554e-11
1.67257283746088e-05	7.55428143240009e-05	0.000327403148312112	0.00105210620987315	0.00244503351114594	0.00435028714880213	0.00680207366406678	0.0108512327227817	0.0177302902130962	0.0263343966823869	0.0320439623593623	0.0307942632162157	0.0245194919422351	0.0186192768453187	0.0152598051961665	0.0127003399929724	0.00924392590591754	0.00536953880249829	0.0024434272531318	0.000891489004078398	0.000282177704218924	0.000108033816383098	7.98989223902651e-05	7.70496914047114e-05	6.6855886450736e-05	5.67733337352963e-05	4.75288475168193e-05	3.29809938105787e-05	1.65901817640206e-05	5.72601391783117e-06	1.34605158868331e-06	2.13128679205927e-07	2.27296613456734e-08	3.05902320501826e-07	2.03934880334551e-07	1.359565868897e-07	9.06377245931335e-08	6.04251497287556e-08	6.04251497287557e-08	6.04251497287557e-08	6.04251497287557e-08	4.02834331525038e-08	2.68556221016692e-08	1.79037480677795e-08	1.19358320451864e-08	7.95722136345758e-09	5.30481424230506e-09	3.53654282820338e-09	2.35769521880224e-09	1.57179681253483e-09	1.04786454168989e-09	6.98576361126592e-10	4.65717574084395e-10	3.10478382722929e-10	2.06985588481953e-10	1.37990392321302e-10	9.19935948808681e-11	6.13290632539121e-11	4.08860421692746e-11	2.72573614461831e-11
7.08543524654628e-05	0.000205908998691396	0.000738529505393386	0.00224620274138267	0.00508387355793913	0.00866907004755095	0.0124602160435156	0.0177750429873621	0.0265557134290855	0.0375775618621983	0.0454653755193901	0.0457484861313687	0.0403216938017382	0.0346118099515724	0.0308453303419233	0.0269542638423908	0.0206965059500387	0.0129823274039441	0.00653941898646825	0.00270193246629376	0.00100290172807676	0.000477930610885703	0.000399080605667775	0.000383340338312346	0.000331211324323597	0.000284062036818146	0.000240367221865925	0.00016761318470445	8.44428119958646e-05	2.91663932117353e-05	6.85575103514532e-06	1.08551349396235e-06	1.15767404911674e-07	3.05902320501826e-07	2.03934880334551e-07	1.359565868897e-07	9.06377245931335e-08	9.06377245931335e-08	9.06377245931335e-08	9.06377245931335e-08	9.06377245931335e-08	6.04251497287556e-08	4.02834331525039e-08	2.68556221016693e-08	1.79037480677795e-08	1.19358320451864e-08	7.95722136345758e-09	5.30481424230504e-09	3.53654282820336e-09	2.35769521880224e-09	1.57179681253483e-09	1.04786454168989e-09	6.9857636112659e-10	4.65717574084393e-10	3.10478382722929e-10	2.06985588481953e-10	1.37990392321302e-10	9.19935948808677e-11	6.13290632539119e-11	4.08860421692746e-11
0.000300113961507034	0.000583382193144153	0.00149478472154124	0.00395512254322885	0.00850068232144156	0.0139518074638586	0.0188321636211566	0.0246764047997231	0.0347389359258106	0.0485337504731516	0.0605507911356852	0.0655282842944695	0.0635785002215638	0.0589488844299852	0.0547407927745365	0.049608335178882	0.040306758672211	0.0273473858486144	0.0151375590609489	0.00696733306099962	0.00297536200917146	0.00168498351726178	0.00151156971205158	0.00144378884593441	0.00124244166818788	0.00107193941544329	0.000913082586494296	0.000638629200873925	0.000322039477868318	0.000111284739132761	2.61557561765861e-05	4.1414027622827e-06	4.41670650019701e-07	3.05902320501826e-07	2.03934880334551e-07	1.359565868897e-07	1.359565868897e-07	1.359565868897e-07	1.359565868897e-07	1.359565868897e-07	1.359565868897e-07	9.06377245931337e-08	6.04251497287558e-08	4.02834331525039e-08	2.68556221016693e-08	1.79037480677795e-08	1.19358320451863e-08	7.95722136345756e-09	5.30481424230504e-09	3.53654282820336e-09	2.35769521880224e-09	1.57179681253482e-09	1.04786454168988e-09	6.9857636112659e-10	4.65717574084393e-10	3.10478382722929e-10	2.06985588481952e-10	1.37990392321302e-10	9.19935948808677e-11	6.13290632539119e-11
0.00109338108745611	0.00170606409252893	0.00309448365906806	0.00638129782448988	0.0122069622963496	0.0189688783223508	0.024476851453169	0.0306701667963828	0.0426930356674867	0.0615483731153481	0.0814813536846041	0.0949455454520865	0.0984186292278804	0.094706672451799	0.089269167518978	0.0826032361290929	0.0699727764523956	0.0504899018899398	0.0302483030600673	0.0154443910628826	0.00764320663141724	0.00497224980390254	0.00454352791414961	0.00422196653395733	0.0035713199372686	0.00306553035139153	0.00261130870253161	0.00182726931574732	0.000921527895823113	0.000318501736413265	7.48421388719558e-05	1.1849402075987e-05	1.26362788452877e-06	3.05902320501826e-07	2.03934880334551e-07	2.03934880334551e-07	2.03934880334551e-07	2.03934880334551e-07	2.03934880334551e-07	2.03934880334551e-07	2.03934880334551e-07	1.359565868897e-07	9.06377245931337e-08	6.04251497287558e-08	4.02834331525039e-08	2.68556221016692e-08	1.79037480677795e-08	1.19358320451863e-08	7.95722136345756e-09	5.30481424230504e-09	3.53654282820335e-09	2.35769521880224e-09	1.57179681253482e-09	1.04786454168988e-09	6.9857636112659e-10	4.65717574084392e-10	3.10478382722928e-10	2.06985588481952e-10	1.37990392321302e-10	9.19935948808677e-11
0.0031377522205896	0.00448674819920862	0.00664270369368372	0.0106061784409995	0.0168261255779248	0.023754199890307	0.029568825151498	0.0372996327765921	0.0541147249619247	0.0822405238064858	0.11450917706114	0.139586575810884	0.150024455839918	0.147750739055848	0.140451929874385	0.130174821155861	0.111514401068237	0.083277890619394	0.0534021181284741	0.0305970028591373	0.0177410325557343	0.0127509741419579	0.0113798934675942	0.0100465427453208	0.00815285124996147	0.00677259570500802	0.0056646708230841	0.00393700354306646	0.00198101361682921	0.000684242655623402	0.00016069799343816	2.54383539231737e-05	2.71233905278388e-06	3.05902320501826e-07	3.05902320501826e-07	3.05902320501826e-07	3.05902320501826e-07	3.05902320501826e-07	3.05902320501826e-07	3.05902320501826e-07	3.05902320501826e-07	2.03934880334551e-07	1.359565868897e-07	9.06377245931337e-08	6.04251497287556e-08	4.02834331525038e-08	2.68556221016692e-08	1.79037480677795e-08	1.19358320451863e-08	7.95722136345753e-09	5.30481424230502e-09	3.53654282820335e-09	2.35769521880224e-09	1.57179681253482e-09	1.04786454168988e-09	6.98576361126587e-10	4.65717574084392e-10	3.10478382722928e-10	2.06985588481952e-10	1.37990392321301e-10
0.00687420763410723	0.00956800374003859	0.0131807636466121	0.0182520248375147	0.0244264953447216	0.0305583091088543	0.0368268198060069	0.0486036943284978	0.074683658836094	0.116857959215924	0.164663954355099	0.20291587499477	0.222655097212653	0.225709925434318	0.218267961126888	0.200779035901292	0.169783809499556	0.128607421263211	0.0881639533917881	0.0573020236156264	0.0382572290513012	0.0289236926020128	0.0245408541086769	0.0202515973182458	0.0153685118780271	0.0118917757052517	0.00948263343054069	0.00646579661996358	0.00323457769917462	0.0011161616788575	0.000262979220706907	4.43423698645322e-05	1.0969862926643e-05	1.03628516180525e-05	1.10829322033438e-05	7.98364020194997e-06	3.87362985390198e-06	1.26591971930981e-06	2.78653879402956e-07	4.13137774122792e-08	4.12568057158528e-09	3.05902320501826e-07	2.03934880334551e-07	1.359565868897e-07	9.06377245931335e-08	6.04251497287557e-08	4.02834331525038e-08	2.68556221016692e-08	1.79037480677795e-08	1.19358320451863e-08	7.95722136345754e-09	5.30481424230502e-09	3.53654282820335e-09	2.35769521880223e-09	1.57179681253482e-09	1.04786454168988e-09	6.98576361126588e-10	4.65717574084392e-10	3.10478382722928e-10	2.06985588481952e-10
0.0114015293611487	0.0158938657262657	0.0218981589277523	0.0293569150257872	0.0363193802531745	0.0418964563233504	0.0496839371047543	0.0686526418915626	0.108223771558801	0.167246115191963	0.230672201830277	0.281652595057821	0.314056723322015	0.330105413012984	0.328419503959975	0.302499377189545	0.253272011342337	0.194741238249259	0.142813746989293	0.103625433147938	0.0760672401450023	0.0584470666439722	0.0471274476768915	0.0364424511859583	0.0255250565608108	0.0176678482816794	0.012828529060105	0.00837721597138371	0.00413297461042041	0.00142339400948155	0.000339752700648793	7.06233767379496e-05	4.6351429281199e-05	6.44633005558507e-05	6.8942643974529e-05	4.96631445510161e-05	2.4096356361911e-05	7.87479801440817e-06	1.73339824220916e-06	2.56997064957084e-07	2.56642666020838e-08	3.05902320501826e-07	2.03934880334551e-07	1.359565868897e-07	9.06377245931335e-08	6.04251497287557e-08	4.02834331525038e-08	2.68556221016692e-08	1.79037480677795e-08	1.19358320451863e-08	7.95722136345754e-09	5.30481424230502e-09	3.53654282820335e-09	2.35769521880223e-09	1.57179681253482e-09	1.04786454168988e-09	6.98576361126588e-10	4.65717574084392e-10	3.10478382722928e-10	2.06985588481952e-10
0.0143361032788432	0.0204934465175041	0.0295473067276809	0.0409938204377856	0.0507544734559662	0.0576562430682949	0.0691130743125338	0.0979159948102821	0.152445003968882	0.226598703888948	0.301709303081889	0.363150644620517	0.410982749644399	0.447538774169616	0.459890138990967	0.430817701873936	0.36536602060395	0.289911033155821	0.226080678225936	0.176569861435794	0.136411861132468	0.105389653604985	0.0823698830113716	0.0610193981490763	0.0400602988102415	0.0246152649184953	0.0156484411931794	0.00948647354218459	0.00457920989017592	0.00159734782561418	0.000422018935702284	0.000161963366365719	0.000207964270242512	0.000305172125407564	0.000322547568682077	0.000231649836057768	0.000112309724336519	3.66937071563389e-05	8.07700811735874e-06	1.1975132599363e-06	1.19586188922694e-07	3.05902320501826e-07	2.03934880334551e-07	1.359565868897e-07	9.06377245931335e-08	6.04251497287557e-08	4.02834331525038e-08	2.68556221016692e-08	1.79037480677795e-08	1.19358320451863e-08	7.95722136345754e-09	5.30481424230502e-09	3.53654282820335e-09	2.35769521880223e-09	1.57179681253482e-09	1.04786454168988e-09	6.98576361126588e-10	4.65717574084392e-10	3.10478382722928e-10	2.06985588481952e-10
0.0137926567594735	0.0209185952346551	0.0329545489403977	0.0492835430621784	0.063918239274928	0.0749827995108149	0.0927138859758884	0.132166225466481	0.198790491715499	0.281546880549348	0.361824143710681	0.430891930373684	0.494579427059663	0.553793268672975	0.585411002105598	0.563206558747097	0.493715161518239	0.409944595032692	0.336463569887068	0.274644421272955	0.218705928431159	0.171070604489356	0.132970966000811	0.0971418706326446	0.0621348214126865	0.0357062962322086	0.0204473485944441	0.0115243168296346	0.00550287782717364	0.00204071059552011	0.000695772730365413	0.000480990789698573	0.00073867754497302	0.00107568921162795	0.00112862463861223	0.000809052130757998	0.00039206522155813	0.000128074499541297	2.81917214854921e-05	4.1797606005561e-06	4.17399671095352e-07	3.05902320501826e-07	2.03934880334551e-07	1.359565868897e-07	9.06377245931335e-08	6.04251497287557e-08	4.02834331525038e-08	2.68556221016692e-08	1.79037480677795e-08	1.19358320451863e-08	7.95722136345754e-09	5.30481424230502e-09	3.53654282820335e-09	2.35769521880223e-09	1.57179681253482e-09	1.04786454168988e-09	6.98576361126588e-10	4.65717574084392e-10	3.10478382722928e-10	2.06985588481952e-10
0.0103881982520664	0.0176747556376296	0.0318288018413811	0.0525253362272486	0.0730119033233124	0.0908457457369125	0.116925333539194	0.165490260078557	0.237866305410091	0.320660253918056	0.400238933665922	0.475416679033362	0.553664854227373	0.631610981282005	0.680941065608438	0.673217299979656	0.614612574395579	0.535671430394887	0.458656059611542	0.386438164378156	0.316465923007416	0.253684595390302	0.199948036836415	0.147169199579355	0.0950229968009274	0.0547713761974907	0.0308204925678309	0.0171064430506989	0.00840603965059678	0.00352066008641309	0.00160869405156813	0.00138874393264307	0.00203759395807126	0.00285690875017595	0.0029626892025561	0.00211742228546584	0.00102532389510901	0.000334851812279249	7.37074832577815e-05	1.09280178099647e-05	1.09129480740992e-06	3.05902320501826e-07	2.03934880334551e-07	1.359565868897e-07	9.06377245931335e-08	6.04251497287557e-08	4.02834331525038e-08	2.68556221016692e-08	1.79037480677795e-08	1.19358320451863e-08	7.95722136345754e-09	5.30481424230502e-09	3.53654282820335e-09	2.35769521880223e-09	1.57179681253482e-09	1.04786454168988e-09	6.98576361126588e-10	4.65717574084392e-10	3.10478382722928e-10	2.06985588481952e-10
0.00645237749096867	0.0133023603812679	0.0281642091632178	0.051415435260592	0.0772219699443609	0.103270452212901	0.138775675373992	0.19397843733877	0.266076830845947	0.342982971503848	0.419430822418084	0.500891361383914	0.591741933675826	0.681663173814786	0.741921573136712	0.749362814955438	0.710290338940409	0.646542847400137	0.573873750354617	0.497776588539764	0.420358432621101	0.347357050087681	0.279498719872369	0.209050235610487	0.138605320999622	0.0831108145814545	0.0484552986910231	0.0276772498907513	0.0144297615725668	0.00696972413148692	0.00389586247703901	0.00337928912873925	0.00435833533742381	0.00573743247190401	0.00584001648737956	0.00415362453114982	0.00200887049782377	0.000655785106726897	0.000144351226429873	2.14017994319371e-05	2.13722863518804e-06	3.05902320501826e-07	2.03934880334551e-07	1.359565868897e-07	9.06377245931335e-08	6.04251497287557e-08	4.02834331525038e-08	2.68556221016692e-08	1.79037480677795e-08	1.19358320451863e-08	7.95722136345754e-09	5.30481424230502e-09	3.53654282820335e-09	2.35769521880223e-09	1.57179681253482e-09	1.04786454168988e-09	6.98576361126588e-10	4.65717574084392e-10	3.10478382722928e-10	2.06985588481952e-10
0.00366960402627236	0.00971144388906283	0.023787405540712	0.047205218464054	0.0764097180691381	0.110096560979807	0.154684353935961	0.21514198632521	0.285555319094977	0.357072863419638	0.43208466008835	0.519690763364261	0.619022109831523	0.713151057260391	0.776589204176376	0.79598297411977	0.778369376044674	0.734566731801713	0.672448328585211	0.599407660475296	0.520649736981274	0.441172620708976	0.360831161363874	0.274144246888088	0.187403129359442	0.117860515808061	0.072014459196997	0.0429244383864153	0.0240966365330802	0.013300628536412	0.0083236978732752	0.00671728047136322	0.00730252385525338	0.00875884764872972	0.00865731207794745	0.00610942026694922	0.00294898999822745	0.000962031636999429	0.000211762123355203	3.13962728507257e-05	3.13529773924595e-06	3.05902320501826e-07	2.03934880334551e-07	1.359565868897e-07	9.06377245931335e-08	6.04251497287557e-08	4.02834331525038e-08	2.68556221016692e-08	1.79037480677795e-08	1.19358320451863e-08	7.95722136345754e-09	5.30481424230502e-09	3.53654282820335e-09	2.35769521880223e-09	1.57179681253482e-09	1.04786454168988e-09	6.98576361126588e-10	4.65717574084392e-10	3.10478382722928e-10	2.06985588481952e-10
0.00221944595276015	0.0072706611649868	0.0194538357019994	0.0408002182542766	0.0703451323436641	0.10844559961183	0.159552132846078	0.224856509514631	0.29682502355261	0.368778513072092	0.446157028883505	0.537774591921981	0.638612379875402	0.729291046626271	0.791028602127589	0.821012983883892	0.825135374373179	0.802303814249114	0.753538926529812	0.687160169793216	0.608872428424147	0.522940623152635	0.430797143988866	0.330952019087129	0.232697459818044	0.153143925728035	0.0981082336717392	0.0614864152625995	0.0373297695699395	0.0227664150514074	0.0148322399539881	0.0108323523174312	0.00971311654932368	0.0102439671470664	0.00967442146760496	0.00674199564328905	0.00324409396506824	0.00105714867214962	0.000232699257391126	3.45004539124232e-05	3.44528777886702e-06	3.05902320501826e-07	2.03934880334551e-07	1.359565868897e-07	9.06377245931335e-08	6.04251497287557e-08	4.02834331525038e-08	2.68556221016692e-08	1.79037480677795e-08	1.19358320451863e-08	7.95722136345754e-09	5.30481424230502e-09	3.53654282820335e-09	2.35769521880223e-09	1.57179681253482e-09	1.04786454168988e-09	6.98576361126588e-10	4.65717574084392e-10	3.10478382722928e-10	2.06985588481952e-10
0.00159603412663141	0.00568811374570745	0.0155022591761032	0.0331943475745423	0.0597389595602766	0.0973895616656842	0.150451335401589	0.219040660533567	0.29528493844886	0.372413063024193	0.454123406564383	0.546360853063879	0.642786249029791	0.726589861861862	0.787521958963861	0.830545388160379	0.856616556901023	0.852979019536205	0.817037597268131	0.758220659967578	0.680240122405876	0.586691155772966	0.482920225663047	0.372601745100006	0.267409639587584	0.182769695394218	0.12252552170969	0.0809672073877959	0.0524778915290955	0.0336420502888813	0.0215696015791799	0.0141095661441058	0.0103886485464398	0.00928186331766015	0.00818121545119524	0.00558767302093518	0.00267502965110396	0.000870169260114618	0.000191540501865796	2.83981750997857e-05	2.83590140181276e-06	3.05902320501826e-07	2.03934880334551e-07	1.359565868897e-07	9.06377245931335e-08	6.04251497287557e-08	4.02834331525038e-08	2.68556221016692e-08	1.79037480677795e-08	1.19358320451863e-08	7.95722136345754e-09	5.30481424230502e-09	3.53654282820335e-09	2.35769521880223e-09	1.57179681253482e-09	1.04786454168988e-09	6.98576361126588e-10	4.65717574084392e-10	3.10478382722928e-10	2.06985588481952e-10
0.00142909692229877	0.00485822105459224	0.0125275107848362	0.0260361775377318	0.0473372678157064	0.0804741928836063	0.130865432279849	0.199106749254031	0.277532657443443	0.358418652421046	0.442355352028138	0.532529492637702	0.623978825252348	0.705111982293264	0.772442454019643	0.833195298776246	0.880165204087605	0.891350313104367	0.864896261269465	0.812893734335523	0.735941039140062	0.635492499380842	0.520310234063078	0.399808633047174	0.289062959611994	0.20235445468319	0.140702131595915	0.0970666533127232	0.0652789556769477	0.0419644710657336	0.0254901624910675	0.0148536277297156	0.00904319592830402	0.00662182145984536	0.00527084419876992	0.00348445156325082	0.00165425481310662	0.00053654647782221	0.000118098710060242	1.7509549232044e-05	1.74854035647656e-06	3.05902320501826e-07	2.03934880334551e-07	1.359565868897e-07	9.06377245931335e-08	6.04251497287557e-08	4.02834331525038e-08	2.68556221016692e-08	1.79037480677795e-08	1.19358320451863e-08	7.95722136345754e-09	5.30481424230502e-09	3.53654282820335e-09	2.35769521880223e-09	1.57179681253482e-09	1.04786454168988e-09	6.98576361126588e-10	4.65717574084392e-10	3.10478382722928e-10	2.06985588481952e-10
0.00156110381527264	0.00479009747447706	0.0110453886028967	0.0208902226445717	0.0364729534993203	0.0633315779482364	0.108171014323502	0.171929492307402	0.247142256353183	0.326258733857296	0.408641719381318	0.496245305194833	0.586755434698077	0.674035579266043	0.757628071487611	0.841248993201901	0.908434517080406	0.931063025284759	0.909688866952431	0.860574904084057	0.783855484812412	0.677850025131283	0.55130093478586	0.418762759325029	0.300457955430148	0.211153606264755	0.149144576275558	0.104774867515039	0.0707192217887332	0.0441219576708688	0.0248992702028264	0.0129206612178944	0.00659713502600482	0.00385637809500452	0.00263543404275524	0.00164467138598949	0.000768604514814732	0.000247917859728854	5.45442025223483e-05	8.0868317604864e-06	8.07568002000254e-07	3.05902320501826e-07	2.03934880334551e-07	1.359565868897e-07	9.06377245931335e-08	6.04251497287557e-08	4.02834331525038e-08	2.68556221016692e-08	1.79037480677795e-08	1.19358320451863e-08	7.95722136345756e-09	5.30481424230504e-09	3.53654282820336e-09	2.35769521880224e-09	1.57179681253483e-09	1.04786454168989e-09	6.98576361126595e-10	4.65717574084397e-10	3.10478382722931e-10	2.06985588481954e-10
0.00178156186095354	0.00506123842053919	0.0105128654054811	0.0176071842228801	0.0282365688331413	0.048930621960908	0.0871992545844091	0.143722438302932	0.211353542433551	0.284426057602928	0.363396082996033	0.449894210769678	0.543960512553255	0.644395984210446	0.751118770235528	0.860982185469424	0.949706424420481	0.985307962974387	0.967170222387279	0.91434309682927	0.832445598438493	0.719717832548712	0.581932424083851	0.436372556356351	0.308028946633273	0.212979131522852	0.14831222879767	0.102609900840608	0.0675548660062889	0.0403603979586813	0.0213204004747799	0.0101521388218839	0.00456605532817113	0.00212542562932493	0.00112699940011078	0.00061060543325446	0.000271775859623936	8.61708076744991e-05	1.88699586359159e-05	2.79769753262898e-06	2.79383950790925e-07	3.05902320501826e-07	2.03934880334551e-07	1.359565868897e-07	9.06377245931335e-08	6.04251497287557e-08	4.02834331525038e-08	2.68556221016692e-08	1.79037480677795e-08	1.79037480677795e-08	1.19358320451863e-08	7.95722136345756e-09	5.30481424230504e-09	3.53654282820336e-09	2.35769521880224e-09	1.57179681253484e-09	1.04786454168989e-09	6.98576361126595e-10	4.65717574084397e-10	3.10478382722931e-10
0.00176547430173373	0.00483292056836452	0.00943649342827763	0.0144121316067138	0.0212981485695507	0.036827142700171	0.0685951829389747	0.116968870619678	0.17552669854787	0.241098386180603	0.31613603752132	0.402481145199908	0.502103696745234	0.617800902892245	0.747927422938311	0.88141444345706	0.990363651349621	1.04279828558544	1.03168238018191	0.972516352221517	0.879464940062662	0.757188533302547	0.610033217640382	0.454860183190414	0.317475065449183	0.214366746951538	0.14398067692674	0.0957813320052362	0.0609411129100704	0.0355121222761983	0.0186235766680549	0.00907172485185553	0.00416559865754495	0.00173458171526985	0.000650246440180411	0.000234275289224306	8.17527768707905e-05	2.34063499772736e-05	4.89003772158753e-06	7.25006701504305e-07	7.24006917308999e-08	3.05902320501826e-07	2.03934880334551e-07	1.359565868897e-07	9.06377245931335e-08	6.04251497287557e-08	4.02834331525038e-08	2.68556221016692e-08	2.68556221016692e-08	2.68556221016692e-08	1.79037480677795e-08	1.19358320451863e-08	7.95722136345756e-09	5.30481424230504e-09	3.53654282820338e-09	2.35769521880225e-09	1.57179681253484e-09	1.04786454168989e-09	6.98576361126595e-10	4.65717574084395e-10
0.00138287155163941	0.00372483671398083	0.00705506154476358	0.010252927710493	0.014608827259819	0.0261861142031957	0.0520033772837931	0.0925539297176699	0.142351816950276	0.199701531811552	0.268746286353379	0.353127610685568	0.457464361328933	0.586328798042689	0.733129116977797	0.878502188410293	0.997227875214865	1.06553840846477	1.06962778208417	1.01256444945351	0.911376428066043	0.781024699628373	0.6299413411234	0.473016820542197	0.331772818097505	0.221642866273306	0.144882317226944	0.0941022541023934	0.0598756732037076	0.0360680746399362	0.0203898794442076	0.0111239892754287	0.00566045575944728	0.00240159506231647	0.000775394664732359	0.000187132468216264	3.7198650999727e-05	6.70049396665595e-06	9.49232020187545e-07	1.40735023961128e-07	1.40540950372028e-08	3.05902320501826e-07	2.03934880334551e-07	1.359565868897e-07	9.06377245931335e-08	6.04251497287557e-08	4.02834331525038e-08	4.02834331525038e-08	4.02834331525038e-08	4.02834331525038e-08	2.68556221016692e-08	1.79037480677795e-08	1.19358320451863e-08	7.95722136345758e-09	5.30481424230506e-09	3.53654282820338e-09	2.35769521880225e-09	1.57179681253484e-09	1.04786454168989e-09	6.98576361126592e-10
0.000826396206061089	0.0022096887868115	0.00412999972771544	0.00591857322657349	0.00870031357520142	0.0173242026362194	0.0378557672168537	0.0713002843731376	0.112942429903141	0.160959585839972	0.22053997144204	0.299175555271148	0.405175720327519	0.541766364072771	0.693709077597146	0.833813922427543	0.945193372008943	1.02134994880168	1.04799678516901	1.01093669077224	0.918221432671767	0.790909193863217	0.645190575887286	0.494826420281911	0.355068241316607	0.240453249917174	0.158595197244271	0.105648487200816	0.0707676833755021	0.0454724639987603	0.0273410100321333	0.0155896846990205	0.00809747200868443	0.00343475897905863	0.0010799003458035	0.000238025565165745	3.71222265660809e-05	4.21404457394444e-06	1.38022998972368e-07	2.04635638647389e-08	2.04353446114697e-09	3.05902320501826e-07	2.03934880334551e-07	1.359565868897e-07	9.06377245931335e-08	6.04251497287556e-08	6.04251497287557e-08	6.04251497287557e-08	6.04251497287557e-08	6.04251497287557e-08	4.02834331525038e-08	2.68556221016692e-08	1.79037480677795e-08	1.19358320451864e-08	7.95722136345758e-09	5.30481424230506e-09	3.53654282820338e-09	2.35769521880224e-09	1.57179681253483e-09	1.04786454168989e-09
0.000372230958229771	0.000991815733586515	0.00184935136439745	0.00271153792011373	0.00451199099099588	0.0107938331215308	0.0265336874884002	0.0532659090719484	0.0869790838645986	0.125001267952047	0.172829419859478	0.242105062912471	0.344543947409214	0.480020513945441	0.624430625729265	0.745640095078999	0.837037850552655	0.911956894264071	0.963037486386367	0.962333252045176	0.900710318855809	0.795360600069546	0.667191183219493	0.529644993310981	0.393588708949371	0.274725653777395	0.186962844524073	0.129905247383454	0.0911669606552686	0.0604171600792071	0.0362142495557543	0.0198212863058798	0.00976661686497	0.0039843595813663	0.00122320116482298	0.000263315657927651	3.945807042706e-05	4.03573109102923e-06	3.05902320501826e-07	3.05902320501826e-07	3.05902320501826e-07	2.03934880334551e-07	1.359565868897e-07	9.06377245931337e-08	9.06377245931335e-08	9.06377245931335e-08	9.06377245931335e-08	9.06377245931335e-08	9.06377245931335e-08	9.06377245931335e-08	6.04251497287556e-08	4.02834331525039e-08	2.68556221016693e-08	1.79037480677795e-08	1.19358320451864e-08	7.95722136345758e-09	5.30481424230504e-09	3.53654282820336e-09	2.35769521880224e-09	1.57179681253483e-09
0.00012583052351243	0.000334688854420397	0.00062956745732531	0.0009998430060102	0.00212971339570268	0.00641236902625314	0.0176641711110034	0.0376988644318296	0.0635155008172651	0.092004349241261	0.128023877968989	0.185204055592473	0.276829663289191	0.399788072403209	0.525749032914596	0.623315393957248	0.694369595875523	0.765344349945614	0.837198187621696	0.876812519968832	0.860202046413721	0.793759526583826	0.695349109547666	0.576048592128142	0.444448280262702	0.319050458553293	0.220936737437698	0.155007501528931	0.109302334665724	0.0719834715093205	0.0416746043985276	0.0211557340361073	0.00950649958449304	0.00361149210039904	0.00106485969578517	0.000223182458051452	3.32307476494385e-05	3.40119040669932e-06	3.05902320501826e-07	2.03934880334551e-07	2.03934880334551e-07	1.359565868897e-07	1.359565868897e-07	1.359565868897e-07	1.359565868897e-07	1.359565868897e-07	1.359565868897e-07	1.359565868897e-07	1.359565868897e-07	1.359565868897e-07	9.06377245931337e-08	6.04251497287558e-08	4.02834331525039e-08	2.68556221016693e-08	1.79037480677795e-08	1.19358320451863e-08	7.95722136345756e-09	5.30481424230504e-09	3.53654282820336e-09	2.35769521880224e-09
3.19129406997703e-05	8.48562087260125e-05	0.000164222400672826	0.000313849639611515	0.000963572592102837	0.00358598674656779	0.0108573385401546	0.0246007354661338	0.0430874475024633	0.0633848623043126	0.088751042356783	0.131769464302671	0.205043890124239	0.304442894276837	0.404249876677979	0.480145164775435	0.539319472500868	0.609986213305846	0.69588650949248	0.765670882323321	0.790523833717618	0.767463536249671	0.705398819860353	0.609171660827825	0.484792483221938	0.352865760146801	0.241793659126098	0.164687236446969	0.11284956424464	0.0727060456371232	0.040571280331023	0.0190454358321718	0.00763565199946083	0.00260603885693141	0.000716496666225179	0.000142251996145789	2.09781770618743e-05	2.14713118481679e-06	3.05902320501826e-07	2.03934880334551e-07	2.03934880334551e-07	2.03934880334551e-07	2.03934880334551e-07	2.03934880334551e-07	2.03934880334551e-07	2.03934880334551e-07	2.03934880334551e-07	2.03934880334551e-07	2.03934880334551e-07	2.03934880334551e-07	1.359565868897e-07	9.06377245931337e-08	6.04251497287558e-08	4.02834331525039e-08	2.68556221016692e-08	1.79037480677795e-08	1.19358320451863e-08	7.95722136345756e-09	5.30481424230504e-09	3.53654282820335e-09
6.05606019931727e-06	1.60750934306869e-05	3.31535811220347e-05	8.98363469506959e-05	0.000421384875224632	0.00185052485328563	0.00612314654853949	0.0149056912325155	0.027538111627141	0.0413799153363406	0.0575751492484277	0.0856463311442716	0.136055687608713	0.205744941915817	0.276659653636896	0.334880473713528	0.389633438860264	0.462151027300588	0.552699489618502	0.634695763601836	0.683909926125937	0.694198578745686	0.665224186721291	0.593878651979136	0.482502983965039	0.351456199408897	0.234084479892206	0.151584863302293	0.0995573876362568	0.0627825111578728	0.0341639082205579	0.0150393430513315	0.00535261986599994	0.00158018899743715	0.000385957131632011	6.82182374597557e-05	9.92005980113349e-06	1.0153251014823e-06	3.05902320501826e-07	3.05902320501826e-07	3.05902320501826e-07	3.05902320501826e-07	3.05902320501826e-07	3.05902320501826e-07	3.05902320501826e-07	3.05902320501826e-07	3.05902320501826e-07	3.05902320501826e-07	3.05902320501826e-07	3.05902320501826e-07	2.03934880334551e-07	1.359565868897e-07	9.06377245931337e-08	6.04251497287556e-08	4.02834331525038e-08	2.68556221016692e-08	1.79037480677795e-08	1.19358320451863e-08	7.95722136345753e-09	5.30481424230502e-09
8.62557393738769e-07	2.29384910551139e-06	5.52616507839331e-06	2.52684156932318e-05	0.000183748968803904	0.000925011131731428	0.00339475450409977	0.00904460587744267	0.0177646277792711	0.026967262054046	0.035841032287116	0.0505081064629869	0.0790717963761485	0.120762758076996	0.166157094687637	0.210095872326603	0.260671316898252	0.329580545168125	0.412486167901358	0.488887991389375	0.542973491629289	0.569813888382545	0.56328122145109	0.51458993871874	0.423159802910305	0.306949939888909	0.198828005379234	0.122913517949683	0.0777845288289692	0.0483847677479594	0.0259911486317972	0.010943852362827	0.00351721490016365	0.000882375767290011	0.000180011676374326	2.46619162097533e-05	3.51382188281877e-06	3.59642142414912e-07	1.80630576967795e-08	1.371298177787e-07	7.01202428654184e-07	2.41504822444803e-06	5.60246414688359e-06	8.75393358853909e-06	9.21294104539715e-06	6.53076745093607e-06	3.11817891144772e-06	1.00278706528152e-06	2.17213743231342e-07	3.16910595246726e-08	3.05902320501826e-07	2.03934880334551e-07	1.359565868897e-07	9.06377245931335e-08	6.04251497287557e-08	4.02834331525038e-08	2.68556221016692e-08	1.79037480677795e-08	1.19358320451863e-08	7.95722136345754e-09
3.05902320501826e-07	2.6952558372691e-09	3.69329027003892e-07	5.99978611892401e-06	8.78146144947142e-05	0.000512744045083903	0.00211488849997447	0.006151050193662	0.0126496648775966	0.0189188522585524	0.0227951150553605	0.0277929020150815	0.0402706350603581	0.0617469051467071	0.0889892207811767	0.121032384495746	0.162630466112583	0.218224878202182	0.28220572540923	0.341223374826131	0.386984991893409	0.416156286838446	0.420422870818361	0.389699970839652	0.323064707316169	0.234973167692057	0.151491540350724	0.0924038853230622	0.0575091975583411	0.0352563092885933	0.0185900863111148	0.00754583390132688	0.00225218559234171	0.000492906679106282	8.15632346366573e-05	6.73896082691828e-06	9.32318077950426e-07	9.54234113589353e-08	1.15331604672027e-07	8.75566152657522e-07	4.47713796048096e-06	1.54199467089993e-05	3.57714176095879e-05	5.58933722577086e-05	5.88241089826045e-05	4.16985818514319e-05	1.99093964902663e-05	6.40273885654977e-06	1.3868975000924e-06	2.02345627749883e-07	3.05902320501826e-07	2.03934880334551e-07	1.359565868897e-07	9.06377245931335e-08	6.04251497287557e-08	4.02834331525038e-08	2.68556221016692e-08	1.79037480677795e-08	1.19358320451863e-08	7.95722136345754e-09
2.03934880334551e-07	3.05902320501826e-07	7.17297188891568e-08	1.38923571141779e-06	5.48636437135871e-05	0.000355562229999688	0.00158307735408091	0.00482948756467703	0.0101001681291239	0.0146948124371613	0.0158362698095786	0.0154918539042155	0.0189092538447477	0.0289766336505003	0.0453545903055477	0.0675210618699357	0.0965546683845682	0.133143090626783	0.173731719101413	0.21204277639763	0.244558649974424	0.268127938103703	0.274678020637794	0.256656413075513	0.215098947151876	0.160494303122326	0.108107662552164	0.0688065105111536	0.0430093819414335	0.0253847650898512	0.0127025209404943	0.00488813997727562	0.00137269154523521	0.00027372834613675	3.79278990063285e-05	1.39680395947956e-06	1.85296568643432e-07	1.89652341955356e-08	5.51600066049989e-07	4.18759757145879e-06	2.14129474894509e-05	7.37494605000876e-05	0.000171085075702031	0.000267322976358332	0.000281339902383292	0.000199433109153813	9.5221292119158e-05	3.0622579007871e-05	6.63315796941376e-06	9.6776475060035e-07	3.05902320501826e-07	2.03934880334551e-07	1.359565868897e-07	9.06377245931335e-08	6.04251497287557e-08	4.02834331525038e-08	2.68556221016692e-08	1.79037480677795e-08	1.19358320451863e-08	7.95722136345754e-09
2.03934880334551e-07	3.05902320501826e-07	1.05438570048392e-08	2.46287813787494e-07	4.04874601515308e-05	0.000273624321272158	0.00125170496235555	0.00387383919462213	0.00811522276445357	0.0115825566391022	0.0116079899358035	0.00935731165439261	0.00908646267968345	0.013884024725721	0.0241746490609515	0.0387220777988583	0.056122105219101	0.0755765423508459	0.0962903873570051	0.117264056708818	0.137223745892	0.15246581556009	0.156730757623411	0.146746940535209	0.125828513472418	0.100331708247171	0.0749736617552543	0.0520444698657427	0.0327954137116152	0.0180765821656069	0.00823324537793403	0.00290826046429738	0.000760044358574869	0.00014038245365541	1.67890758190671e-05	2.20597799655123e-07	2.75860524773694e-08	2.82345188361473e-09	1.97614675578896e-06	1.50023683184949e-05	7.67134185029683e-05	0.000264212725991999	0.000612924541023966	0.00095770371505085	0.0010079203567723	0.000714483401848429	0.000341137101108059	0.000109707583238055	2.37637636553597e-05	3.46708655414208e-06	3.05902320501826e-07	2.03934880334551e-07	1.359565868897e-07	9.06377245931335e-08	6.04251497287557e-08	4.02834331525038e-08	2.68556221016692e-08	1.79037480677795e-08	1.19358320451863e-08	7.95722136345754e-09
1.359565868897e-07	2.03934880334551e-07	3.05902320501826e-07	2.24979487524112e-08	2.8066698653523e-05	0.00019175316811668	0.000882976105766308	0.00274074092840671	0.00573655588466224	0.00811975336669623	0.00788498581597551	0.00573647923867233	0.00470742243172147	0.00724866960104379	0.0138419454535702	0.0230956960427816	0.0327173181862033	0.0413039475010916	0.0495846562637956	0.0592353961173122	0.0697238064065426	0.0772652715217286	0.0781259087772121	0.0726989585751246	0.0651630574856923	0.05826756592036	0.0500236907644289	0.0378804101477107	0.0238114603212392	0.0121376304141689	0.00494055282203444	0.00156279993883294	0.000372065404786349	6.26435352935484e-05	6.28835223089875e-06	1.12220175802354e-08	3.05902320501826e-07	3.05902320501826e-07	5.30313871654369e-06	4.02599857710947e-05	0.000205866238704063	0.000709034757923289	0.00164482918806617	0.00257007007975792	0.00270483022150735	0.00191737004327774	0.000915467114593602	0.000294408565792923	6.37718503053271e-05	9.30418800375897e-06	3.05902320501826e-07	2.03934880334551e-07	1.359565868897e-07	9.06377245931335e-08	6.04251497287557e-08	4.02834331525038e-08	2.68556221016692e-08	1.79037480677795e-08	1.19358320451863e-08	7.95722136345754e-09
9.06377245931337e-08	1.359565868897e-07	2.03934880334551e-07	3.05902320501826e-07	1.59882177984815e-05	0.000109391303000176	0.000504140695493967	0.00156511791341333	0.0032736020872233	0.00461997141259708	0.00443705869889621	0.00310800937845947	0.0023917339488773	0.00382225891466908	0.00785343942500687	0.0135994953778063	0.0190540281215412	0.0226790049707602	0.0253726339329864	0.0292259340691578	0.0337482548539826	0.0359225338582804	0.0343572865453711	0.0312251581479077	0.0299546279698447	0.0309802552645007	0.0302591580172592	0.0242992008194784	0.0150950043240494	0.00719698569732317	0.00265315036851419	0.000755671370327078	0.000164309252161769	2.52717144768443e-05	2.17641616665862e-06	3.52271360875627e-08	3.05902320501826e-07	3.05902320501826e-07	1.06602082844046e-05	8.09293998869318e-05	0.000413826056721099	0.00142528012264987	0.00330638564711756	0.0051662767693152	0.00543716751086856	0.00385423899168528	0.00184024417250227	0.000591811151813671	0.000128192235442736	1.87029959687671e-05	3.05902320501826e-07	2.03934880334551e-07	1.359565868897e-07	9.06377245931335e-08	6.04251497287557e-08	4.02834331525038e-08	2.68556221016692e-08	1.79037480677795e-08	1.19358320451863e-08	7.95722136345754e-09
9.06377245931335e-08	1.359565868897e-07	2.03934880334551e-07	3.05902320501826e-07	7.05852001747432e-06	4.82900357400314e-05	0.000222521657353914	0.00069066577593792	0.00144396885904558	0.00203561323541091	0.00194775676155557	0.00135130830316814	0.00104582257305101	0.00180395559780863	0.00401106559211797	0.00735844596933682	0.0106316180979309	0.0126997168237723	0.0141266007183918	0.0160781223929105	0.0176147769463778	0.0168267573405377	0.0140795094529497	0.01184417508687	0.0121534858388178	0.0144602265791153	0.0155202176496733	0.0128887750671872	0.0079409399685428	0.00366980042202288	0.00131558009567193	0.000379026381157784	8.9209772498072e-05	1.60092957819529e-05	1.99965025442328e-06	1.94456672114238e-07	3.05902320501826e-07	3.05902320501826e-07	1.60515620710448e-05	0.000121859090460543	0.000623116777726771	0.00214610932047267	0.00497857574914011	0.00777909868423284	0.00818699123534521	0.00580350353024391	0.00277093962638728	0.00089111705740037	0.000193024898701592	2.81619545038686e-05	3.05902320501826e-07	2.03934880334551e-07	1.359565868897e-07	9.06377245931335e-08	6.04251497287557e-08	4.02834331525038e-08	2.68556221016692e-08	1.79037480677795e-08	1.19358320451863e-08	7.95722136345754e-09
9.06377245931335e-08	1.359565868897e-07	2.03934880334551e-07	3.05902320501826e-07	2.3636221251941e-06	1.6170443183413e-05	7.45137948683993e-05	0.000231271610105235	0.000483480373526645	0.000681388534077787	0.000651240654722138	0.000452940285533333	0.00036845509793304	0.000713318030883108	0.00174412659161399	0.00346864048187904	0.00545614233646309	0.00733124911220147	0.00942216265022113	0.0115755044282064	0.0120542936318562	0.00982839461499686	0.00650301936842506	0.00439212495325434	0.00438374774678932	0.00569500227794372	0.00649681226751782	0.0056009350548146	0.00365795777104054	0.0019632714203647	0.000950993268672689	0.000412546256944524	0.000144400675731558	3.67364325918002e-05	6.51604028071029e-06	8.04057801958817e-07	3.05902320501826e-07	3.05902320501826e-07	1.81045537330708e-05	0.000137444844392172	0.000702813292214243	0.00242059628449685	0.00561533461762351	0.00877404389056988	0.00923410581951165	0.00654577050123372	0.00312534226482035	0.00100509075545137	0.000217712745644079	3.1763862998936e-05	3.05902320501826e-07	2.03934880334551e-07	1.359565868897e-07	9.06377245931335e-08	6.04251497287557e-08	4.02834331525038e-08	2.68556221016692e-08	1.79037480677795e-08	1.19358320451863e-08	7.95722136345754e-09
9.06377245931335e-08	1.359565868897e-07	2.03934880334551e-07	3.05902320501826e-07	5.94352567243264e-07	4.06619328744591e-06	1.87371174110305e-05	5.81551821381949e-05	0.00012157518672478	0.000171348954433337	0.000163821047105468	0.000115423720905836	0.000103213886741034	0.000231431762271512	0.000633176414791948	0.0014111789022672	0.00264206796105697	0.0046064303762263	0.00757868766567078	0.010439630144307	0.0107853963963384	0.00805576644438871	0.00451471507773807	0.0022836180512706	0.00165949109380665	0.00195183263201893	0.00233753539251102	0.00242159231430245	0.00234744836552923	0.00218215607293156	0.00170455525044343	0.000983776705414074	0.000395071837004036	0.000107925365813957	1.99458861226953e-05	2.49040856325847e-06	3.05902320501826e-07	3.05902320501826e-07	1.52959781721633e-05	0.000116122903148879	0.000593785239631638	0.00204508702490969	0.00474422275229392	0.0074129186397237	0.00780161075148132	0.00553031928779163	0.0026405051330212	0.000849170130514983	0.000183938773320359	2.68363066142754e-05	3.05902320501826e-07	2.03934880334551e-07	1.359565868897e-07	9.06377245931335e-08	6.04251497287557e-08	4.02834331525038e-08	2.68556221016692e-08	1.79037480677795e-08	1.19358320451863e-08	7.95722136345754e-09
9.06377245931335e-08	1.359565868897e-07	2.03934880334551e-07	3.05902320501826e-07	1.1269022691242e-07	7.70956952970459e-07	3.55258836102487e-06	1.10263184387054e-05	2.30508558959884e-05	3.24894509909734e-05	3.10696721673951e-05	2.23139415248573e-05	2.27256997549258e-05	6.00294273968296e-05	0.000192580785617717	0.000520737154600471	0.00131243032851718	0.00312306570736621	0.0062216775629892	0.0092483720518341	0.00981720052807296	0.0075736547187335	0.00458637228364897	0.00246242036752191	0.00133597652348979	0.000938887918152964	0.00114276916578172	0.00198616373049816	0.00328917040528097	0.00415650145531196	0.00368078239621934	0.00222184368930107	0.000906674464179599	0.000249462400191282	4.62535754328227e-05	5.77793751639849e-06	3.05902320501826e-07	3.05902320501826e-07	9.68022820300807e-06	7.34896578319297e-05	0.00037578352678828	0.00129425584119651	0.0030024336051738	0.0046913471812773	0.00493733526390744	0.00349992345299932	0.00167107274678101	0.000537406666905605	0.000116407677958305	1.69836521226768e-05	3.05902320501826e-07	2.03934880334551e-07	1.359565868897e-07	9.06377245931335e-08	6.04251497287557e-08	4.02834331525038e-08	2.68556221016692e-08	1.79037480677795e-08	1.19358320451863e-08	7.95722136345754e-09
9.06377245931335e-08	1.359565868897e-07	2.03934880334551e-07	3.05902320501826e-07	1.60046902438954e-08	1.09494208697079e-07	5.04551972607703e-07	1.56599925279397e-06	3.27376932836139e-06	4.61448310010874e-06	4.41450321290014e-06	3.27318238854588e-06	4.00213755430704e-06	1.25051378847301e-05	5.32302729540164e-05	0.000195850968124433	0.000685427189463768	0.00201384561571784	0.00441968987926762	0.00693490904646438	0.00794277933250388	0.00719782504542923	0.00570567984429539	0.00399883099274245	0.00229573726471857	0.00118733456860354	0.00125059673138882	0.00278294914714337	0.0053181183130906	0.00706010909358611	0.00634957726003156	0.00385153157737109	0.00157422740275995	0.000433430187844722	8.03834161522947e-05	1.00413935903651e-05	3.05902320501826e-07	3.05902320501826e-07	4.58894492290674e-06	3.48380208732261e-05	0.000178141451957838	0.000613546359326066	0.00142331380623294	0.00222394899971733	0.00234056048234027	0.00165915055134884	0.000792177687997648	0.000254759448219039	5.5183453483889e-05	8.05115773578083e-06	3.05902320501826e-07	2.03934880334551e-07	1.359565868897e-07	9.06377245931335e-08	6.04251497287557e-08	4.02834331525038e-08	2.68556221016692e-08	1.79037480677795e-08	1.19358320451863e-08	7.95722136345754e-09
6.04251497287556e-08	9.06377245931337e-08	1.359565868897e-07	2.03934880334551e-07	3.05902320501826e-07	3.05902320501826e-07	3.05902320501826e-07	3.05902320501826e-07	3.05902320501826e-07	3.05902320501826e-07	3.05902320501826e-07	4.07602986695769e-08	3.23883064935756e-07	1.72964772581926e-06	1.45157481308174e-05	7.68439584566305e-05	0.000336142317110451	0.00109265765165072	0.00254592051864139	0.00435896225164503	0.00597155268400964	0.00721144624060262	0.00763736608359797	0.00640674023723257	0.00392558974719144	0.0019035767182836	0.00164506543661665	0.00354934119415728	0.00686851675238096	0.00916740283596359	0.00825919700225143	0.00501254800512104	0.00204911708578014	0.000564221809347566	0.000104642117118104	1.30717595047367e-05	3.05902320501826e-07	3.05902320501826e-07	1.62951740797029e-06	1.23708526525952e-05	6.32573722115032e-05	0.000217868048083988	0.000505413480271611	0.000789716082968808	0.000831124390127774	0.000589158238176002	0.000281299373708796	9.0464139947636e-05	1.95954406937961e-05	2.85893640154202e-06	3.05902320501826e-07	2.03934880334551e-07	1.359565868897e-07	9.06377245931335e-08	6.04251497287557e-08	4.02834331525038e-08	2.68556221016692e-08	1.79037480677795e-08	1.19358320451863e-08	7.95722136345754e-09
4.02834331525039e-08	6.04251497287558e-08	9.06377245931337e-08	1.359565868897e-07	2.03934880334551e-07	2.03934880334551e-07	2.03934880334551e-07	2.03934880334551e-07	2.03934880334551e-07	2.03934880334551e-07	3.05902320501826e-07	5.56590654264441e-09	6.72065986755969e-08	4.56192205526113e-07	5.73897891173669e-06	3.40414058313799e-05	0.000153926312147271	0.000507776622894473	0.00126028551735156	0.00256050312693942	0.00465868944068543	0.00743662548898006	0.0093312088465709	0.00842897191683971	0.00528935204478586	0.00248207754483994	0.00177512992610088	0.00348561205895539	0.00669608456796771	0.00893698591153151	0.00805312035785288	0.00488774105314267	0.00199812692456685	0.000550185116008951	0.000102038833650581	1.27465606617918e-05	3.05902320501826e-07	3.05902320501826e-07	4.33435094798047e-07	3.29052127088908e-06	1.68258190965384e-05	5.79506899483645e-05	0.000134434857008739	0.000210056464331658	0.000221070653840212	0.000156710112801398	7.48227788876288e-05	2.40625432304325e-05	5.21218837748058e-06	7.60448071412407e-07	3.05902320501826e-07	2.03934880334551e-07	1.359565868897e-07	9.06377245931335e-08	6.04251497287557e-08	4.02834331525038e-08	2.68556221016692e-08	1.79037480677795e-08	1.19358320451863e-08	7.95722136345754e-09
2.68556221016693e-08	4.02834331525039e-08	6.04251497287558e-08	9.06377245931337e-08	1.359565868897e-07	1.359565868897e-07	1.359565868897e-07	1.359565868897e-07	1.359565868897e-07	1.359565868897e-07	2.03934880334551e-07	3.05902320501826e-07	1.16393498366707e-07	1.11433988228756e-06	8.27654908994897e-06	3.93223997539547e-05	0.000135276588348901	0.000350496115743992	0.00077667135194105	0.00172070625360329	0.0037794460196637	0.006917966822706	0.00924932756991184	0.00855869069925416	0.00540590804183248	0.00247243086672338	0.00148597556455121	0.00258250753819494	0.00489575564947626	0.00652783172691951	0.00588223088780553	0.00357014674024522	0.00145948941418488	0.000401871043718212	7.45321008979839e-05	9.31045476862452e-06	3.05902320501826e-07	3.05902320501826e-07	8.63590886544461e-08	6.55614696554404e-07	3.35243366418832e-06	1.15462933917913e-05	2.67852600631585e-05	4.18523673864235e-05	4.40468721222924e-05	3.12234581068472e-05	1.49079460174757e-05	4.79430329714437e-06	1.03849421418966e-06	1.51514271004764e-07	3.05902320501826e-07	2.03934880334551e-07	1.359565868897e-07	9.06377245931335e-08	6.04251497287557e-08	4.02834331525038e-08	2.68556221016692e-08	1.79037480677795e-08	1.19358320451863e-08	7.95722136345754e-09
1.79037480677795e-08	2.68556221016693e-08	4.02834331525039e-08	6.04251497287556e-08	9.06377245931335e-08	9.06377245931335e-08	9.06377245931335e-08	9.06377245931335e-08	9.06377245931335e-08	1.359565868897e-07	2.03934880334551e-07	3.05902320501826e-07	4.32497874271594e-07	4.14069202376757e-06	2.69585148271998e-05	0.000117887444624002	0.000351438636757398	0.000726692368284674	0.00113522640579459	0.00169976123417653	0.00302829732729171	0.00530233074594941	0.00708459437463218	0.00657593993154413	0.00415479788881102	0.00186204641506316	0.000958972224705556	0.00144112909683059	0.00268230842207938	0.00357162404053116	0.00321839136327667	0.00195336253431598	0.000798541950324344	0.000219878872645917	4.07793360023012e-05	5.09410252454373e-06	3.05902320501826e-07	3.05902320501826e-07	1.28887540918202e-08	9.78479131094674e-08	5.00337529958851e-07	1.72323884512351e-06	3.99759464369623e-06	6.24630111096427e-06	6.57382230571802e-06	4.6599782339723e-06	2.2249522688019e-06	7.15530897804527e-07	1.54991174189278e-07	2.26129086215323e-08	3.05902320501826e-07	2.03934880334551e-07	1.359565868897e-07	9.06377245931335e-08	6.04251497287557e-08	4.02834331525038e-08	2.68556221016692e-08	1.79037480677795e-08	1.19358320451863e-08	7.95722136345754e-09
1.19358320451864e-08	1.79037480677795e-08	2.68556221016692e-08	4.02834331525038e-08	6.04251497287557e-08	6.04251497287557e-08	6.04251497287557e-08	6.04251497287556e-08	9.06377245931335e-08	1.359565868897e-07	2.03934880334551e-07	3.05902320501826e-07	1.20381054184548e-06	1.15251634869695e-05	7.43656387211757e-05	0.00032314090473915	0.000947540953161836	0.00188146192568728	0.00258344122006472	0.00268612193915061	0.00275538894055694	0.00345596268340831	0.0041913757032211	0.00381254294949011	0.00239741307809956	0.00105732927692627	0.000477272468725355	0.000606879374192797	0.0011014306514069	0.00146379895803033	0.00131902962647703	0.000800568595669437	0.000327275452724988	9.01154379686931e-05	1.67130551457651e-05	2.08777348424888e-06	3.05902320501826e-07	2.03934880334551e-07	3.05902320501826e-07	3.05902320501826e-07	3.05902320501826e-07	3.05902320501826e-07	3.05902320501826e-07	3.05902320501826e-07	3.05902320501826e-07	3.05902320501826e-07	3.05902320501826e-07	3.05902320501826e-07	3.05902320501826e-07	3.05902320501826e-07	2.03934880334551e-07	1.359565868897e-07	9.06377245931337e-08	6.04251497287556e-08	4.02834331525038e-08	2.68556221016692e-08	1.79037480677795e-08	1.19358320451863e-08	7.95722136345753e-09	5.30481424230502e-09
7.95722136345758e-09	1.19358320451863e-08	1.79037480677795e-08	2.68556221016692e-08	4.02834331525038e-08	4.02834331525038e-08	4.02834331525038e-08	6.04251497287557e-08	9.06377245931335e-08	1.359565868897e-07	2.03934880334551e-07	3.05902320501826e-07	2.50986993557045e-06	2.40292474047731e-05	0.000154953005529304	0.000673024265644128	0.00196958144695122	0.00388620286751175	0.00519284574512534	0.00480145121269303	0.00337947221427571	0.00237921416507538	0.00205290761040182	0.00169237941912874	0.00104120502781483	0.000451823605010064	0.000182950415160902	0.000193334968904196	0.000339048639750415	0.000449382379156305	0.00040493858017326	0.000245772425390877	0.000100472691812071	2.76651993027614e-05	5.13086339020251e-06	6.40940895841085e-07	3.05902320501826e-07	2.03934880334551e-07	2.03934880334551e-07	2.03934880334551e-07	2.03934880334551e-07	2.03934880334551e-07	2.03934880334551e-07	2.03934880334551e-07	2.03934880334551e-07	2.03934880334551e-07	2.03934880334551e-07	2.03934880334551e-07	2.03934880334551e-07	2.03934880334551e-07	1.359565868897e-07	9.06377245931337e-08	6.04251497287558e-08	4.02834331525039e-08	2.68556221016692e-08	1.79037480677795e-08	1.19358320451863e-08	7.95722136345756e-09	5.30481424230504e-09	3.53654282820335e-09
5.30481424230504e-09	7.95722136345756e-09	1.19358320451863e-08	1.79037480677795e-08	2.68556221016692e-08	2.68556221016692e-08	4.02834331525038e-08	6.04251497287557e-08	9.06377245931335e-08	1.359565868897e-07	2.03934880334551e-07	3.05902320501826e-07	3.91979360491202e-06	3.75277176610631e-05	0.00024199811772223	0.00105109678196248	0.0030752022479883	0.00606130801539208	0.00805603234612855	0.00725330369569739	0.00452557787440396	0.00216209780661584	0.00104504570606297	0.000618084815436496	0.000345728588898123	0.000145117146802121	5.38709250657017e-05	4.67347393445474e-05	7.82633624476066e-05	0.000103340260993684	9.31199363893207e-05	5.65179850456708e-05	2.31047648421168e-05	6.36190702839121e-06	1.17989664584077e-06	1.47391180718071e-07	3.05902320501826e-07	2.03934880334551e-07	1.359565868897e-07	1.359565868897e-07	1.359565868897e-07	1.359565868897e-07	1.359565868897e-07	1.359565868897e-07	1.359565868897e-07	1.359565868897e-07	1.359565868897e-07	1.359565868897e-07	1.359565868897e-07	1.359565868897e-07	9.06377245931337e-08	6.04251497287558e-08	4.02834331525039e-08	2.68556221016693e-08	1.79037480677795e-08	1.19358320451863e-08	7.95722136345756e-09	5.30481424230504e-09	3.53654282820336e-09	2.35769521880224e-09
3.53654282820336e-09	5.30481424230504e-09	7.95722136345756e-09	1.19358320451863e-08	1.79037480677795e-08	2.68556221016692e-08	4.02834331525038e-08	6.04251497287557e-08	9.06377245931335e-08	1.359565868897e-07	2.03934880334551e-07	3.05902320501826e-07	4.58557808315979e-06	4.39018726399096e-05	0.000283101963175403	0.00122962759075043	0.00359733839839941	0.00708889768623711	0.00941128663745583	0.00842575812396454	0.00511172453870279	0.00215238111345526	0.000698214762622229	0.000231773297756477	9.39888496644668e-05	3.49971066482616e-05	1.21424119936104e-05	8.60234985979749e-06	1.35529741196617e-05	1.78009007302189e-05	1.60403963347055e-05	9.73551867970868e-06	3.97991665005287e-06	1.09587177715949e-06	2.03243371582092e-07	2.53889021688506e-08	3.05902320501826e-07	2.03934880334551e-07	1.359565868897e-07	9.06377245931335e-08	9.06377245931335e-08	9.06377245931335e-08	9.06377245931335e-08	9.06377245931335e-08	9.06377245931335e-08	9.06377245931335e-08	9.06377245931335e-08	9.06377245931335e-08	9.06377245931335e-08	9.06377245931335e-08	6.04251497287556e-08	4.02834331525039e-08	2.68556221016693e-08	1.79037480677795e-08	1.19358320451864e-08	7.95722136345758e-09	5.30481424230504e-09	3.53654282820336e-09	2.35769521880224e-09	1.57179681253483e-09
3.53654282820335e-09	5.30481424230502e-09	7.95722136345754e-09	1.19358320451863e-08	1.79037480677795e-08	2.68556221016692e-08	4.02834331525038e-08	6.04251497287557e-08	9.06377245931335e-08	1.359565868897e-07	2.03934880334551e-07	3.05902320501826e-07	4.01831423005255e-06	3.84709444165311e-05	0.000248080531299045	0.0010775151913176	0.00315229074385238	0.0062116063007844	0.00824467646242462	0.00737262102099392	0.00444619958374122	0.00181761035690208	0.000516547962070771	0.000113814264239983	2.59519329413071e-05	6.26613658059133e-06	1.79392379273428e-06	3.4592265537991e-07	4.49288088833118e-08	3.05902320501826e-07	3.05902320501826e-07	3.05902320501826e-07	3.05902320501826e-07	3.05902320501826e-07	3.05902320501826e-07	3.05902320501826e-07	2.03934880334551e-07	1.359565868897e-07	9.06377245931337e-08	6.04251497287556e-08	6.04251497287557e-08	6.04251497287557e-08	6.04251497287557e-08	6.04251497287557e-08	6.04251497287557e-08	6.04251497287557e-08	6.04251497287557e-08	6.04251497287557e-08	6.04251497287557e-08	6.04251497287557e-08	4.02834331525038e-08	2.68556221016692e-08	1.79037480677795e-08	1.19358320451864e-08	7.95722136345758e-09	5.30481424230506e-09	3.53654282820338e-09	2.35769521880224e-09	1.57179681253483e-09	1.04786454168989e-09
3.53654282820335e-09	5.30481424230502e-09	7.95722136345754e-09	1.19358320451863e-08	1.79037480677795e-08	2.68556221016692e-08	4.02834331525038e-08	6.04251497287557e-08	9.06377245931335e-08	1.359565868897e-07	2.03934880334551e-07	3.05902320501826e-07	2.63762230669272e-06	2.52523360153571e-05	0.000162840112979911	0.000707281198459781	0.00206915953627	0.00407725180503649	0.0054114837876	0.00483791704272692	0.00291397021543621	0.00118375338069421	0.000326089307646853	6.25534616429423e-05	9.36494250010662e-06	8.53048204974661e-07	2.44218020397649e-07	4.70926058563589e-08	6.11643861837782e-09	3.05902320501826e-07	2.03934880334551e-07	2.03934880334551e-07	2.03934880334551e-07	2.03934880334551e-07	2.03934880334551e-07	2.03934880334551e-07	1.359565868897e-07	9.06377245931337e-08	6.04251497287558e-08	4.02834331525039e-08	4.02834331525038e-08	4.02834331525038e-08	4.02834331525038e-08	4.02834331525038e-08	4.02834331525038e-08	4.02834331525038e-08	4.02834331525038e-08	4.02834331525038e-08	4.02834331525038e-08	4.02834331525038e-08	2.68556221016692e-08	1.79037480677795e-08	1.19358320451863e-08	7.95722136345758e-09	5.30481424230506e-09	3.53654282820338e-09	2.35769521880225e-09	1.57179681253484e-09	1.04786454168989e-09	6.98576361126592e-10
3.53654282820335e-09	5.30481424230502e-09	7.95722136345754e-09	1.19358320451863e-08	1.79037480677795e-08	2.68556221016692e-08	4.02834331525038e-08	6.04251497287557e-08	9.06377245931335e-08	1.359565868897e-07	2.03934880334551e-07	3.05902320501826e-07	1.29688129989801e-06	1.24162137520445e-05	8.00661629457199e-05	0.000347760085939704	0.00101737564282378	0.00200472044833203	0.00266070782922258	0.00237854535872247	0.00143217659146149	0.000580834744507209	0.000158664397288653	2.91929019365205e-05	3.61781148778761e-06	3.05902320501826e-07	3.05902320501826e-07	3.05902320501826e-07	3.05902320501826e-07	2.03934880334551e-07	1.359565868897e-07	1.359565868897e-07	1.359565868897e-07	1.359565868897e-07	1.359565868897e-07	1.359565868897e-07	9.06377245931337e-08	6.04251497287558e-08	4.02834331525039e-08	2.68556221016693e-08	2.68556221016692e-08	2.68556221016692e-08	2.68556221016692e-08	2.68556221016692e-08	2.68556221016692e-08	2.68556221016692e-08	2.68556221016692e-08	2.68556221016692e-08	2.68556221016692e-08	2.68556221016692e-08	1.79037480677795e-08	1.19358320451863e-08	7.95722136345756e-09	5.30481424230504e-09	3.53654282820338e-09	2.35769521880225e-09	1.57179681253484e-09	1.04786454168989e-09	6.98576361126595e-10	4.65717574084395e-10
3.53654282820335e-09	5.30481424230502e-09	7.95722136345754e-09	1.19358320451863e-08	1.79037480677795e-08	2.68556221016692e-08	4.02834331525038e-08	6.04251497287557e-08	9.06377245931335e-08	1.359565868897e-07	2.03934880334551e-07	3.05902320501826e-07	4.77646674575966e-07	4.57294218827495e-06	2.94886945166749e-05	0.000128081458659644	0.000374703600574379	0.000738346721226949	0.000979949550314552	0.000876027961087291	0.000527476482520739	0.000213923806453118	5.84367449391746e-05	1.0751864902592e-05	1.33245473315128e-06	3.05902320501826e-07	2.03934880334551e-07	2.03934880334551e-07	2.03934880334551e-07	1.359565868897e-07	9.06377245931337e-08	9.06377245931335e-08	9.06377245931335e-08	9.06377245931335e-08	9.06377245931335e-08	9.06377245931335e-08	6.04251497287556e-08	4.02834331525039e-08	2.68556221016693e-08	1.79037480677795e-08	1.79037480677795e-08	1.79037480677795e-08	1.79037480677795e-08	1.79037480677795e-08	1.79037480677795e-08	1.79037480677795e-08	1.79037480677795e-08	1.79037480677795e-08	1.79037480677795e-08	1.79037480677795e-08	1.19358320451863e-08	7.95722136345756e-09	5.30481424230504e-09	3.53654282820336e-09	2.35769521880224e-09	1.57179681253484e-09	1.04786454168989e-09	6.98576361126595e-10	4.65717574084397e-10	3.10478382722931e-10
3.53654282820335e-09	5.30481424230502e-09	7.95722136345754e-09	1.19358320451863e-08	1.79037480677795e-08	2.68556221016692e-08	4.02834331525038e-08	6.04251497287557e-08	9.06377245931335e-08	1.359565868897e-07	2.03934880334551e-07	3.05902320501826e-07	1.31774749181527e-07	1.26159846170083e-06	8.1354388724159e-06	3.53355377270493e-05	0.000103374472410884	0.000203697542927643	0.000270351732937089	0.000241681500139749	0.000145521961908414	5.90180094194998e-05	1.61217230585364e-05	2.96626015878897e-06	3.67602032218948e-07	3.05902320501826e-07	2.03934880334551e-07	1.359565868897e-07	1.359565868897e-07	9.06377245931337e-08	6.04251497287558e-08	6.04251497287557e-08	6.04251497287557e-08	6.04251497287557e-08	6.04251497287557e-08	6.04251497287557e-08	4.02834331525038e-08	2.68556221016692e-08	1.79037480677795e-08	1.19358320451864e-08	1.19358320451863e-08	1.19358320451863e-08	1.19358320451863e-08	1.19358320451863e-08	1.19358320451863e-08	1.19358320451863e-08	1.19358320451863e-08	1.19358320451863e-08	1.19358320451863e-08	1.19358320451863e-08	7.95722136345753e-09	5.30481424230504e-09	3.53654282820336e-09	2.35769521880224e-09	1.57179681253483e-09	1.04786454168989e-09	6.98576361126595e-10	4.65717574084397e-10	3.10478382722931e-10	2.06985588481954e-10
3.53654282820335e-09	5.30481424230502e-09	7.95722136345754e-09	1.19358320451863e-08	1.79037480677795e-08	2.68556221016692e-08	4.02834331525038e-08	6.04251497287557e-08	9.06377245931335e-08	1.359565868897e-07	2.03934880334551e-07	3.05902320501826e-07	2.72318124515274e-08	2.60714688599753e-07	1.681223048881e-06	7.30223917885303e-06	2.13627744499887e-05	4.20949637187407e-05	5.58693356125947e-05	4.99445100498212e-05	3.00727324383614e-05	1.21963226927515e-05	3.33162264737646e-06	6.12990279460177e-07	7.59665236349398e-08	3.05902320501826e-07	2.03934880334551e-07	1.359565868897e-07	9.06377245931335e-08	6.04251497287556e-08	4.02834331525039e-08	4.02834331525038e-08	4.02834331525038e-08	4.02834331525038e-08	4.02834331525038e-08	4.02834331525038e-08	2.68556221016692e-08	1.79037480677795e-08	1.19358320451863e-08	7.95722136345758e-09	7.95722136345754e-09	7.95722136345754e-09	7.95722136345754e-09	7.95722136345754e-09	7.95722136345754e-09	7.95722136345754e-09	7.95722136345754e-09	7.95722136345754e-09	7.95722136345754e-09	7.95722136345754e-09	5.30481424230502e-09	3.53654282820335e-09	2.35769521880224e-09	1.57179681253483e-09	1.04786454168989e-09	6.98576361126592e-10	4.65717574084395e-10	3.10478382722931e-10	2.06985588481954e-10	1.37990392321303e-10
3.53654282820335e-09	5.30481424230502e-09	7.95722136345754e-09	1.19358320451863e-08	1.79037480677795e-08	2.68556221016692e-08	4.02834331525038e-08	6.04251497287557e-08	9.06377245931335e-08	1.359565868897e-07	2.03934880334551e-07	3.05902320501826e-07	4.21540984874413e-09	4.03579184452711e-08	2.60248715020476e-07	1.13036658897435e-06	3.3068988695951e-06	6.51618488333683e-06	8.64841985833057e-06	7.73127311777251e-06	4.65517646777879e-06	1.88795728852057e-06	5.15726044494773e-07	9.48892133353363e-08	1.17594094214474e-08	3.05902320501826e-07	2.03934880334551e-07	1.359565868897e-07	9.06377245931335e-08	6.04251497287557e-08	4.02834331525038e-08	2.68556221016692e-08	2.68556221016692e-08	2.68556221016692e-08	2.68556221016692e-08	2.68556221016692e-08	1.79037480677795e-08	1.19358320451863e-08	7.95722136345756e-09	5.30481424230504e-09	5.30481424230502e-09	5.30481424230502e-09	5.30481424230502e-09	5.30481424230502e-09	5.30481424230502e-09	5.30481424230502e-09	5.30481424230502e-09	5.30481424230502e-09	5.30481424230502e-09	5.30481424230502e-09	3.53654282820335e-09	2.35769521880224e-09	1.57179681253482e-09	1.04786454168989e-09	6.98576361126592e-10	4.65717574084395e-10	3.1047838272293e-10	2.06985588481954e-10	1.37990392321303e-10	9.19935948808687e-11
2.35769521880224e-09	3.53654282820335e-09	5.30481424230502e-09	7.95722136345753e-09	1.19358320451863e-08	1.79037480677795e-08	2.68556221016692e-08	4.02834331525038e-08	6.04251497287556e-08	9.06377245931337e-08	1.359565868897e-07	2.03934880334551e-07	3.05902320501826e-07	3.05902320501826e-07	3.05902320501826e-07	3.05902320501826e-07	3.05902320501826e-07	3.05902320501826e-07	3.05902320501826e-07	3.05902320501826e-07	3.05902320501826e-07	3.05902320501826e-07	3.05902320501826e-07	3.05902320501826e-07	3.05902320501826e-07	2.03934880334551e-07	1.359565868897e-07	9.06377245931337e-08	6.04251497287556e-08	4.02834331525038e-08	2.68556221016692e-08	1.79037480677795e-08	1.79037480677795e-08	1.79037480677795e-08	1.79037480677795e-08	1.79037480677795e-08	1.19358320451863e-08	7.95722136345756e-09	5.30481424230504e-09	3.53654282820336e-09	3.53654282820335e-09	3.53654282820335e-09	3.53654282820335e-09	3.53654282820335e-09	3.53654282820335e-09	3.53654282820335e-09	3.53654282820335e-09	3.53654282820335e-09	3.53654282820335e-09	3.53654282820335e-09	2.35769521880224e-09	1.57179681253482e-09	1.04786454168988e-09	6.9857636112659e-10	4.65717574084395e-10	3.1047838272293e-10	2.06985588481954e-10	1.37990392321302e-10	9.19935948808684e-11	6.13290632539125e-11
1.57179681253482e-09	2.35769521880224e-09	3.53654282820335e-09	5.30481424230504e-09	7.95722136345756e-09	1.19358320451863e-08	1.79037480677795e-08	2.68556221016692e-08	4.02834331525039e-08	6.04251497287558e-08	9.06377245931337e-08	1.359565868897e-07	2.03934880334551e-07	2.03934880334551e-07	2.03934880334551e-07	2.03934880334551e-07	2.03934880334551e-07	2.03934880334551e-07	2.03934880334551e-07	2.03934880334551e-07	2.03934880334551e-07	2.03934880334551e-07	2.03934880334551e-07	2.03934880334551e-07	2.03934880334551e-07	1.359565868897e-07	9.06377245931337e-08	6.04251497287558e-08	4.02834331525039e-08	2.68556221016692e-08	1.79037480677795e-08	1.19358320451863e-08	1.19358320451863e-08	1.19358320451863e-08	1.19358320451863e-08	1.19358320451863e-08	7.95722136345753e-09	5.30481424230504e-09	3.53654282820336e-09	2.35769521880224e-09	2.35769521880223e-09	2.35769521880223e-09	2.35769521880223e-09	2.35769521880223e-09	2.35769521880223e-09	2.35769521880223e-09	2.35769521880223e-09	2.35769521880223e-09	2.35769521880223e-09	2.35769521880223e-09	1.57179681253482e-09	1.04786454168988e-09	6.9857636112659e-10	4.65717574084393e-10	3.10478382722929e-10	2.06985588481954e-10	1.37990392321302e-10	9.19935948808684e-11	6.13290632539123e-11	4.08860421692749e-11
1.04786454168988e-09	1.57179681253482e-09	2.35769521880224e-09	3.53654282820336e-09	5.30481424230504e-09	7.95722136345756e-09	1.19358320451863e-08	1.79037480677795e-08	2.68556221016693e-08	4.02834331525039e-08	6.04251497287558e-08	9.06377245931337e-08	1.359565868897e-07	1.359565868897e-07	1.359565868897e-07	1.359565868897e-07	1.359565868897e-07	1.359565868897e-07	1.359565868897e-07	1.359565868897e-07	1.359565868897e-07	1.359565868897e-07	1.359565868897e-07	1.359565868897e-07	1.359565868897e-07	9.06377245931337e-08	6.04251497287558e-08	4.02834331525039e-08	2.68556221016693e-08	1.79037480677795e-08	1.19358320451863e-08	7.95722136345756e-09	7.95722136345754e-09	7.95722136345754e-09	7.95722136345754e-09	7.95722136345754e-09	5.30481424230502e-09	3.53654282820335e-09	2.35769521880224e-09	1.57179681253483e-09	1.57179681253482e-09	1.57179681253482e-09	1.57179681253482e-09	1.57179681253482e-09	1.57179681253482e-09	1.57179681253482e-09	1.57179681253482e-09	1.57179681253482e-09	1.57179681253482e-09	1.57179681253482e-09	1.04786454168988e-09	6.9857636112659e-10	4.65717574084393e-10	3.10478382722929e-10	2.06985588481953e-10	1.37990392321302e-10	9.19935948808684e-11	6.13290632539123e-11	4.08860421692749e-11	2.72573614461833e-11
