0.00198393855218216	0.000987472422290353	0.000431397095368666	0.000193948521712885	0.000117835985798835	0.000117271036929398	0.000164699369691006	0.000247650097854425	0.000332713291178069	0.000373955499545596	0.000344443115064475	0.00025965110579938	0.000161479963805176	8.38263054609428e-05	3.66965842631992e-05	1.35907940413733e-05	4.23008353094329e-06	1.09479087687453e-06	2.06770867694524e-07	3.70591032727687e-08	3.05902320501826e-07	2.03934880334551e-07	1.359565868897e-07	9.06377245931337e-08	9.06377245931335e-08	6.04251497287556e-08	4.02834331525039e-08	4.02834331525038e-08	4.02834331525038e-08	4.02834331525038e-08	4.02834331525038e-08	4.02834331525038e-08	4.02834331525038e-08	4.02834331525038e-08	2.68556221016692e-08	1.79037480677795e-08	1.19358320451863e-08	7.95722136345758e-09	5.30481424230506e-09	3.53654282820338e-09	2.35769521880225e-09	1.57179681253484e-09	1.04786454168989e-09	6.98576361126592e-10	4.65717574084395e-10	3.1047838272293e-10	2.06985588481954e-10	2.06985588481952e-10	2.06985588481952e-10	2.06985588481952e-10	1.37990392321301e-10	9.19935948808677e-11	6.13290632539119e-11	4.08860421692746e-11	2.72573614461831e-11	1.81715742974554e-11	1.21143828649703e-11	8.07625524331355e-12	5.38417016220904e-12	3.58944677480603e-12
0.00476602458652281	0.00270308581185828	0.00152207073200303	0.000974827520158458	0.000779839008801238	0.00081959707178685	0.00108174692760518	0.00152905714075294	0.00198985498641389	0.00221346000261844	0.0020516202886563	0.00158282800922636	0.00102810676448976	0.000571224639507994	0.000274951688117293	0.000114959238867284	4.13922616910953e-05	1.26804211235391e-05	3.11271396603945e-06	6.7640435429128e-07	8.0316103538477e-08	3.05902320501826e-07	2.03934880334551e-07	1.359565868897e-07	1.359565868897e-07	9.06377245931337e-08	6.04251497287558e-08	6.04251497287557e-08	6.04251497287557e-08	6.04251497287557e-08	6.04251497287557e-08	6.04251497287557e-08	6.04251497287557e-08	6.04251497287557e-08	4.02834331525038e-08	2.68556221016692e-08	1.79037480677795e-08	1.19358320451864e-08	7.95722136345758e-09	5.30481424230506e-09	3.53654282820338e-09	2.35769521880224e-09	1.57179681253483e-09	1.04786454168989e-09	6.98576361126592e-10	4.65717574084395e-10	3.10478382722929e-10	3.10478382722928e-10	3.10478382722928e-10	3.10478382722928e-10	2.06985588481952e-10	1.37990392321302e-10	9.19935948808677e-11	6.13290632539119e-11	4.08860421692746e-11	2.72573614461832e-11	1.81715742974555e-11	1.21143828649703e-11	8.07625524331355e-12	5.38417016220904e-12
0.00925040007881388	0.00680806268485598	0.00529108930633243	0.00438684125501261	0.00395114166135191	0.00411939689796343	0.00507367713978734	0.00671596389877659	0.00840838160186127	0.00920983547817784	0.00856476380035734	0.00674727668009716	0.00455417200339866	0.00267039398975704	0.00137008131849209	0.000612192568523306	0.000234815827175115	7.61683640857758e-05	2.00160323581949e-05	4.50513721546055e-06	6.23509926391338e-07	3.05902320501826e-07	2.03934880334551e-07	2.03934880334551e-07	2.03934880334551e-07	1.359565868897e-07	9.06377245931337e-08	9.06377245931335e-08	9.06377245931335e-08	9.06377245931335e-08	9.06377245931335e-08	9.06377245931335e-08	9.06377245931335e-08	9.06377245931335e-08	6.04251497287556e-08	4.02834331525039e-08	2.68556221016693e-08	1.79037480677795e-08	1.19358320451864e-08	7.95722136345758e-09	5.30481424230504e-09	3.53654282820336e-09	2.35769521880224e-09	1.57179681253483e-09	1.04786454168989e-09	6.9857636112659e-10	4.65717574084393e-10	4.65717574084392e-10	4.65717574084392e-10	4.65717574084392e-10	3.10478382722928e-10	2.06985588481952e-10	1.37990392321302e-10	9.19935948808677e-11	6.13290632539121e-11	4.08860421692747e-11	2.72573614461832e-11	1.81715742974555e-11	1.21143828649703e-11	8.07625524331358e-12
0.0170973829431864	0.0168710054510633	0.0163277822102173	0.015239509986359	0.0143084576373494	0.0146479805024235	0.0170289013949732	0.0211973742205243	0.0254491092332295	0.0273529103706246	0.0255172974640137	0.0206139426451531	0.0145718154306769	0.0090968362603886	0.00500827689449216	0.00239903435418036	0.000980046344767761	0.000335622051856271	9.33801213495832e-05	2.16785031951993e-05	3.37368058602187e-06	3.05902320501826e-07	3.05902320501826e-07	3.05902320501826e-07	3.05902320501826e-07	2.03934880334551e-07	1.359565868897e-07	1.359565868897e-07	1.359565868897e-07	1.359565868897e-07	1.359565868897e-07	1.359565868897e-07	1.359565868897e-07	1.359565868897e-07	9.06377245931337e-08	6.04251497287558e-08	4.02834331525039e-08	2.68556221016693e-08	1.79037480677795e-08	1.19358320451863e-08	7.95722136345756e-09	5.30481424230504e-09	3.53654282820336e-09	2.35769521880224e-09	1.57179681253482e-09	1.04786454168988e-09	6.9857636112659e-10	6.98576361126588e-10	6.98576361126588e-10	6.98576361126588e-10	4.65717574084392e-10	3.10478382722928e-10	2.06985588481952e-10	1.37990392321302e-10	9.19935948808681e-11	6.13290632539121e-11	4.08860421692747e-11	2.72573614461832e-11	1.81715742974555e-11	1.21143828649704e-11
0.031589317017871	0.037171786702183	0.0395702291483298	0.0386174513963085	0.0367309067804659	0.0369905012834794	0.0412189446209652	0.048785746913851	0.0562906474245945	0.0592878109920651	0.0554717552872553	0.0460949806245738	0.0343126263064987	0.0229146752692341	0.0135615555427311	0.00696180075444522	0.00303376842403767	0.00110840456969402	0.000335797506358998	8.69778351648569e-05	1.79082809733516e-05	1.77913401446299e-06	4.61697044562449e-07	9.43972693726937e-08	1.51710559064163e-08	3.05902320501826e-07	2.03934880334551e-07	2.03934880334551e-07	2.03934880334551e-07	2.03934880334551e-07	2.03934880334551e-07	2.03934880334551e-07	2.03934880334551e-07	2.03934880334551e-07	1.359565868897e-07	9.06377245931337e-08	6.04251497287558e-08	4.02834331525039e-08	2.68556221016692e-08	1.79037480677795e-08	1.19358320451863e-08	7.95722136345756e-09	5.30481424230504e-09	3.53654282820335e-09	2.35769521880224e-09	1.57179681253482e-09	1.04786454168988e-09	1.04786454168988e-09	1.04786454168988e-09	1.04786454168988e-09	6.98576361126587e-10	4.65717574084392e-10	3.10478382722929e-10	2.06985588481953e-10	1.37990392321302e-10	9.19935948808681e-11	6.13290632539121e-11	4.08860421692749e-11	2.72573614461833e-11	1.81715742974555e-11
0.0524774650168316	0.0656057821834144	0.0719581454857981	0.0711523546259205	0.0676817246611326	0.0672245475317905	0.0728842027843059	0.0833479600294132	0.0932890850400886	0.0966771045194263	0.0910254997564692	0.0782198934020459	0.0616792507743385	0.0441918686285136	0.0280721158731177	0.0153903184240664	0.00715098509603661	0.00281345410240611	0.000950817768840013	0.000288882111077828	7.89128142966353e-05	1.62120277073498e-05	4.53606926441859e-06	1.02302084910586e-06	1.85564687179542e-07	1.34429239792611e-08	3.05902320501826e-07	3.05902320501826e-07	3.05902320501826e-07	3.05902320501826e-07	3.05902320501826e-07	3.05902320501826e-07	3.05902320501826e-07	3.05902320501826e-07	2.03934880334551e-07	1.359565868897e-07	9.06377245931337e-08	6.04251497287556e-08	4.02834331525038e-08	2.68556221016692e-08	1.79037480677795e-08	1.19358320451863e-08	7.95722136345753e-09	5.30481424230502e-09	3.53654282820335e-09	2.35769521880224e-09	1.57179681253482e-09	1.57179681253482e-09	1.57179681253482e-09	1.57179681253482e-09	1.04786454168988e-09	6.9857636112659e-10	4.65717574084393e-10	3.10478382722929e-10	2.06985588481953e-10	1.37990392321302e-10	9.19935948808684e-11	6.13290632539123e-11	4.08860421692749e-11	2.72573614461833e-11
0.0725178229883449	0.090846125292017	0.0998100930483824	0.0986813258233618	0.0933576076094433	0.0916496214846017	0.0977418363095659	0.109639141172779	0.120647674348363	0.124361064933314	0.119059148841543	0.106880396602985	0.0898417450608838	0.0690307448091841	0.0468593111597789	0.0274053227873028	0.0137352916335146	0.00602082731809466	0.00239989072744444	0.000904232448997562	0.000318147045857508	9.46582256427697e-05	3.00376415207822e-05	1.16245043566843e-05	9.60355509219318e-06	1.11611556500793e-05	1.15410775166125e-05	9.49887136835979e-06	6.14982163214563e-06	3.1297314423564e-06	1.25200385513534e-06	3.93693549660565e-07	9.73116804712203e-08	1.89071332764672e-08	3.05902320501826e-07	2.03934880334551e-07	1.359565868897e-07	9.06377245931335e-08	6.04251497287557e-08	4.02834331525038e-08	2.68556221016692e-08	1.79037480677795e-08	1.19358320451863e-08	7.95722136345754e-09	5.30481424230502e-09	3.53654282820335e-09	2.35769521880224e-09	2.35769521880223e-09	2.35769521880223e-09	2.35769521880223e-09	1.57179681253482e-09	1.04786454168988e-09	6.9857636112659e-10	4.65717574084393e-10	3.10478382722929e-10	2.06985588481954e-10	1.37990392321302e-10	9.19935948808684e-11	6.13290632539123e-11	4.08860421692749e-11
0.0826315294705237	0.101494623028361	0.111034818538434	0.110363608767059	0.105022583784245	0.102978967858611	0.108724400797957	0.120309305554749	0.131396107233465	0.136765562651175	0.135677658463234	0.129255466942499	0.116394147950825	0.0954282931095567	0.0688078472643297	0.0430931171921543	0.0238300392744867	0.0121219460825879	0.0058877667007008	0.00272657336808546	0.0011547339052792	0.00042446816880912	0.000154698143386817	7.95852092979535e-05	8.13638699856375e-05	9.88091194932915e-05	0.000102260587510093	8.411921677111e-05	5.44557156532982e-05	2.77132859602441e-05	1.10862997352163e-05	3.48609525238758e-06	8.61679820726206e-07	1.67419729401662e-07	3.05902320501826e-07	2.03934880334551e-07	1.359565868897e-07	9.06377245931335e-08	6.04251497287557e-08	4.02834331525038e-08	2.68556221016692e-08	1.79037480677795e-08	1.19358320451863e-08	7.95722136345756e-09	5.30481424230504e-09	3.53654282820338e-09	3.53654282820335e-09	3.53654282820335e-09	3.53654282820335e-09	3.53654282820335e-09	2.35769521880224e-09	1.57179681253482e-09	1.04786454168988e-09	6.9857636112659e-10	4.65717574084395e-10	3.1047838272293e-10	2.06985588481954e-10	1.37990392321302e-10	9.19935948808684e-11	6.13290632539125e-11
0.0784546847757379	0.0953875055306265	0.106229669411152	0.109955227781562	0.109638155279054	0.110630716807194	0.116404987902494	0.126065835193617	0.136054111381043	0.144160799118186	0.15053714693251	0.153731373494029	0.14803161601959	0.128556981990219	0.0981392406358161	0.0662139493394935	0.0408852381721675	0.0241392339052575	0.0138146199095562	0.00742790213698094	0.0035863866244745	0.00152542862770287	0.000648265740632853	0.000416929529806855	0.000476636597916817	0.000589612659866779	0.000610476373539829	0.000501990514290587	0.000324950008216533	0.000165371667463212	6.61545468061675e-05	2.08023467751149e-05	5.14184528595103e-06	9.99032733148641e-07	3.05902320501826e-07	2.03934880334551e-07	1.359565868897e-07	9.06377245931335e-08	6.04251497287557e-08	4.02834331525038e-08	4.02834331525038e-08	2.68556221016692e-08	1.79037480677795e-08	1.19358320451863e-08	7.95722136345758e-09	5.30481424230506e-09	5.30481424230502e-09	5.30481424230502e-09	5.30481424230502e-09	5.30481424230502e-09	3.53654282820335e-09	2.35769521880224e-09	1.57179681253482e-09	1.04786454168989e-09	6.98576361126592e-10	4.65717574084395e-10	3.1047838272293e-10	2.06985588481954e-10	1.37990392321303e-10	9.19935948808687e-11
0.0636244740715956	0.080109834249378	0.0956189088125787	0.108712098654635	0.118955921424685	0.127304940278548	0.134927665607561	0.142240004660928	0.149913419146491	0.160151822257134	0.174602466370238	0.189068830744991	0.19264731166755	0.176452324159466	0.142975381746925	0.10424969540476	0.071252034773478	0.0473356294251352	0.0305189220329445	0.0183836127763833	0.00992882013127311	0.00477345902691943	0.00230262509456492	0.0016440874940367	0.0019239839368163	0.00237700457809151	0.00245676668795173	0.00201888861626867	0.00130672089354009	0.000665007158292304	0.000266026507772085	8.36522345510463e-05	2.06768424993334e-05	4.01739868203219e-06	3.05902320501826e-07	2.03934880334551e-07	1.359565868897e-07	9.06377245931335e-08	6.04251497287556e-08	6.04251497287557e-08	6.04251497287557e-08	4.02834331525038e-08	2.68556221016692e-08	1.79037480677795e-08	1.19358320451864e-08	7.95722136345758e-09	7.95722136345754e-09	7.95722136345754e-09	7.95722136345754e-09	7.95722136345754e-09	5.30481424230502e-09	3.53654282820335e-09	2.35769521880224e-09	1.57179681253483e-09	1.04786454168989e-09	6.98576361126592e-10	4.65717574084395e-10	3.10478382722931e-10	2.06985588481954e-10	1.37990392321303e-10
0.0484060908258106	0.0673416346271883	0.0901066952397183	0.114884317578385	0.138286604309774	0.156768741047732	0.168424575105143	0.174295323015408	0.179098466792979	0.189832031472652	0.210738779425782	0.23643001543093	0.251780102595203	0.24319090697184	0.210655802825601	0.166871789915036	0.125371430445201	0.0917177714823331	0.0648447395797569	0.0427275335165905	0.0252621554530898	0.0133025223052055	0.00688359975995833	0.00487572627209824	0.00541699119585308	0.00652741484028019	0.00669018908333355	0.00548169675755988	0.00354418013074976	0.00180289364437728	0.000721063480320059	0.000226715527082229	5.60327021544502e-05	1.08868510166989e-05	3.05902320501826e-07	2.03934880334551e-07	1.359565868897e-07	9.06377245931335e-08	9.06377245931335e-08	9.06377245931335e-08	9.06377245931335e-08	6.04251497287556e-08	4.02834331525039e-08	2.68556221016693e-08	1.79037480677795e-08	1.19358320451864e-08	1.19358320451863e-08	1.19358320451863e-08	1.19358320451863e-08	1.19358320451863e-08	7.95722136345753e-09	5.30481424230504e-09	3.53654282820336e-09	2.35769521880224e-09	1.57179681253483e-09	1.04786454168989e-09	6.98576361126595e-10	4.65717574084397e-10	3.10478382722931e-10	2.06985588481954e-10
0.0407492999681743	0.0633046945343909	0.0929966662513078	0.128284112008452	0.164150328394657	0.193350332606382	0.210596519822636	0.216528846602998	0.218888409461773	0.229084500376444	0.254757880008859	0.291390594070256	0.321941219794813	0.328710854908002	0.306913400342174	0.265969137974576	0.219153125941274	0.174009712116824	0.131775396334848	0.0923877349256276	0.058125884372674	0.0325658949034456	0.01742791402548	0.0114260353909462	0.0111004188225697	0.0124661011181866	0.0124429959655681	0.0100916730161687	0.0064970417604651	0.00329869126876652	0.00131804638507971	0.000414216288504601	0.000102327189484279	1.98816195549902e-05	3.05902320501826e-07	2.03934880334551e-07	1.359565868897e-07	1.359565868897e-07	1.359565868897e-07	1.359565868897e-07	1.359565868897e-07	9.06377245931337e-08	6.04251497287558e-08	4.02834331525039e-08	2.68556221016693e-08	1.79037480677795e-08	1.79037480677795e-08	1.79037480677795e-08	1.79037480677795e-08	1.79037480677795e-08	1.19358320451863e-08	7.95722136345756e-09	5.30481424230504e-09	3.53654282820336e-09	2.35769521880224e-09	1.57179681253484e-09	1.04786454168989e-09	6.98576361126595e-10	4.65717574084397e-10	3.10478382722931e-10
0.039708449685166	0.0641094200401674	0.0968947239718728	0.137652590967185	0.181473801707707	0.21916733890946	0.242625214013089	0.251119517328103	0.253772229330639	0.265280634396152	0.296901968311961	0.346725815054218	0.398311010733478	0.431299434654366	0.43452320902575	0.409590657183233	0.364929456031421	0.308480185828573	0.245302985982586	0.179906271079159	0.119242032215639	0.0712651027720182	0.0402420653405136	0.0247434657184498	0.019428618757465	0.0182396271022232	0.0166094349011415	0.0129167070743279	0.00815662030192402	0.00410311791001116	0.00163179278652894	0.000511593312519247	0.00012611219294226	2.44970046172356e-05	5.29260435391771e-09	3.05902320501826e-07	2.03934880334551e-07	2.03934880334551e-07	2.03934880334551e-07	2.03934880334551e-07	2.03934880334551e-07	1.359565868897e-07	9.06377245931337e-08	6.04251497287558e-08	4.02834331525039e-08	2.68556221016692e-08	2.68556221016692e-08	2.68556221016692e-08	2.68556221016692e-08	2.68556221016692e-08	1.79037480677795e-08	1.19358320451863e-08	7.95722136345756e-09	5.30481424230504e-09	3.53654282820338e-09	2.35769521880225e-09	1.57179681253484e-09	1.04786454168989e-09	6.98576361126595e-10	4.65717574084395e-10
0.040115915628004	0.0630621842613398	0.0929815698314576	0.130995085047858	0.174312887520706	0.214562336440636	0.242394034349869	0.25518254859644	0.261761711359319	0.278881532451539	0.321363064670875	0.390769285139425	0.472308270486331	0.54334977774322	0.585314628829401	0.589501274446662	0.556684986013149	0.493795932784132	0.410162048076349	0.316184324878048	0.22451174914314	0.147798538221006	0.0928399421448451	0.0584441799157247	0.038679966670322	0.0272640614862408	0.0194856514192183	0.0130191475122607	0.0075656924602586	0.00364454287012886	0.00141809280200302	0.00044017154191148	0.000107715586309038	2.09801798348553e-05	1.26513441008974e-07	1.25002799625053e-08	3.05902320501826e-07	3.05902320501826e-07	3.05902320501826e-07	3.05902320501826e-07	3.05902320501826e-07	2.03934880334551e-07	1.359565868897e-07	9.06377245931337e-08	6.04251497287556e-08	4.02834331525038e-08	4.02834331525038e-08	4.02834331525038e-08	4.02834331525038e-08	4.02834331525038e-08	2.68556221016692e-08	1.79037480677795e-08	1.19358320451863e-08	7.95722136345758e-09	5.30481424230506e-09	3.53654282820338e-09	2.35769521880225e-09	1.57179681253484e-09	1.04786454168989e-09	6.98576361126592e-10
0.0395712345256179	0.0591330723004366	0.0822314362094149	0.111118821121678	0.14616508926305	0.181814156988449	0.20897722287369	0.223416357028267	0.233217370349179	0.25680539650124	0.312509610530074	0.405485914720909	0.522683797753936	0.63927108027791	0.729497186897354	0.774761729509373	0.768155913213953	0.714632418861925	0.626088487736518	0.516771027962568	0.402432765211873	0.297659018857516	0.210615293681462	0.142345084957217	0.0908335240256414	0.0541687451990708	0.0300773312858362	0.0155372172987678	0.00738117707334946	0.00312923611182144	0.00115113336060655	0.000368016657925371	0.000110539723119831	4.06263011498526e-05	1.77697420874179e-05	9.45885297276098e-06	4.1078494840445e-06	1.42094311139458e-06	3.86360660345919e-07	8.25777695690835e-08	1.38735446771082e-08	3.05902320501826e-07	2.03934880334551e-07	1.359565868897e-07	9.06377245931335e-08	6.04251497287556e-08	6.04251497287557e-08	6.04251497287557e-08	6.04251497287557e-08	6.04251497287557e-08	4.02834331525038e-08	2.68556221016692e-08	1.79037480677795e-08	1.19358320451864e-08	7.95722136345758e-09	5.30481424230506e-09	3.53654282820338e-09	2.35769521880224e-09	1.57179681253483e-09	1.04786454168989e-09
0.0384664702973352	0.0548561067011612	0.0713373300567198	0.0905831570517499	0.115467362786186	0.143181433650294	0.16542755769658	0.176937534321428	0.184920240422385	0.208738891822415	0.269692107001062	0.377204708984083	0.522040874747237	0.679921908537505	0.820567434557071	0.917529272588873	0.956935115882618	0.940512186066402	0.879470388881285	0.786656301238279	0.673856893913284	0.551066433572053	0.425919263541936	0.30590597978157	0.200389942842032	0.118190807938225	0.0625616894486954	0.029963246750492	0.0131672078580062	0.00535492514787772	0.002050031910743	0.000795038601384332	0.00036822431569525	0.000219796562613312	0.000135553106907324	7.30291310004917e-05	3.17701083142019e-05	1.09856022078402e-05	2.98593986287748e-06	6.38191925966466e-07	1.07219948463955e-07	3.05902320501826e-07	2.03934880334551e-07	1.359565868897e-07	9.06377245931335e-08	9.06377245931335e-08	9.06377245931335e-08	9.06377245931335e-08	9.06377245931335e-08	9.06377245931335e-08	6.04251497287556e-08	4.02834331525039e-08	2.68556221016693e-08	1.79037480677795e-08	1.19358320451864e-08	7.95722136345758e-09	5.30481424230504e-09	3.53654282820336e-09	2.35769521880224e-09	1.57179681253483e-09
0.0362352650562228	0.0500050223239726	0.0620048232435214	0.0750234805722298	0.0931053487540234	0.115047376784153	0.133243264561835	0.141476654292657	0.144811723469144	0.161218149455015	0.213469711546589	0.316351941236912	0.468036884298353	0.649439776448069	0.830066314746231	0.978875407945766	1.0767291047468	1.12188881105982	1.12222802245694	1.08329036522765	1.00430730409261	0.883159957078824	0.724680725418257	0.546009368905936	0.373317021405385	0.230662589888949	0.129443635520726	0.0668363042098978	0.0321610884184004	0.014524276011492	0.00630787862198696	0.00290130963797282	0.00163457146349523	0.00109057947453132	0.000701012563121867	0.000380285690059512	0.000165586521910806	5.72333017858721e-05	1.55511083093378e-05	3.32377483091213e-06	5.58413467134519e-07	3.05902320501826e-07	2.03934880334551e-07	1.359565868897e-07	1.359565868897e-07	1.359565868897e-07	1.359565868897e-07	1.359565868897e-07	1.359565868897e-07	1.359565868897e-07	9.06377245931337e-08	6.04251497287558e-08	4.02834331525039e-08	2.68556221016693e-08	1.79037480677795e-08	1.19358320451863e-08	7.95722136345756e-09	5.30481424230504e-09	3.53654282820336e-09	2.35769521880224e-09
0.0313293453862788	0.0426053019380843	0.0518753924064781	0.061800283100337	0.0765807085529465	0.0959926221754956	0.113430371885444	0.121881133216372	0.122963772982529	0.130809930776584	0.167578134920891	0.252778863575818	0.392831577422436	0.576012065358023	0.775171799036018	0.95887783143656	1.10611719358497	1.21330694498439	1.28511261617519	1.31867867976793	1.29835537012841	1.20642338979048	1.0404035986827	0.822424189709188	0.592565786698383	0.390208420719308	0.237217924122834	0.134668842799122	0.0716293112352598	0.0356628558068209	0.0170961071579544	0.00878354877841658	0.00545358494460563	0.00379968484905125	0.00246805879473231	0.00134054640547068	0.00058314321861303	0.000201323215145079	5.46469248806649e-05	1.16782837047829e-05	1.95987469356056e-06	3.05902320501826e-07	3.05902320501826e-07	2.03934880334551e-07	2.03934880334551e-07	2.03934880334551e-07	2.03934880334551e-07	2.03934880334551e-07	2.03934880334551e-07	2.03934880334551e-07	1.359565868897e-07	9.06377245931337e-08	6.04251497287558e-08	4.02834331525039e-08	2.68556221016692e-08	1.79037480677795e-08	1.19358320451863e-08	7.95722136345756e-09	5.30481424230504e-09	3.53654282820335e-09
0.0240793184664822	0.0331830491645228	0.0407710382389131	0.0487290669789927	0.0606877892439112	0.0773785917235261	0.0940983178490129	0.104212417937254	0.106509986222783	0.110697033784249	0.136314993918959	0.204370269278774	0.326073999874763	0.49535989235603	0.689979246493713	0.881736422873969	1.05083717486097	1.19370472528412	1.31510825713054	1.41069705468951	1.45769468811374	1.42469963263058	1.29410627612085	1.07950833049487	0.823978923997054	0.578569884954394	0.377778200254243	0.231114356783925	0.13212015032737	0.0704756897025107	0.0363194292575929	0.0200984303691041	0.0130848414352697	0.00920886787352864	0.00595492549968647	0.00321961991533941	0.00139715844456565	0.000482238383011177	0.000131118906523345	2.81827973860827e-05	4.76223835001971e-06	2.7033216894729e-08	4.53111603413126e-09	3.05902320501826e-07	3.05902320501826e-07	3.05902320501826e-07	3.05902320501826e-07	3.05902320501826e-07	3.05902320501826e-07	3.05902320501826e-07	2.03934880334551e-07	1.359565868897e-07	9.06377245931337e-08	6.04251497287556e-08	4.02834331525038e-08	2.68556221016692e-08	1.79037480677795e-08	1.19358320451863e-08	7.95722136345753e-09	5.30481424230502e-09
0.0164731152321828	0.023767090645602	0.0302757040894132	0.036792914629126	0.0457477889351205	0.0581358035378645	0.0711920058016337	0.0801379714411974	0.0834511328331758	0.0879936028047167	0.109451384190462	0.166132358758463	0.268942521148376	0.414416103378694	0.585639094484447	0.760129850739495	0.921228905191306	1.06645410135364	1.20403424481606	1.33625496147729	1.44342239483587	1.48578888492192	1.42644156371245	1.25889385649148	1.01684956595527	0.755586304884771	0.521461874804025	0.336143258175998	0.202109457094127	0.113835168688593	0.062319217705496	0.0361133047693619	0.0235387131260948	0.0161056892310916	0.0101462672642508	0.00540619540332784	0.00233608010382926	0.000810259478181954	0.000224649283003115	5.29155822732051e-05	1.44756502241522e-05	7.49017312572628e-06	7.01446403364732e-06	5.27902177745747e-06	3.14185148868268e-06	1.46984619233532e-06	5.40520501077161e-07	1.56245129994635e-07	3.55021658660365e-08	6.34099261897777e-09	3.05902320501826e-07	2.03934880334551e-07	1.359565868897e-07	9.06377245931335e-08	6.04251497287557e-08	4.02834331525038e-08	2.68556221016692e-08	1.79037480677795e-08	1.19358320451863e-08	7.95722136345754e-09
0.00988949911839651	0.0153683495225647	0.0211400084081052	0.0274616344396029	0.0352528949398051	0.0442858643045508	0.0522821798749584	0.0566824528605197	0.0580465927952069	0.0626937442490641	0.0823385715129464	0.129811048019361	0.212293759785385	0.327108551099417	0.462954973273278	0.604572388417371	0.739859064363843	0.867874022667074	0.99975248528013	1.14478990716576	1.29030467547373	1.39586297853475	1.41244843216668	1.31422603585322	1.11782421128152	0.872008684342736	0.628856914449069	0.422319154434603	0.265768654673212	0.158743837552207	0.0927714707789689	0.0556366148377169	0.0351918150641309	0.0225745677403394	0.0135021935637934	0.00702823879233484	0.00305719241050547	0.00110289541897739	0.000339617824667004	0.000114714955471487	7.18593650712058e-05	7.07256893770294e-05	6.68512587603099e-05	5.04156806825045e-05	3.00052903895325e-05	1.40373158909116e-05	5.16207550062015e-06	1.49217126090354e-06	3.39052561874723e-07	6.05577079552173e-08	3.05902320501826e-07	2.03934880334551e-07	1.359565868897e-07	9.06377245931335e-08	6.04251497287557e-08	4.02834331525038e-08	2.68556221016692e-08	1.79037480677795e-08	1.19358320451863e-08	7.95722136345754e-09
0.00500846801674377	0.00870503495124677	0.013792742110299	0.0206642706623174	0.0290569091826112	0.0369369212528872	0.0413279575968515	0.0411251824780169	0.0392790569173344	0.0424620637719601	0.0589014564729209	0.0957011788851744	0.156064145392193	0.238273981830523	0.336648415335392	0.442970287751463	0.549867688830036	0.657504028547464	0.776263308134776	0.916496494664479	1.07051278808278	1.20459798125665	1.27170269818796	1.23752040181808	1.10173705613102	0.898084454611775	0.675123676416124	0.473752547382528	0.315567232960475	0.203374571470075	0.128910891056652	0.0811277387290562	0.0506553016600525	0.0308366276649833	0.0176944470555975	0.00922205777615395	0.0042504491558798	0.00173566212252999	0.000690669913448087	0.000398491566148468	0.000401333947870493	0.000451795495402742	0.000429668414538444	0.000324466563436641	0.000193108836889881	9.03417267274788e-05	3.32222212456994e-05	9.60335503815394e-06	2.18208339323398e-06	3.89738889246967e-07	3.05902320501826e-07	2.03934880334551e-07	1.359565868897e-07	9.06377245931335e-08	6.04251497287557e-08	4.02834331525038e-08	2.68556221016692e-08	1.79037480677795e-08	1.19358320451863e-08	7.95722136345754e-09
0.00210721541842469	0.00434052724587831	0.00834582373954628	0.014722766259613	0.0227875177656411	0.0297947805048184	0.0325466725231346	0.0305941746755989	0.0276835425216852	0.0297700867937491	0.0419151383533217	0.066993886624634	0.106070908275157	0.159392020373596	0.226154725272213	0.303404176525639	0.387340659737829	0.47857817536738	0.584089747967023	0.709943996404091	0.849397137642827	0.978079614575667	1.06110521486152	1.06819999451113	0.989474546793438	0.842182881490622	0.663397796924372	0.491923712231252	0.351647347277692	0.246939226027475	0.170775436092146	0.11504332719466	0.0746774013043742	0.0463900377765392	0.0273952074807862	0.0151381274290717	0.00767091277034972	0.00357962793628769	0.0017843898270853	0.00141155688964725	0.00167439405710754	0.00195000395780214	0.00186187064121799	0.00140723424522149	0.000837526571145123	0.000391818405806782	0.000144087103904013	4.16504244245478e-05	9.46384873795352e-06	1.69032490076598e-06	3.05902320501826e-07	2.03934880334551e-07	1.359565868897e-07	9.06377245931335e-08	6.04251497287557e-08	4.02834331525038e-08	2.68556221016692e-08	1.79037480677795e-08	1.19358320451863e-08	7.95722136345754e-09
0.000762453888719641	0.00192809802428697	0.00442023961620462	0.00875990303937028	0.0144344932191724	0.0194076285646351	0.0214407498406044	0.0204850382761791	0.0194612299292015	0.0221839056637589	0.0307902110596078	0.045717593920834	0.0676824138644492	0.0990395198332115	0.142187104066037	0.197283176606115	0.263095296410527	0.34099176500443	0.434765406586203	0.544616299097594	0.661397402422145	0.767626009349968	0.842672207720485	0.867850395480488	0.832643556903391	0.741770432387756	0.61701904069029	0.487491470429424	0.374309840702785	0.283305282629426	0.210673754820211	0.151920176038659	0.105264435038465	0.0698077867819988	0.0441082508298577	0.0260970842191351	0.0141199552237763	0.00708598205308437	0.00402948941133207	0.00376851385859876	0.00480895243870687	0.0056825735324627	0.00543875568622352	0.00411296461975443	0.00244786336526507	0.0011451790957505	0.000421127585924268	0.000121732911658185	2.76602670508377e-05	4.94036194496258e-06	3.05902320501826e-07	2.03934880334551e-07	1.359565868897e-07	9.06377245931335e-08	6.04251497287557e-08	4.02834331525038e-08	2.68556221016692e-08	1.79037480677795e-08	1.19358320451863e-08	7.95722136345754e-09
0.000241651757553201	0.000725618835455591	0.00185970322295209	0.00393372571438734	0.00673873527722867	0.00937313718221155	0.0109580976306995	0.0118327060296384	0.0136773140897847	0.0179725209837668	0.0246023230969561	0.0328725015114441	0.0438521076270782	0.0610392365825529	0.0878847864071304	0.125714049599902	0.175059490499561	0.238493537771442	0.318312560490411	0.4107595672855	0.504526846391226	0.586524010052139	0.647138157929598	0.67897004617311	0.674785237069866	0.631554509393403	0.557021187191751	0.46813832881035	0.381031106864424	0.303486818220484	0.236575555462888	0.179583048648373	0.132159324540243	0.0936366748598385	0.0629771165377269	0.0391737423293538	0.0219566147382261	0.0114002748663285	0.00696589126355182	0.00711009737341628	0.00939310016068669	0.0111755039224658	0.0107089180358349	0.00810094501573506	0.00482134138300186	0.00225555864090994	0.000829458002579517	0.000239766619730167	5.44799975723504e-05	9.73059682588791e-06	3.05902320501826e-07	2.03934880334551e-07	1.359565868897e-07	9.06377245931335e-08	6.04251497287557e-08	4.02834331525038e-08	2.68556221016692e-08	1.79037480677795e-08	1.19358320451863e-08	7.95722136345754e-09
6.4221785982252e-05	0.000212962272592988	0.000577254528389021	0.00127280362695996	0.00226959404948723	0.00339698140367222	0.00465843161095314	0.00663279492971225	0.0101756941747961	0.0153554888214592	0.0209531509672376	0.026003444961492	0.0318241626172804	0.0418146592346094	0.0587713317062188	0.0836882702490262	0.11768013017799	0.163891812602009	0.224283427983638	0.294629880236494	0.365161067281411	0.42719422702662	0.477199394826849	0.513061030088397	0.529385380152367	0.519647363567681	0.483108149719661	0.427059966397878	0.362088150169222	0.296924018272043	0.237329554839757	0.186273940849042	0.143813342784871	0.107842738880466	0.0764415973228962	0.0494378448077383	0.0283602726793341	0.0148989783621741	0.00917383720544586	0.00941330864052947	0.0124620592672315	0.0148316926231987	0.0142129858309124	0.0107524771311797	0.00639942165533062	0.00299382882581115	0.00110094910984912	0.000318244981352332	7.23119249501865e-05	1.2915532649569e-05	3.05902320501826e-07	2.03934880334551e-07	1.359565868897e-07	9.06377245931335e-08	6.04251497287557e-08	4.02834331525038e-08	2.68556221016692e-08	1.79037480677795e-08	1.19358320451863e-08	7.95722136345754e-09
1.25099389098597e-05	4.46536283367012e-05	0.000125775235257328	0.000295079178018004	0.000575371768507969	0.00104068958647396	0.00195515597186611	0.00386362350815854	0.00721655703005273	0.0116941964732639	0.0161191037306505	0.019849556816374	0.0241220627584572	0.0313559219359111	0.042936902636556	0.0589360250197585	0.0802077199351731	0.109641193889495	0.14930828544929	0.196918158043676	0.246840723413236	0.294314435476698	0.337026724922671	0.372227701089275	0.394781253184038	0.399336300170465	0.384004960161724	0.351169948177776	0.306000033005936	0.255423180936279	0.20713688795993	0.166492773875853	0.133808430948752	0.105566538786047	0.0786046319462359	0.052901361582114	0.0311779337609818	0.0164398819196669	0.00954907610322677	0.00888470132429983	0.0112750713910047	0.0132946548778374	0.0127170895955053	0.00961775041963111	0.00572408009429545	0.00267788511377098	0.000984764127750554	0.000284660061640242	6.46807278033884e-05	1.15525351083935e-05	3.05902320501826e-07	2.03934880334551e-07	1.359565868897e-07	9.06377245931335e-08	6.04251497287557e-08	4.02834331525038e-08	2.68556221016692e-08	1.79037480677795e-08	1.19358320451863e-08	7.95722136345754e-09
1.88533030969473e-06	6.78894598535579e-06	1.92815033527572e-05	5.25721761480715e-05	0.000127114696357726	0.00032172455204838	0.000835121378783755	0.00200334546901821	0.0040581180121238	0.00680339981253208	0.00966203123622805	0.0125334920095069	0.0163802921742757	0.0224337029662408	0.0307743177748736	0.040704611363513	0.0527196606794916	0.0693973081192448	0.0932637802422709	0.124305020713145	0.16019548132216	0.197587249763356	0.232182679108998	0.25874817112286	0.273360324741475	0.275464563080771	0.266793806418724	0.248607263691734	0.221603586481976	0.18869524056996	0.15590716684655	0.128582319635347	0.107356361696206	0.0887633099232198	0.0693870130713366	0.0488982982872798	0.0299819260311173	0.0160156051877076	0.00847738209959414	0.00633318814040804	0.00707526258151256	0.00807764517082092	0.0076764403673535	0.0057973645515913	0.00345034728301991	0.00161416917204693	0.00059359376120292	0.000171586709844175	3.89880941153464e-05	6.963609430092e-06	3.05902320501826e-07	2.03934880334551e-07	1.359565868897e-07	9.06377245931335e-08	6.04251497287557e-08	4.02834331525038e-08	2.68556221016692e-08	1.79037480677795e-08	1.19358320451863e-08	7.95722136345754e-09
1.52272297132095e-07	5.68181934325029e-07	1.66651022438135e-06	7.65651897013416e-06	2.75393353678176e-05	9.70249464100206e-05	0.000301012614711659	0.000781783596699256	0.00164302434277643	0.00286952360624419	0.00441532553742184	0.00659648689669512	0.0101601318431536	0.0155109216497452	0.0218445697909719	0.027827985766783	0.0335566785284968	0.041487957355109	0.0547994190533095	0.07506927099143	0.101349278301131	0.129849193322677	0.154245877175681	0.168502013511925	0.171279499882268	0.166726391269669	0.159905053925121	0.15198652955445	0.140774447804226	0.125307791231285	0.108262408407954	0.0931850211201853	0.0808327658700249	0.0691418604861623	0.0559380036322706	0.0409665008950018	0.0261565747313805	0.0142965673561773	0.00701194170402703	0.00389196019892334	0.00326061805244484	0.00337213761078932	0.00313476869607399	0.00235494002268826	0.00140156114673296	0.000655689590125824	0.000241122960792782	6.97000174437075e-05	1.58373037306001e-05	2.82867885974012e-06	3.05902320501826e-07	2.03934880334551e-07	1.359565868897e-07	9.06377245931335e-08	6.04251497287557e-08	4.02834331525038e-08	2.68556221016692e-08	1.79037480677795e-08	1.19358320451863e-08	7.95722136345754e-09
3.05902320501826e-07	3.05902320501826e-07	3.05902320501826e-07	1.04413281430107e-06	5.61967276189802e-06	2.37749903462062e-05	7.90648973687124e-05	0.000216271843771528	0.000480716573612682	0.000946912459994982	0.00182468657565923	0.00363249845628034	0.00703899059938952	0.0120782029065014	0.0174410843772512	0.0212098963862362	0.0229402649629275	0.0248419136446449	0.0304117885705898	0.0419557131276635	0.058983364738528	0.0776398071961537	0.0918192790020859	0.0969769071997358	0.0940887842570589	0.0889702254531082	0.0868650813725896	0.0880218719888398	0.0887292306049174	0.0860199375344176	0.0802372488219145	0.0731230776908866	0.0651820853057016	0.0557898945469249	0.0447077940090112	0.0326147480555459	0.0209704391066109	0.0115422755525818	0.00542288956265703	0.00237231919208235	0.001279360315743	0.00101485408049364	0.000875317982788104	0.000644645897245322	0.000383666095219043	0.000179489753483642	6.60054718630463e-05	1.90798193797402e-05	4.33533456266325e-06	7.74328094978166e-07	3.05902320501826e-07	2.03934880334551e-07	1.359565868897e-07	9.06377245931335e-08	6.04251497287557e-08	4.02834331525038e-08	2.68556221016692e-08	1.79037480677795e-08	1.19358320451863e-08	7.95722136345754e-09
2.03934880334551e-07	2.03934880334551e-07	3.05902320501826e-07	1.92614620483775e-07	1.03667955019741e-06	4.38585080347782e-06	1.45853621222098e-05	4.51870536986853e-05	0.000120960737836611	0.000329904487281009	0.000923397843642638	0.00241571214862393	0.00538764371498083	0.00977322279280983	0.0142197812542616	0.0167066138736509	0.0164549050587901	0.0151152341921976	0.0156879369936695	0.0203074266075212	0.028774713892242	0.0383220299274397	0.0449707393364431	0.0465376189095792	0.0449682241823064	0.0449896270673633	0.0496983635984695	0.0576307480973285	0.0644083173169857	0.0670625157263427	0.0658438374837924	0.0619971427534856	0.0556022176063823	0.046421750010243	0.0354277191261036	0.0244271294846335	0.0149688861435987	0.00795547769501805	0.00359130593515551	0.00138746444674843	0.000514338494408011	0.000252357176954926	0.000173841993156886	0.000118919952657025	7.07761486957721e-05	3.31110662115531e-05	1.21762468707235e-05	3.51971714555074e-06	7.99753450921417e-07	1.42842854952299e-07	3.05902320501826e-07	2.03934880334551e-07	1.359565868897e-07	9.06377245931335e-08	6.04251497287557e-08	4.02834331525038e-08	2.68556221016692e-08	1.79037480677795e-08	1.19358320451863e-08	7.95722136345754e-09
1.359565868897e-07	2.03934880334551e-07	3.05902320501826e-07	2.39450024746456e-08	1.28875442230423e-07	5.45229682351913e-07	1.81318807073285e-06	9.1892107254027e-06	3.69628607692457e-05	0.000146885611822577	0.000516675343526288	0.00149979460005577	0.00348561734984872	0.00641465296295288	0.00933252368698999	0.0107854839842844	0.0101079722001316	0.00824832849604571	0.00708520436583409	0.00798506227554466	0.0109372565364275	0.0145889166682089	0.017253350012444	0.0185679628700277	0.0204553165568357	0.0257954959541456	0.03530014761209	0.045898986425379	0.0530211263927789	0.0547580027156512	0.0527816566426633	0.0491138666753258	0.0436751927935678	0.0357002445574421	0.0259976445456936	0.0166670652315566	0.00937626463776645	0.00459803395093078	0.00193751294239828	0.000690787587091629	0.000210235921993725	6.38672083898038e-05	2.77982589953872e-05	1.47836054890604e-05	8.79857952324501e-06	4.1162221246885e-06	1.51369745826709e-06	4.37555755365749e-07	9.94218315999166e-08	1.77575954864047e-08	3.05902320501826e-07	2.03934880334551e-07	1.359565868897e-07	9.06377245931335e-08	6.04251497287557e-08	4.02834331525038e-08	2.68556221016692e-08	1.79037480677795e-08	1.19358320451863e-08	7.95722136345754e-09
9.06377245931337e-08	1.359565868897e-07	2.03934880334551e-07	3.05902320501826e-07	3.05902320501826e-07	3.05902320501826e-07	3.05902320501826e-07	2.05271398213917e-06	1.2610978704837e-05	6.09273294963328e-05	0.000231387563233228	0.000690895683928011	0.00162223787032065	0.00299549971954163	0.00435454208913408	0.00499779192105759	0.00457974974515971	0.00349942307871157	0.00258651179946096	0.00244592260001432	0.00312390300613032	0.00419604790225541	0.0053358412124739	0.0070545662824029	0.0109827499788606	0.0187458892010857	0.0296662629786388	0.0398530146969419	0.0448279528460405	0.0436152580443117	0.0391841837427629	0.0345942272738456	0.0300912153691953	0.0244351396675256	0.0175540155657361	0.0108639218646836	0.00575132759571361	0.00260859685042141	0.00101278716792504	0.000337731515120144	0.000102045679132479	3.60299777587011e-05	2.1410835260928e-05	1.41811244754761e-05	8.74520482855374e-06	4.23919449663778e-06	1.61529087425245e-06	4.83807031823285e-07	1.13906275883016e-07	2.10803185712408e-08	3.05902320501826e-07	2.03934880334551e-07	1.359565868897e-07	9.06377245931335e-08	6.04251497287557e-08	4.02834331525038e-08	2.68556221016692e-08	1.79037480677795e-08	1.19358320451863e-08	7.95722136345754e-09
6.04251497287558e-08	9.06377245931337e-08	1.359565868897e-07	2.03934880334551e-07	2.03934880334551e-07	2.03934880334551e-07	3.05902320501826e-07	6.51263586891999e-07	4.00688585172829e-06	1.93780996105586e-05	7.36663984277236e-05	0.000220131265937701	0.00051711908107584	0.00095498133060718	0.00138715699866521	0.00158700949236663	0.00143880052322325	0.00106098283799904	0.000706707661830336	0.000559893602787033	0.00066142917799095	0.00096064169225988	0.00161303768081375	0.00332519380218741	0.00743755528454401	0.0150276982281857	0.0251240228676355	0.0340207695770816	0.0376902290883019	0.0354807494756503	0.0304815050262528	0.0259307290886093	0.0223856501776164	0.0186386803703637	0.0140453726305208	0.00922164811341396	0.00517595655088159	0.00246381860823803	0.00100387589651374	0.000387978110932425	0.000199836764375479	0.000165317648103121	0.00015098969092717	0.000116099326693591	7.15582817879333e-05	3.46797405254805e-05	1.32142718237346e-05	3.957898686022e-06	9.31837426893202e-07	1.72452568247322e-07	3.05902320501826e-07	2.03934880334551e-07	1.359565868897e-07	9.06377245931335e-08	6.04251497287557e-08	4.02834331525038e-08	2.68556221016692e-08	1.79037480677795e-08	1.19358320451863e-08	7.95722136345754e-09
4.02834331525039e-08	6.04251497287558e-08	9.06377245931337e-08	1.359565868897e-07	1.359565868897e-07	2.03934880334551e-07	3.05902320501826e-07	1.40757748306206e-07	8.66009157522261e-07	4.18819311033877e-06	1.59215355767061e-05	4.75770209617503e-05	0.000111754129171142	0.000206340249933602	0.000299523774849138	0.000341958079096761	0.000307829014905414	0.000221361214952845	0.0001354726306201	8.85624645021167e-05	0.000105570280716895	0.000220325794238732	0.000641003376832364	0.00195020582810407	0.00517505614584533	0.0111574578252117	0.0192831005375913	0.0268972703253502	0.0310501474247369	0.0312093070145575	0.0294180564632822	0.0275877467860029	0.0256801701982725	0.022676132683374	0.0181986422857805	0.0128849137074132	0.00786213187321582	0.004090489084027	0.00189802698931916	0.00099249586055094	0.000812025330514782	0.00085690311527208	0.000823348265140039	0.000640311488260714	0.000394545733515512	0.000191187928828375	7.28497163667855e-05	2.18197264693234e-05	5.13717994866702e-06	9.50723645700708e-07	3.05902320501826e-07	2.03934880334551e-07	1.359565868897e-07	9.06377245931335e-08	6.04251497287557e-08	4.02834331525038e-08	2.68556221016692e-08	1.79037480677795e-08	1.19358320451863e-08	7.95722136345754e-09
2.68556221016693e-08	4.02834331525039e-08	6.04251497287556e-08	9.06377245931335e-08	1.359565868897e-07	2.03934880334551e-07	3.05902320501826e-07	2.05012318516642e-08	1.26133408197221e-07	6.10006333774327e-07	2.31895647820747e-06	6.9295477462915e-06	1.62768823747759e-05	3.00532606916718e-05	4.36211051177836e-05	4.97802121017309e-05	4.47131768111553e-05	3.17863328688455e-05	1.83973316400628e-05	9.82217877938281e-06	1.8826561861793e-05	7.58528709412194e-05	0.000318032879814773	0.00110820983571356	0.00311784217951351	0.00696835876042795	0.0125514595449744	0.0186624676004994	0.0239689293742817	0.0282884766236182	0.0321194512762714	0.0349669611604619	0.0352761867187956	0.0321388602124914	0.0261751767180759	0.0188966174646549	0.011951440252108	0.00666852181990753	0.00364114271425254	0.00261175372436199	0.00276139271260506	0.00314046182321658	0.00305443010806633	0.00238036986916428	0.00146607287891468	0.000710292501308817	0.000270647878110819	8.1063632974875e-05	1.908541202247e-05	3.53208427172402e-06	3.05902320501826e-07	2.03934880334551e-07	1.359565868897e-07	9.06377245931335e-08	6.04251497287557e-08	4.02834331525038e-08	2.68556221016692e-08	1.79037480677795e-08	1.19358320451863e-08	7.95722136345754e-09
1.79037480677795e-08	2.68556221016692e-08	4.02834331525038e-08	6.04251497287556e-08	9.06377245931337e-08	1.359565868897e-07	2.03934880334551e-07	3.05902320501826e-07	3.05902320501826e-07	3.05902320501826e-07	3.05902320501826e-07	3.05902320501826e-07	3.05902320501826e-07	3.05902320501826e-07	3.05902320501826e-07	3.05902320501826e-07	3.05902320501826e-07	3.05902320501826e-07	3.05902320501826e-07	3.05902320501826e-07	5.31238187162503e-06	3.07964862789176e-05	0.000140703842360918	0.000506702091429034	0.00148124752774507	0.00344215606183845	0.00660265103710655	0.0109109411865193	0.0164289655966728	0.0233814975968659	0.0311014628256833	0.03721500020897	0.0390386009872273	0.0359102085967698	0.0294338501450351	0.0218147867081723	0.0147532740437296	0.00939763404540647	0.00642151610961705	0.00584629650369934	0.00683291050534186	0.00788282908959364	0.00766154676340431	0.00596545073977774	0.00367155497781589	0.00177830448335209	0.000677600191706017	0.000202952757758812	4.77826722141111e-05	8.84300662672119e-06	3.05902320501826e-07	2.03934880334551e-07	1.359565868897e-07	9.06377245931337e-08	6.04251497287558e-08	4.02834331525039e-08	2.68556221016692e-08	1.79037480677795e-08	1.19358320451863e-08	7.95722136345756e-09
1.19358320451863e-08	1.79037480677795e-08	2.68556221016692e-08	4.02834331525039e-08	6.04251497287558e-08	9.06377245931337e-08	1.359565868897e-07	2.03934880334551e-07	2.03934880334551e-07	2.03934880334551e-07	2.03934880334551e-07	2.03934880334551e-07	2.03934880334551e-07	2.03934880334551e-07	2.03934880334551e-07	2.03934880334551e-07	2.03934880334551e-07	2.03934880334551e-07	2.03934880334551e-07	3.05902320501826e-07	1.73660690371945e-06	1.02072554058379e-05	4.7253134651064e-05	0.000172265747815374	0.000529863069671448	0.00130261692942829	0.00275353927457893	0.00527187865097402	0.00945328672487699	0.015658231797086	0.022951136034688	0.0288349342128961	0.0309516997068318	0.0291306844175261	0.0251543963954258	0.0207545152043484	0.0166025244424029	0.0129782209258257	0.0106207865743492	0.010371522420657	0.0119388091507677	0.0134870921173234	0.0129872574372822	0.0100806069658787	0.00619733069114279	0.00300031704562097	0.00114323245784062	0.000342417524254188	8.06178960191781e-05	1.49197304314717e-05	3.05902320501826e-07	3.05902320501826e-07	2.03934880334551e-07	1.359565868897e-07	9.06377245931337e-08	6.04251497287556e-08	4.02834331525038e-08	2.68556221016692e-08	1.79037480677795e-08	1.19358320451863e-08
7.95722136345756e-09	1.19358320451863e-08	1.79037480677795e-08	2.68556221016693e-08	4.02834331525039e-08	6.04251497287558e-08	9.06377245931337e-08	1.359565868897e-07	1.359565868897e-07	1.359565868897e-07	1.359565868897e-07	1.359565868897e-07	1.359565868897e-07	1.359565868897e-07	1.359565868897e-07	1.359565868897e-07	1.359565868897e-07	1.359565868897e-07	2.03934880334551e-07	3.05902320501826e-07	4.09869152542632e-07	2.43157510889065e-06	1.13528792416425e-05	4.17110260675047e-05	0.000140108882401	0.000376459951982295	0.000913118688645052	0.00206397010480646	0.004289220539608	0.00785277193744909	0.0122009084342125	0.0159752432037531	0.0181264850344616	0.0189865314300051	0.019675777117857	0.0204260894837226	0.0201966602994065	0.0182139948356727	0.0154840680230818	0.0140645588917077	0.0147044487635709	0.0157673052134269	0.0148991852933727	0.0114987646528644	0.00705878124802862	0.00341741386652105	0.0013036497804819	0.000391195670740832	9.23839616545253e-05	1.71827412623576e-05	5.22868322500034e-08	9.79971922363237e-09	3.05902320501826e-07	2.03934880334551e-07	1.359565868897e-07	9.06377245931335e-08	6.04251497287557e-08	4.02834331525038e-08	2.68556221016692e-08	1.79037480677795e-08
5.30481424230504e-09	7.95722136345758e-09	1.19358320451864e-08	1.79037480677795e-08	2.68556221016693e-08	4.02834331525039e-08	6.04251497287556e-08	9.06377245931335e-08	9.06377245931335e-08	9.06377245931335e-08	9.06377245931335e-08	9.06377245931335e-08	9.06377245931335e-08	9.06377245931335e-08	9.06377245931335e-08	9.06377245931335e-08	9.06377245931335e-08	1.359565868897e-07	2.03934880334551e-07	3.05902320501826e-07	6.44397668006241e-08	3.86758931401588e-07	1.8246550908088e-06	6.76667401221063e-06	2.69904531988272e-05	8.3231853942859e-05	0.000238520608607762	0.000629805968936496	0.00146251448109928	0.00290226996078741	0.0048891223953375	0.00726465675701397	0.0101884796254524	0.0142108964289935	0.0193732865523777	0.0241420650730823	0.0259892273566146	0.0236862304792095	0.0188872352865984	0.0147827109019571	0.0130882068592334	0.0127583868823178	0.011650165475156	0.00891696745894504	0.00548092061297177	0.00267145070229382	0.00103196938845581	0.000315988332385181	7.70565408070531e-05	1.50678172661928e-05	4.93635838345882e-07	9.25183723386054e-08	3.05902320501826e-07	2.03934880334551e-07	1.359565868897e-07	9.06377245931337e-08	6.04251497287558e-08	4.02834331525039e-08	2.68556221016692e-08	1.79037480677795e-08
3.53654282820338e-09	5.30481424230506e-09	7.95722136345758e-09	1.19358320451864e-08	1.79037480677795e-08	2.68556221016692e-08	4.02834331525038e-08	6.04251497287557e-08	6.04251497287557e-08	6.04251497287557e-08	6.04251497287557e-08	6.04251497287557e-08	6.04251497287557e-08	6.04251497287557e-08	6.04251497287557e-08	6.04251497287556e-08	9.06377245931335e-08	1.359565868897e-07	2.03934880334551e-07	3.05902320501826e-07	7.60232634715972e-09	4.56281541690055e-08	2.15264954546678e-07	7.98303077117462e-07	4.14897681036761e-06	1.48716007471772e-05	4.89950396662442e-05	0.000151362947082947	0.000403785352199316	0.000965073121055111	0.00213293074009098	0.0044993959525037	0.00889504640066866	0.0157232864011279	0.0238241884303617	0.0301449241416629	0.0314488636743	0.0270175263790946	0.0195260900312235	0.0128519250726265	0.00905981618242337	0.00753776426612791	0.00654561492334533	0.00506673443416466	0.00325907087998593	0.00171663689804083	0.000743473769292677	0.000266556568782469	7.9687586351645e-05	1.98829720375543e-05	3.14060389949527e-06	5.88619258105783e-07	3.05902320501826e-07	3.05902320501826e-07	2.03934880334551e-07	1.359565868897e-07	9.06377245931337e-08	6.04251497287556e-08	4.02834331525038e-08	2.68556221016692e-08
2.35769521880225e-09	3.53654282820338e-09	5.30481424230506e-09	7.95722136345758e-09	1.19358320451863e-08	1.79037480677795e-08	2.68556221016692e-08	4.02834331525038e-08	4.02834331525038e-08	4.02834331525038e-08	4.02834331525038e-08	4.02834331525038e-08	4.02834331525038e-08	4.02834331525038e-08	4.02834331525038e-08	4.02834331525038e-08	6.04251497287556e-08	9.06377245931337e-08	1.359565868897e-07	2.03934880334551e-07	3.05902320501826e-07	3.05902320501826e-07	3.05902320501826e-07	3.05902320501826e-07	3.07955622225004e-07	1.61273928984057e-06	6.65755403110196e-06	3.63998223496933e-05	0.000145492753208852	0.000521793916714314	0.00164658655406782	0.00443193689555499	0.00990697919806794	0.0181471255951704	0.027097384772166	0.0329275408248967	0.0325517956567478	0.0262206632676548	0.0173946012967093	0.00996507541141464	0.00573364798672805	0.00418958690351269	0.00387358830503086	0.00362185013935095	0.00298817832817401	0.00207878956259621	0.0011929492925386	0.000557628295525235	0.000210507224211836	6.38075325392413e-05	1.51425984566685e-05	2.96613240149416e-06	9.1739505734106e-08	1.49517976689243e-08	3.05902320501826e-07	2.03934880334551e-07	1.359565868897e-07	9.06377245931335e-08	6.04251497287557e-08	4.02834331525038e-08
1.57179681253484e-09	2.35769521880225e-09	3.53654282820338e-09	5.30481424230504e-09	7.95722136345756e-09	1.19358320451863e-08	1.79037480677795e-08	2.68556221016692e-08	2.68556221016692e-08	2.68556221016692e-08	2.68556221016692e-08	2.68556221016692e-08	2.68556221016692e-08	2.68556221016692e-08	2.68556221016692e-08	2.68556221016692e-08	4.02834331525039e-08	6.04251497287558e-08	9.06377245931337e-08	1.359565868897e-07	2.03934880334551e-07	2.03934880334551e-07	2.03934880334551e-07	3.05902320501826e-07	3.50878432348836e-08	1.83785812908106e-07	7.56799437781386e-07	1.73193996043422e-05	9.55564903954916e-05	0.000411659538884593	0.00143091139820436	0.00400150140171505	0.00898745369918411	0.0162300584940468	0.0236158193731043	0.0277459797717043	0.0263682933001768	0.0203120204425142	0.0128098464504512	0.00699828338786317	0.00420074531835888	0.00401465451642035	0.00517248329875853	0.00623371979211217	0.00618442298465614	0.0049162596636409	0.00310950161423545	0.00156405002076653	0.000626410345512054	0.000200226345021946	5.11563910457497e-05	1.05232607227418e-05	6.70048889980248e-07	1.09205247522359e-07	3.05902320501826e-07	2.03934880334551e-07	1.359565868897e-07	9.06377245931335e-08	6.04251497287557e-08	4.02834331525038e-08
1.04786454168989e-09	1.57179681253484e-09	2.35769521880224e-09	3.53654282820336e-09	5.30481424230504e-09	7.95722136345756e-09	1.19358320451863e-08	1.79037480677795e-08	1.79037480677795e-08	1.79037480677795e-08	1.79037480677795e-08	1.79037480677795e-08	1.79037480677795e-08	1.79037480677795e-08	1.79037480677795e-08	1.79037480677795e-08	2.68556221016693e-08	4.02834331525039e-08	6.04251497287558e-08	9.06377245931337e-08	1.359565868897e-07	1.359565868897e-07	1.359565868897e-07	2.03934880334551e-07	3.05902320501826e-07	3.05902320501826e-07	3.05902320501826e-07	1.00683802007029e-05	5.96838687808256e-05	0.000264405380054253	0.000927625145078213	0.00258810302017882	0.00575877032835174	0.0102503958454907	0.0146393781153332	0.0168197777921654	0.0155888054772479	0.0117069586641989	0.00731126396637382	0.00440416807096988	0.00396759754042621	0.00592192291658168	0.00919452736234916	0.0119037099649655	0.0123208193577656	0.0101468279793079	0.00665747303091064	0.00349133972396697	0.00146880934244599	0.000497492937046642	0.000136053190708456	3.01035056865662e-05	3.29798533752565e-06	5.37508994485788e-07	3.05902320501826e-07	2.03934880334551e-07	1.359565868897e-07	9.06377245931335e-08	6.04251497287557e-08	4.02834331525038e-08
6.98576361126595e-10	1.04786454168989e-09	1.57179681253483e-09	2.35769521880224e-09	3.53654282820336e-09	5.30481424230504e-09	7.95722136345753e-09	1.19358320451863e-08	1.19358320451863e-08	1.19358320451863e-08	1.19358320451863e-08	1.19358320451863e-08	1.19358320451863e-08	1.19358320451863e-08	1.19358320451863e-08	1.19358320451864e-08	1.79037480677795e-08	2.68556221016693e-08	4.02834331525039e-08	6.04251497287556e-08	9.06377245931335e-08	9.06377245931335e-08	9.06377245931337e-08	1.359565868897e-07	2.03934880334551e-07	2.03934880334551e-07	3.05902320501826e-07	4.59427957833693e-06	2.69519389411061e-05	0.000118790234717337	0.00041454961681997	0.00114867222107603	0.00253363936369922	0.00446109612693748	0.00628835834110919	0.00711526140883935	0.00649216886679688	0.00483660067106708	0.00318817567987349	0.00264290064745498	0.0040376347120831	0.00767948858769792	0.0127664300215222	0.0171398213953182	0.0184110507980027	0.015851930438289	0.0109766516942412	0.00613265014229095	0.00277063403219644	0.00101294067426873	0.000299413020423017	7.1388095904701e-05	1.09391374991606e-05	1.78287172196072e-06	3.05902320501826e-07	2.03934880334551e-07	1.359565868897e-07	9.06377245931335e-08	6.04251497287556e-08	6.04251497287557e-08
4.65717574084395e-10	6.98576361126592e-10	1.04786454168989e-09	1.57179681253483e-09	2.35769521880224e-09	3.53654282820335e-09	5.30481424230502e-09	7.95722136345754e-09	7.95722136345754e-09	7.95722136345754e-09	7.95722136345754e-09	7.95722136345754e-09	7.95722136345754e-09	7.95722136345754e-09	7.95722136345754e-09	7.95722136345758e-09	1.19358320451864e-08	1.79037480677795e-08	2.68556221016692e-08	4.02834331525038e-08	6.04251497287557e-08	6.04251497287557e-08	6.04251497287558e-08	9.06377245931337e-08	1.359565868897e-07	2.03934880334551e-07	3.05902320501826e-07	1.41275666685129e-06	8.40840351731666e-06	3.71506038741108e-05	0.000130054491078195	0.000361563732219043	0.000800128233930301	0.00141297746744025	0.0019961251715607	0.00226086468941146	0.00207046007146115	0.00158447897292465	0.00123869379546543	0.00165136176050827	0.00356727369188498	0.00755670469354998	0.013246593216975	0.0187424528147246	0.0213917812989046	0.019735204815418	0.0147328599037727	0.0088960297896846	0.00433625662824324	0.00170096784767376	0.000534980379055186	0.00013440272073906	2.44517290238718e-05	3.98516759050269e-06	3.05902320501826e-07	2.03934880334551e-07	1.359565868897e-07	9.06377245931335e-08	9.06377245931335e-08	9.06377245931335e-08
3.1047838272293e-10	4.65717574084395e-10	6.98576361126592e-10	1.04786454168989e-09	1.57179681253482e-09	2.35769521880224e-09	3.53654282820335e-09	5.30481424230502e-09	5.30481424230502e-09	5.30481424230502e-09	5.30481424230502e-09	5.30481424230502e-09	5.30481424230502e-09	5.30481424230502e-09	5.30481424230502e-09	5.30481424230506e-09	7.95722136345758e-09	1.19358320451863e-08	1.79037480677795e-08	2.68556221016692e-08	4.02834331525038e-08	4.02834331525038e-08	6.04251497287557e-08	9.06377245931335e-08	1.359565868897e-07	2.03934880334551e-07	3.05902320501826e-07	2.92758452690474e-07	2.75167926302647e-06	1.32889398895344e-05	5.1299539172322e-05	0.000158282256603261	0.000390104972839644	0.000767183813428706	0.00120221242679792	0.00149878859785219	0.00149247346239782	0.00121786702101024	0.00096151226417855	0.00121116575209822	0.00261412810409658	0.00581716278594016	0.0108901947793644	0.0165860369010362	0.0204526435935528	0.0203760488566735	0.0163521598714815	0.0105332210008957	0.00542544087161847	0.00222661648792583	0.000725837466050538	0.000187457227342261	3.68322457472259e-05	6.00295675998918e-06	3.05902320501826e-07	2.03934880334551e-07	1.359565868897e-07	9.06377245931337e-08	1.359565868897e-07	1.359565868897e-07
2.06985588481954e-10	3.1047838272293e-10	4.65717574084395e-10	6.9857636112659e-10	1.04786454168988e-09	1.57179681253482e-09	2.35769521880224e-09	3.53654282820335e-09	3.53654282820335e-09	3.53654282820335e-09	3.53654282820335e-09	3.53654282820335e-09	3.53654282820335e-09	3.53654282820335e-09	3.53654282820335e-09	3.53654282820338e-09	5.30481424230504e-09	7.95722136345756e-09	1.19358320451863e-08	1.79037480677795e-08	2.68556221016692e-08	4.02834331525038e-08	6.04251497287557e-08	9.06377245931335e-08	1.359565868897e-07	2.03934880334551e-07	3.05902320501826e-07	4.08830843698956e-08	3.8789190591651e-06	2.12366228811787e-05	9.16518756343094e-05	0.00031161850659488	0.000834306768432816	0.00175826804594199	0.0029158912118072	0.00380436396565128	0.00390760098902185	0.00317648000717339	0.00212068286545676	0.00146238037769362	0.00183647801681825	0.00375961464561142	0.00743687881399869	0.012163976343026	0.0160350745029265	0.016928590499721	0.0142539102244938	0.00954100923204833	0.00506311457399961	0.0021254871920395	0.000704669290636093	0.00018426649904113	3.73885788015141e-05	6.09362848530195e-06	3.05902320501826e-07	2.03934880334551e-07	1.359565868897e-07	1.359565868897e-07	2.03934880334551e-07	2.03934880334551e-07
1.37990392321302e-10	2.06985588481954e-10	3.10478382722929e-10	4.65717574084393e-10	6.9857636112659e-10	1.04786454168988e-09	1.57179681253482e-09	2.35769521880223e-09	2.35769521880223e-09	2.35769521880223e-09	2.35769521880223e-09	2.35769521880223e-09	2.35769521880223e-09	2.35769521880223e-09	2.35769521880223e-09	2.35769521880224e-09	3.53654282820336e-09	5.30481424230504e-09	7.95722136345756e-09	1.19358320451863e-08	1.79037480677795e-08	2.68556221016692e-08	4.02834331525038e-08	6.04251497287556e-08	9.06377245931337e-08	1.359565868897e-07	2.03934880334551e-07	3.05902320501826e-07	8.39098197208189e-06	4.65364229569234e-05	0.000202874399786069	0.000695209243569668	0.00187265540246718	0.00396510084934896	0.00659940296643873	0.0086339414164961	0.00887998076748391	0.00718735607230904	0.00461095927318969	0.00248643169506781	0.00159367959636482	0.0021636207912155	0.00415016384621419	0.00706457345612491	0.00969013637542923	0.0105642017240926	0.00911607978519599	0.00621519739644453	0.00334331833423984	0.0014175221585588	0.000473350599665658	0.000124422204202226	2.55765432126512e-05	4.16849094755792e-06	3.05902320501826e-07	2.03934880334551e-07	2.03934880334551e-07	2.03934880334551e-07	3.05902320501826e-07	3.05902320501826e-07
9.19935948808684e-11	1.37990392321302e-10	2.06985588481953e-10	3.10478382722929e-10	4.65717574084393e-10	6.9857636112659e-10	1.04786454168988e-09	1.57179681253482e-09	1.57179681253482e-09	1.57179681253482e-09	1.57179681253482e-09	1.57179681253482e-09	1.57179681253482e-09	1.57179681253482e-09	1.57179681253482e-09	2.35769521880223e-09	3.53654282820335e-09	5.30481424230502e-09	7.95722136345754e-09	1.19358320451863e-08	1.79037480677795e-08	2.68556221016692e-08	4.02834331525038e-08	6.04251497287557e-08	9.06377245931335e-08	1.359565868897e-07	2.03934880334551e-07	3.05902320501826e-07	1.30158263418164e-05	7.21858301914988e-05	0.0003146923644457	0.00107838663169994	0.00290480394281309	0.00615053926401295	0.0102367855462717	0.0133926973620522	0.0137731021819559	0.0111367996966455	0.00709184438285588	0.00360981170384911	0.00165703193144575	0.00118863513508235	0.00180673620277062	0.00303987764121482	0.00423384382423298	0.0046847136555752	0.00408672013075729	0.0028083508999148	0.00151932423581313	0.000646818486778604	0.000216625995164349	5.70606674475914e-05	1.17906261565464e-05	1.9216482067558e-06	3.05902320501826e-07	3.05902320501826e-07	3.05902320501826e-07	3.05902320501826e-07	2.83688427057908e-09	1.71087022118298e-08
6.13290632539121e-11	9.19935948808681e-11	1.37990392321302e-10	2.06985588481953e-10	3.10478382722929e-10	4.65717574084392e-10	6.98576361126587e-10	1.04786454168988e-09	1.04786454168988e-09	1.04786454168988e-09	1.04786454168988e-09	1.04786454168988e-09	1.04786454168988e-09	1.04786454168988e-09	1.57179681253482e-09	2.35769521880223e-09	3.53654282820335e-09	5.30481424230502e-09	7.95722136345754e-09	1.19358320451863e-08	1.79037480677795e-08	2.68556221016692e-08	4.02834331525038e-08	6.04251497287557e-08	9.06377245931335e-08	1.359565868897e-07	2.03934880334551e-07	3.05902320501826e-07	1.36057609250426e-05	7.545760998715e-05	0.000328955608590815	0.00112726386403399	0.00303646245287263	0.0064293087959692	0.0107007617592467	0.0139997133999947	0.0143972070053562	0.0116391134106375	0.00739992752879593	0.00371504014244633	0.00152756658263288	0.00067035053535801	0.000615541003322612	0.000930565018627468	0.00128663834702561	0.0014326474100287	0.00125562754666441	0.000866347479013439	0.000471619264058178	0.000204904427577479	7.48499936861304e-05	2.75603800012473e-05	1.35474178722229e-05	8.37793373306871e-06	4.81463797654091e-06	2.34179340059395e-06	8.95339115727879e-07	2.69079479596743e-07	9.16451716636974e-08	1.81141626509974e-07
4.08860421692747e-11	6.13290632539121e-11	9.19935948808681e-11	1.37990392321302e-10	2.06985588481952e-10	3.10478382722928e-10	4.65717574084392e-10	6.98576361126588e-10	6.98576361126588e-10	6.98576361126588e-10	6.98576361126588e-10	6.98576361126588e-10	6.98576361126587e-10	1.04786454168988e-09	1.57179681253482e-09	2.35769521880223e-09	3.53654282820335e-09	5.30481424230502e-09	7.95722136345754e-09	1.19358320451863e-08	1.79037480677795e-08	2.68556221016692e-08	4.02834331525038e-08	6.04251497287557e-08	9.06377245931335e-08	1.359565868897e-07	2.03934880334551e-07	3.05902320501826e-07	9.58442487473458e-06	5.31552625489484e-05	0.000231729069401636	0.000794088318790814	0.00213900173792882	0.00452905408899387	0.00753803096710016	0.00986194025378591	0.0101419357984183	0.00819862444806829	0.005210412836974	0.00260618383797707	0.00103692606469566	0.000360088067547946	0.000179601432456966	0.000201182087516642	0.000265536224946352	0.000297360542809182	0.000263263838864433	0.00018823509755069	0.0001188762504639	8.50753213189191e-05	8.41845891101646e-05	9.30862238129558e-05	9.02828890434597e-05	7.05906812629193e-05	4.36022277787374e-05	2.12077023778225e-05	8.10835212395923e-06	2.43683218076357e-06	7.62955348540074e-07	1.23638819085728e-06
2.72573614461832e-11	4.08860421692747e-11	6.13290632539121e-11	9.19935948808677e-11	1.37990392321302e-10	2.06985588481952e-10	3.10478382722928e-10	4.65717574084392e-10	4.65717574084392e-10	4.65717574084392e-10	4.65717574084392e-10	4.65717574084392e-10	6.98576361126588e-10	1.04786454168988e-09	1.57179681253482e-09	2.35769521880223e-09	3.53654282820335e-09	5.30481424230502e-09	7.95722136345754e-09	1.19358320451863e-08	1.79037480677795e-08	2.68556221016692e-08	4.02834331525038e-08	6.04251497287557e-08	9.06377245931335e-08	1.359565868897e-07	2.03934880334551e-07	3.05902320501826e-07	4.54989539538095e-06	2.52337398928617e-05	0.000110005873031126	0.000376967719233354	0.00101542182085116	0.0021500217920499	0.00357843614360823	0.00468163683649981	0.00481455565592824	0.00389198360302781	0.00247318590785414	0.0012358320539538	0.00048714500294144	0.00015599723831409	5.08584278446784e-05	3.32496496839789e-05	3.80861162544686e-05	4.53208502112216e-05	5.1442372634097e-05	7.42772801482707e-05	0.000141945120492207	0.000270094409185424	0.000430177996888392	0.000546047556207348	0.000546416856420108	0.000430063672708934	0.000266100600056799	0.00012942876123675	4.94845670869493e-05	1.48717746448524e-05	4.35509213903393e-06	5.72934406662988e-06
1.81715742974555e-11	2.72573614461832e-11	4.08860421692746e-11	6.13290632539119e-11	9.19935948808677e-11	1.37990392321302e-10	2.06985588481952e-10	3.10478382722928e-10	3.10478382722928e-10	3.10478382722928e-10	3.10478382722928e-10	4.65717574084392e-10	6.98576361126588e-10	1.04786454168988e-09	1.57179681253482e-09	2.35769521880223e-09	3.53654282820335e-09	5.30481424230502e-09	7.95722136345754e-09	1.19358320451863e-08	1.79037480677795e-08	2.68556221016692e-08	4.02834331525038e-08	6.04251497287557e-08	9.06377245931335e-08	1.359565868897e-07	2.03934880334551e-07	3.05902320501826e-07	1.45555593318724e-06	8.07251961327412e-06	3.51919521794832e-05	0.000120595651695027	0.000324843348602732	0.000687812950398185	0.00114477663940327	0.00149770130568566	0.00154022333299374	0.00124507705030511	0.000791157224032627	0.00039516949119849	0.000155152242691423	4.78835948357264e-05	1.16163443386616e-05	2.21516584702805e-06	2.62601953908111e-06	1.4182163700201e-05	6.02061802928987e-05	0.000200906364797828	0.000526987551437292	0.00108657837413594	0.00176106667083993	0.00224359559483027	0.00224681543835134	0.00176865961766902	0.00109439767247689	0.000532304455603752	0.000203516245479809	6.11634680773108e-05	1.69990454523555e-05	1.80616782848013e-05
1.21143828649703e-11	1.81715742974554e-11	2.72573614461831e-11	4.08860421692746e-11	6.13290632539119e-11	9.19935948808677e-11	1.37990392321301e-10	2.06985588481952e-10	2.06985588481952e-10	2.06985588481952e-10	3.10478382722928e-10	4.65717574084392e-10	6.98576361126588e-10	1.04786454168988e-09	1.57179681253482e-09	2.35769521880223e-09	3.53654282820335e-09	5.30481424230502e-09	7.95722136345754e-09	1.19358320451863e-08	1.79037480677795e-08	2.68556221016692e-08	4.02834331525038e-08	6.04251497287557e-08	9.06377245931335e-08	1.359565868897e-07	2.03934880334551e-07	3.05902320501826e-07	3.13796805427072e-07	1.74031846433135e-06	7.58687585882252e-06	2.59986781596441e-05	7.00315272890703e-05	0.000148282523292463	0.000246797284928573	0.000322882738129487	0.000332049872160771	0.000268420602732033	0.000170562053873373	8.51928264060578e-05	3.34485793375221e-05	1.03230104382958e-05	2.50431581576602e-06	4.77557715536542e-07	7.27812302427456e-06	3.93064600717259e-05	0.000166863947686658	0.00055682039588709	0.00146056804777771	0.00301149742596538	0.0048808699606278	0.00621821906230333	0.00622714299333908	0.00490191413045076	0.00303316893847397	0.00147530407013241	0.000564053789393665	0.000169517110833732	4.52514267112133e-05	3.88284957249356e-05
8.07625524331352e-12	1.21143828649703e-11	1.81715742974554e-11	2.72573614461831e-11	4.08860421692746e-11	6.13290632539117e-11	9.19935948808674e-11	1.37990392321301e-10	1.37990392321301e-10	2.06985588481952e-10	3.10478382722928e-10	4.65717574084392e-10	6.98576361126588e-10	1.04786454168988e-09	1.57179681253482e-09	2.35769521880223e-09	3.53654282820335e-09	5.30481424230502e-09	7.95722136345754e-09	1.19358320451863e-08	1.79037480677795e-08	2.68556221016692e-08	4.02834331525038e-08	6.04251497287557e-08	9.06377245931335e-08	1.359565868897e-07	2.03934880334551e-07	3.05902320501826e-07	4.5589021349876e-08	2.52836913103707e-07	1.10223635016292e-06	3.77713945199493e-06	1.01743189781702e-05	2.1542778649366e-05	3.58551983229638e-05	4.69090436470762e-05	4.82408630341493e-05	3.89966767572501e-05	2.47795929755538e-05	1.23769825400108e-05	4.85947584923936e-06	1.49974740063386e-06	3.63831961375154e-07	6.93805306901163e-08	1.35935523418111e-05	7.34137662381119e-05	0.000311656425602381	0.00103998890527597	0.00272794347389066	0.00562465731213303	0.00911613627058474	0.0116139402994899	0.0116306077731262	0.00915544105054303	0.00566513379743414	0.00275546635177011	0.00105349891505632	0.000316611812037981	8.19557579406897e-05	5.70726187277233e-05
5.38417016220902e-12	8.07625524331352e-12	1.21143828649703e-11	1.81715742974554e-11	2.7257361446183e-11	4.08860421692745e-11	6.13290632539117e-11	9.19935948808675e-11	9.19935948808674e-11	1.37990392321301e-10	2.06985588481952e-10	3.10478382722928e-10	4.65717574084392e-10	6.98576361126587e-10	1.04786454168988e-09	1.57179681253482e-09	2.35769521880224e-09	3.53654282820335e-09	5.30481424230502e-09	7.95722136345753e-09	1.19358320451863e-08	1.79037480677795e-08	2.68556221016692e-08	4.02834331525038e-08	6.04251497287556e-08	9.06377245931337e-08	1.359565868897e-07	2.03934880334551e-07	3.05902320501826e-07	3.05902320501826e-07	3.05902320501826e-07	3.05902320501826e-07	3.05902320501826e-07	3.05902320501826e-07	3.05902320501826e-07	3.05902320501826e-07	3.05902320501826e-07	3.05902320501826e-07	3.05902320501826e-07	3.05902320501826e-07	3.05902320501826e-07	3.05902320501826e-07	3.05902320501826e-07	3.05902320501826e-07	1.71095531630707e-05	9.24023908370721e-05	0.00039226701368232	0.00130898421666372	0.00343353177438574	0.00707948672180367	0.0114740440350993	0.0146179103144114	0.0146388888650584	0.0115235150788227	0.00713043253491416	0.00346817350234899	0.00132598861880661	0.000398504121211798	0.00010077914312366	5.75135541261768e-05
3.58944677480602e-12	5.38417016220902e-12	8.07625524331352e-12	1.21143828649702e-11	1.81715742974553e-11	2.7257361446183e-11	4.08860421692745e-11	6.13290632539117e-11	6.13290632539117e-11	9.19935948808677e-11	1.37990392321302e-10	2.06985588481952e-10	3.10478382722928e-10	4.65717574084392e-10	6.9857636112659e-10	1.04786454168988e-09	1.57179681253482e-09	2.35769521880224e-09	3.53654282820335e-09	5.30481424230504e-09	7.95722136345756e-09	1.19358320451863e-08	1.79037480677795e-08	2.68556221016692e-08	4.02834331525039e-08	6.04251497287558e-08	9.06377245931337e-08	1.359565868897e-07	2.03934880334551e-07	2.03934880334551e-07	2.03934880334551e-07	2.03934880334551e-07	2.03934880334551e-07	2.03934880334551e-07	2.03934880334551e-07	2.03934880334551e-07	2.03934880334551e-07	2.03934880334551e-07	2.03934880334551e-07	2.03934880334551e-07	2.03934880334551e-07	2.03934880334551e-07	2.03934880334551e-07	3.05902320501826e-07	1.45123085557855e-05	7.83756299383807e-05	0.000332720550008372	0.0011102793080464	0.0029123187538018	0.00600481466372571	0.00973227446871243	0.0123988991940141	0.0124166931829711	0.00977423576625476	0.00604802685941767	0.00294170183822935	0.00112470242759559	0.000338010859351971	8.39973107180751e-05	3.9836405701385e-05
2.39296451653735e-12	3.58944677480602e-12	5.384170162209e-12	8.07625524331349e-12	1.21143828649702e-11	1.81715742974553e-11	2.7257361446183e-11	4.08860421692744e-11	4.08860421692746e-11	6.13290632539119e-11	9.19935948808677e-11	1.37990392321302e-10	2.06985588481952e-10	3.10478382722929e-10	4.65717574084393e-10	6.9857636112659e-10	1.04786454168988e-09	1.57179681253482e-09	2.35769521880224e-09	3.53654282820336e-09	5.30481424230504e-09	7.95722136345756e-09	1.19358320451863e-08	1.79037480677795e-08	2.68556221016693e-08	4.02834331525039e-08	6.04251497287558e-08	9.06377245931337e-08	1.359565868897e-07	1.359565868897e-07	1.359565868897e-07	1.359565868897e-07	1.359565868897e-07	1.359565868897e-07	1.359565868897e-07	1.359565868897e-07	1.359565868897e-07	1.359565868897e-07	1.359565868897e-07	1.359565868897e-07	1.359565868897e-07	1.359565868897e-07	2.03934880334551e-07	3.05902320501826e-07	8.29519256141629e-06	4.47992777966386e-05	0.000190182080325151	0.000634632362025489	0.00166467276864637	0.00343233426575423	0.0055629392434838	0.00708717403358497	0.00709734502493802	0.00558692419680135	0.00345703422874692	0.00168146805262465	0.00064287657441506	0.000193206005467448	4.73880839241455e-05	1.90039517180997e-05
1.59530967769156e-12	2.39296451653734e-12	3.589446774806e-12	5.384170162209e-12	8.07625524331349e-12	1.21143828649702e-11	1.81715742974553e-11	2.7257361446183e-11	2.72573614461831e-11	4.08860421692746e-11	6.13290632539119e-11	9.19935948808677e-11	1.37990392321302e-10	2.06985588481953e-10	3.10478382722929e-10	4.65717574084393e-10	6.9857636112659e-10	1.04786454168989e-09	1.57179681253483e-09	2.35769521880224e-09	3.53654282820336e-09	5.30481424230504e-09	7.95722136345758e-09	1.19358320451864e-08	1.79037480677795e-08	2.68556221016693e-08	4.02834331525039e-08	6.04251497287556e-08	9.06377245931335e-08	9.06377245931335e-08	9.06377245931335e-08	9.06377245931335e-08	9.06377245931335e-08	9.06377245931335e-08	9.06377245931335e-08	9.06377245931335e-08	9.06377245931335e-08	9.06377245931335e-08	9.06377245931335e-08	9.06377245931335e-08	9.06377245931335e-08	1.359565868897e-07	2.03934880334551e-07	3.05902320501826e-07	3.19527743707642e-06	1.72565158049179e-05	7.32574326273937e-05	0.000244458034241502	0.000641225782088789	0.00132212244075938	0.00214282358328953	0.00272995317643133	0.00273387100461223	0.00215206249843195	0.00133163677497921	0.000647695263242815	0.000247633674305289	7.44222373871448e-05	1.80765326215297e-05	6.25170303712539e-06
