1.79037480677795e-08	2.68556221016693e-08	4.02834331525039e-08	6.04251497287556e-08	9.06377245931335e-08	9.06377245931335e-08	9.06377245931335e-08	9.06377245931335e-08	9.06377245931335e-08	9.06377245931335e-08	9.06377245931335e-08	9.06377245931335e-08	9.06377245931335e-08	9.06377245931335e-08	9.06377245931335e-08	9.06377245931335e-08	9.06377245931335e-08	9.06377245931335e-08	1.359565868897e-07	2.03934880334551e-07	3.05902320501826e-07	2.45561297060941e-07	2.13738867085644e-06	1.23641710521527e-05	4.75340067390433e-05	0.000121451185759495	0.000206232455311119	0.000232739545831615	0.000174558607923749	8.7010221515779e-05	2.88241955805397e-05	6.34602874158262e-06	9.28548923084367e-07	9.02953662145166e-08	3.05902320501826e-07	2.03934880334551e-07	1.359565868897e-07	9.06377245931335e-08	6.04251497287557e-08	4.02834331525038e-08	2.68556221016692e-08	1.79037480677795e-08	1.19358320451863e-08	7.95722136345754e-09	5.30481424230502e-09	5.30481424230502e-09	5.30481424230502e-09	5.30481424230502e-09	5.30481424230502e-09	5.30481424230502e-09	5.30481424230502e-09	5.30481424230502e-09	5.30481424230502e-09	3.53654282820335e-09	2.35769521880224e-09	2.35769521880223e-09	2.35769521880223e-09	2.35769521880223e-09	2.35769521880223e-09	2.35769521880223e-09
2.68556221016693e-08	4.02834331525039e-08	6.04251497287558e-08	9.06377245931337e-08	1.359565868897e-07	1.359565868897e-07	1.359565868897e-07	1.359565868897e-07	1.359565868897e-07	1.359565868897e-07	1.359565868897e-07	1.359565868897e-07	1.359565868897e-07	1.359565868897e-07	1.359565868897e-07	1.359565868897e-07	1.359565868897e-07	1.359565868897e-07	1.359565868897e-07	2.03934880334551e-07	3.05902320501826e-07	1.29722602282976e-06	1.12911775508678e-05	6.53161741346824e-05	0.000251107773290305	0.000641589861905841	0.00108946365320454	0.00122949259108785	0.000922140302310862	0.00045964867002001	0.000152269502734102	3.35241494638447e-05	4.90524297156102e-06	4.77003095342605e-07	3.05902320501826e-07	2.03934880334551e-07	1.359565868897e-07	9.06377245931335e-08	6.04251497287557e-08	4.02834331525038e-08	2.68556221016692e-08	1.79037480677795e-08	1.19358320451863e-08	7.95722136345753e-09	7.95722136345754e-09	7.95722136345754e-09	7.95722136345754e-09	7.95722136345754e-09	7.95722136345754e-09	7.95722136345754e-09	7.95722136345754e-09	7.95722136345754e-09	7.95722136345754e-09	5.30481424230502e-09	3.53654282820335e-09	3.53654282820335e-09	3.53654282820335e-09	3.53654282820335e-09	3.53654282820335e-09	3.53654282820335e-09
4.02834331525039e-08	6.04251497287558e-08	9.06377245931337e-08	1.359565868897e-07	2.03934880334551e-07	2.03934880334551e-07	2.03934880334551e-07	2.03934880334551e-07	2.03934880334551e-07	2.03934880334551e-07	2.03934880334551e-07	2.03934880334551e-07	2.03934880334551e-07	2.03934880334551e-07	2.03934880334551e-07	2.03934880334551e-07	2.03934880334551e-07	2.03934880334551e-07	2.03934880334551e-07	2.03934880334551e-07	3.05902320501826e-07	4.72062218014499e-06	4.10887403185997e-05	0.000237686397679411	0.000913784416392794	0.0023347537586874	0.0039645722451361	0.00447413935094559	0.00335568041936016	0.00167266742154722	0.000554110678722164	0.000121994811038639	1.78502422577366e-05	1.73582039848397e-06	3.05902320501826e-07	2.03934880334551e-07	1.359565868897e-07	9.06377245931335e-08	6.04251497287557e-08	4.02834331525038e-08	2.68556221016692e-08	1.79037480677795e-08	1.19358320451863e-08	1.19358320451863e-08	1.19358320451863e-08	1.19358320451863e-08	1.19358320451863e-08	1.19358320451863e-08	1.19358320451863e-08	1.19358320451863e-08	1.19358320451863e-08	1.19358320451863e-08	1.19358320451863e-08	7.95722136345753e-09	5.30481424230504e-09	5.30481424230502e-09	5.30481424230502e-09	5.30481424230502e-09	5.30481424230502e-09	5.30481424230502e-09
6.04251497287556e-08	9.06377245931337e-08	1.359565868897e-07	2.03934880334551e-07	3.05902320501826e-07	3.05902320501826e-07	3.05902320501826e-07	3.05902320501826e-07	3.05902320501826e-07	3.05902320501826e-07	3.05902320501826e-07	3.05902320501826e-07	3.05902320501826e-07	3.05902320501826e-07	3.05902320501826e-07	3.05902320501826e-07	3.05902320501826e-07	3.05902320501826e-07	3.05902320501826e-07	3.05902320501826e-07	3.05902320501826e-07	1.18334311949174e-05	0.000102999300281016	0.000595820958673014	0.00229063132056032	0.00585264969450562	0.00993820117132446	0.0112155597600189	0.00841186009794375	0.00419296314966917	0.00138901829902987	0.000305810790923822	4.47461384344562e-05	4.35127202905342e-06	3.05902320501826e-07	2.03934880334551e-07	1.359565868897e-07	9.06377245931337e-08	6.04251497287558e-08	4.02834331525039e-08	2.68556221016692e-08	1.79037480677795e-08	1.79037480677795e-08	1.79037480677795e-08	1.79037480677795e-08	1.79037480677795e-08	1.79037480677795e-08	1.79037480677795e-08	1.79037480677795e-08	1.79037480677795e-08	1.79037480677795e-08	1.79037480677795e-08	1.79037480677795e-08	1.19358320451863e-08	7.95722136345756e-09	7.95722136345754e-09	7.95722136345754e-09	7.95722136345754e-09	7.95722136345754e-09	7.95722136345754e-09
9.06377245931335e-08	1.359565868897e-07	2.03934880334551e-07	3.05902320501826e-07	3.82926028305645e-09	3.94418080465011e-08	2.69995583511174e-07	1.2283281995902e-06	3.713899109687e-06	7.46283256853419e-06	9.96632882015393e-06	8.89264271594485e-06	5.6145233255251e-06	4.26844019301555e-06	8.80781062073612e-06	2.05631726911251e-05	3.36670631608758e-05	3.67754009013869e-05	2.67057331314273e-05	1.29712859669559e-05	4.81313783139743e-06	2.50270564970232e-05	0.000191467040958592	0.0010614106743633	0.00400766858992941	0.010161987608112	0.017200648056785	0.0193854965443472	0.0145313274447334	0.00724157366002454	0.00239870904747979	0.000528070747254944	7.72671451143872e-05	7.5137292080192e-06	3.05902320501826e-07	3.05902320501826e-07	2.03934880334551e-07	1.359565868897e-07	9.06377245931337e-08	6.04251497287556e-08	4.02834331525038e-08	2.68556221016692e-08	2.68556221016692e-08	2.68556221016692e-08	2.68556221016692e-08	2.68556221016692e-08	2.68556221016692e-08	2.68556221016692e-08	2.68556221016692e-08	2.68556221016692e-08	2.68556221016692e-08	2.68556221016692e-08	2.68556221016692e-08	1.79037480677795e-08	1.19358320451863e-08	1.19358320451863e-08	1.19358320451863e-08	1.19358320451863e-08	1.19358320451863e-08	1.19358320451863e-08
1.359565868897e-07	1.359565868897e-07	2.03934880334551e-07	3.05902320501826e-07	3.51352004662482e-08	3.61896483923255e-07	2.47733197809549e-06	1.13327588030724e-05	3.45530155832059e-05	7.08954034098275e-05	9.9620670649569e-05	9.98609043428664e-05	7.82249602566029e-05	6.26829788476024e-05	8.57862125630932e-05	0.000166686337583685	0.000267598647713714	0.000299989399269119	0.000232195754560513	0.000136082656355481	8.76170968210937e-05	0.000121902801179574	0.000369665425803546	0.00149862699122578	0.0051065994884091	0.0124503389810978	0.0207355969062402	0.0232107918091167	0.0173514393808378	0.00864318272461576	0.00286971699833611	0.000637624350978717	9.62201551667182e-05	1.02773793786253e-05	2.81265792802686e-07	3.92437389923252e-08	3.05902320501826e-07	2.03934880334551e-07	1.359565868897e-07	9.06377245931335e-08	6.04251497287557e-08	4.02834331525038e-08	4.02834331525038e-08	4.02834331525038e-08	4.02834331525038e-08	4.02834331525038e-08	4.02834331525038e-08	4.02834331525038e-08	4.02834331525038e-08	4.02834331525038e-08	4.02834331525038e-08	4.02834331525038e-08	4.02834331525038e-08	2.68556221016692e-08	1.79037480677795e-08	1.79037480677795e-08	1.79037480677795e-08	1.79037480677795e-08	1.79037480677795e-08	1.79037480677795e-08
2.03934880334551e-07	2.03934880334551e-07	2.03934880334551e-07	3.05902320501826e-07	2.22074064435421e-07	2.2873876347149e-06	1.56581198920438e-05	7.17185471428609e-05	0.000219076330865967	0.000451564329883397	0.000641442812014783	0.000657607009808369	0.000532921552470208	0.000424833765220402	0.000517263655150935	0.000925989673382953	0.00146525832246524	0.00166946197688004	0.00134918811201212	0.000859502321952408	0.00060556061547785	0.000669319568888432	0.00110102282058221	0.0024647827771045	0.00591356932399618	0.0120559867270169	0.0184411068592065	0.0198678182442672	0.0146303497934214	0.00729192441197343	0.00248051746902191	0.000598950388677572	0.00011355371587154	1.91970588338927e-05	2.48697950965385e-06	3.46996958939063e-07	3.05902320501826e-07	2.03934880334551e-07	1.359565868897e-07	9.06377245931335e-08	6.04251497287556e-08	6.04251497287557e-08	6.04251497287557e-08	6.04251497287557e-08	6.04251497287557e-08	6.04251497287557e-08	6.04251497287557e-08	6.04251497287557e-08	6.04251497287557e-08	6.04251497287557e-08	6.04251497287557e-08	6.04251497287557e-08	6.04251497287557e-08	4.02834331525038e-08	2.68556221016692e-08	2.68556221016692e-08	2.68556221016692e-08	2.68556221016692e-08	2.68556221016692e-08	2.68556221016692e-08
3.05902320501826e-07	3.05902320501826e-07	3.05902320501826e-07	3.05902320501826e-07	9.66898983043437e-07	9.95916737713027e-06	6.81844934120456e-05	0.000312889747622703	0.000958635879752798	0.00199036471095593	0.00287527786429754	0.00304957406599111	0.00259866179400895	0.00209835391190154	0.00227352694109157	0.00365980534287301	0.00567025601747471	0.00658857960275996	0.00558716082269666	0.00385885962499968	0.00293091139967584	0.0030751552670893	0.00403661763730057	0.00618143638839977	0.00975127144523412	0.013726671958695	0.0160658323152903	0.0148020698368075	0.0102239555210131	0.00526136230491685	0.00216511208894459	0.000803301681357643	0.000275651394928308	7.65456303397476e-05	1.51480020107656e-05	2.11353194159211e-06	3.05902320501826e-07	2.03934880334551e-07	1.359565868897e-07	9.06377245931335e-08	9.06377245931335e-08	9.06377245931335e-08	9.06377245931335e-08	9.06377245931335e-08	9.06377245931335e-08	9.06377245931335e-08	9.06377245931335e-08	9.06377245931335e-08	9.06377245931335e-08	9.06377245931335e-08	9.06377245931335e-08	9.06377245931335e-08	9.06377245931335e-08	6.04251497287556e-08	4.02834331525039e-08	4.02834331525038e-08	4.02834331525038e-08	4.02834331525038e-08	4.02834331525038e-08	4.02834331525038e-08
4.28115514525577e-05	6.5719612588222e-05	6.70481717083691e-05	4.54607715539927e-05	2.33853677241731e-05	3.60048656811972e-05	0.000205806459760927	0.000941448004495835	0.00289660977847438	0.00607692313175563	0.0089857645783916	0.0099672080584651	0.00905300778599159	0.00757989742941199	0.00755535307574451	0.0108113348201411	0.0162184442261389	0.0193272769180421	0.0174751165915863	0.0132459480335945	0.0107061437965653	0.0108143574588164	0.0126723590378692	0.0164840128816343	0.0216471865144192	0.0246923943671316	0.0229020387270997	0.017304826030568	0.0110749179409938	0.00663298896697841	0.00404809877145913	0.00227855097907352	0.000998647329942584	0.000306183900341881	6.35728615251834e-05	8.86788024355145e-06	3.05902320501826e-07	2.03934880334551e-07	1.359565868897e-07	9.06377245931337e-08	1.359565868897e-07	1.359565868897e-07	1.359565868897e-07	1.359565868897e-07	1.359565868897e-07	1.359565868897e-07	1.359565868897e-07	1.359565868897e-07	1.359565868897e-07	1.359565868897e-07	1.359565868897e-07	1.359565868897e-07	1.359565868897e-07	9.06377245931337e-08	6.04251497287558e-08	6.04251497287557e-08	6.04251497287557e-08	6.04251497287557e-08	6.04251497287557e-08	6.04251497287557e-08
0.000284564428381612	0.000436832194935814	0.000445663004700202	0.000302173549710871	0.000142156043324249	0.000102490873740899	0.000431235118080487	0.00195588449831959	0.00605922327719055	0.0129255984725475	0.0198074705383402	0.0234137991940779	0.0231075486394661	0.0205158799546777	0.0195865308164378	0.0250798457071458	0.0360670989579312	0.0442605140125653	0.0431899901736187	0.0360715177824525	0.0306436365658375	0.0297151748609418	0.0318434666707784	0.0371850519330944	0.0449065277684514	0.0491149212823099	0.0447818838443547	0.0338375496735952	0.0226145801570862	0.0152247120231238	0.0105749635041017	0.00638523487888568	0.00286458746148852	0.00088412000498331	0.000183812587456785	2.56305945346695e-05	3.05902320501826e-07	2.03934880334551e-07	1.359565868897e-07	1.359565868897e-07	2.03934880334551e-07	2.03934880334551e-07	2.03934880334551e-07	2.03934880334551e-07	2.03934880334551e-07	2.03934880334551e-07	2.03934880334551e-07	2.03934880334551e-07	2.03934880334551e-07	2.03934880334551e-07	2.03934880334551e-07	2.03934880334551e-07	2.03934880334551e-07	1.359565868897e-07	9.06377245931337e-08	9.06377245931335e-08	9.06377245931335e-08	9.06377245931335e-08	9.06377245931335e-08	9.06377245931335e-08
0.00130295108462882	0.00200014803476817	0.00204058215798624	0.00138357895461878	0.000631991530562407	0.000274543641250206	0.00064114579622788	0.00281724815355055	0.00884471982808473	0.0194781908170003	0.0317899731460051	0.0414868885884702	0.0457669099691967	0.0439941906154195	0.0417211817523492	0.0488072284143087	0.0667904531036688	0.0841820768159086	0.0887077497140886	0.0811446131813303	0.0720759696249427	0.06767856061901	0.0674442102024869	0.0719888879294256	0.0810634007120513	0.087583926273877	0.0829596706887783	0.0666064147264047	0.0470923190896061	0.0324508867591442	0.0222278951770602	0.0131338793926417	0.00580277455791453	0.00177666650240841	0.000367138855831045	5.10980463875482e-05	3.05902320501826e-07	3.05902320501826e-07	2.03934880334551e-07	2.03934880334551e-07	3.05902320501826e-07	3.05902320501826e-07	3.05902320501826e-07	3.05902320501826e-07	3.05902320501826e-07	3.05902320501826e-07	3.05902320501826e-07	3.05902320501826e-07	3.05902320501826e-07	3.05902320501826e-07	3.05902320501826e-07	3.05902320501826e-07	3.05902320501826e-07	2.03934880334551e-07	1.359565868897e-07	1.359565868897e-07	1.359565868897e-07	1.359565868897e-07	1.359565868897e-07	1.359565868897e-07
0.00410963706515962	0.00630866545679348	0.00643619869532755	0.00436399879904864	0.00197531911181358	0.000678013725173191	0.000726617705984916	0.0028774265153055	0.00925174796452887	0.0216929890705826	0.0395669533391509	0.0596031087322242	0.0749101920976814	0.0784530069660623	0.0759760436799485	0.0844499275435363	0.110773165342658	0.142189391330018	0.159776502589935	0.158215108242522	0.147575864638711	0.13714394474762	0.129726323470655	0.128509488275374	0.135116720935737	0.142680595150581	0.138260862885651	0.115452416958822	0.0833237095054354	0.0555951320364143	0.0354335625863493	0.01969381850404	0.00841639804228769	0.00255141294984958	0.000530973744036179	7.63370069284465e-05	1.07900285043802e-06	1.33345989464884e-07	3.05902320501826e-07	3.05902320501826e-07	1.78391913427592e-08	1.59643847888823e-07	9.49482855944044e-07	3.75301227615434e-06	9.858952170957e-06	1.72123215843984e-05	1.99712873581359e-05	1.54003498475113e-05	7.89247164087951e-06	2.68814932928447e-06	6.08487509921871e-07	9.15393581415986e-08	9.15212566841082e-09	3.05902320501826e-07	2.03934880334551e-07	2.03934880334551e-07	2.03934880334551e-07	2.03934880334551e-07	2.03934880334551e-07	2.03934880334551e-07
0.00892907939263975	0.0137069463390984	0.0139840400079592	0.00948197468651964	0.00428148774038989	0.00135759306720111	0.000748878067176695	0.00229183123683375	0.00753588756828534	0.0195830561114006	0.0419352266204624	0.074261463057827	0.105130280409453	0.119027658228562	0.120609222440204	0.134108469149934	0.172807831570011	0.224231404376371	0.263918463138607	0.278983986940044	0.274222889280154	0.257882766784211	0.237297652990258	0.222867444188523	0.220988550933519	0.225285657785049	0.21741301520725	0.183456944984542	0.131824621287572	0.0831609776503555	0.0476516442881182	0.0239862200178606	0.0097668499421197	0.00301402907922289	0.000700474705460797	0.000138306906474471	2.80781188062946e-05	1.33618486994704e-05	5.46777737772235e-06	1.65776817877933e-06	4.82670245593781e-07	1.35851872750797e-06	7.80811801233663e-06	3.0863077274655e-05	8.10755681863005e-05	0.000141546355846147	0.000164234843814601	0.000126645518966301	6.49041208013545e-05	2.21061255255289e-05	5.00392635502502e-06	7.52778322081965e-07	7.52629463874157e-08	3.05902320501826e-07	3.05902320501826e-07	3.05902320501826e-07	3.05902320501826e-07	3.05902320501826e-07	3.05902320501826e-07	3.05902320501826e-07
0.0133640396726317	0.0205150124230434	0.0209297349964301	0.0141926464668178	0.00641228085070775	0.00203326110497467	0.000957011902881839	0.00216678273515526	0.00634629597711105	0.0169884591106955	0.0408333870956336	0.0810848561424641	0.125159314437981	0.152925666957463	0.1675699971855	0.196300128911084	0.255817296002625	0.335087060857965	0.40739999895366	0.452916740126919	0.466523362487289	0.449368435587221	0.412216571532304	0.377364192182468	0.360071896443923	0.354276722604346	0.335327360982659	0.282217721794445	0.20273576906686	0.124584235772471	0.0667217135436545	0.0313504931437677	0.0128646855565711	0.00460282119825421	0.00148031017849541	0.000492034337120952	0.000212009078076015	0.00011033787758446	4.63817600473619e-05	1.40220620927695e-05	3.66765919762789e-06	7.82269257379409e-06	4.42316832387005e-05	0.000174834173308755	0.000459279540184734	0.000801836443236026	0.000930362934690198	0.000717438295578056	0.000367801090434048	0.000126120069201365	3.24161911939504e-05	1.65971621000528e-05	2.52639588969207e-05	3.3244191146187e-05	2.95719327255774e-05	1.74824206402137e-05	6.868807393015e-06	1.79357288139228e-06	3.1125378130443e-07	3.58978270409886e-08
0.0137783332569222	0.0211509906329789	0.0215785698654016	0.01463608362066	0.00664092719275881	0.00227063980426313	0.00163821948242755	0.00371436385300299	0.00827291319664725	0.0172428517270903	0.0374871248054633	0.0755845444326712	0.124294496573133	0.167043341002307	0.205419254472655	0.261707719806416	0.350548362016716	0.464107269715788	0.578043198229716	0.666836768841728	0.713430912051578	0.709173148298628	0.663955578800075	0.609025369511241	0.570429004159141	0.545403382950033	0.505322425589464	0.42449994161328	0.310412702693799	0.195873798746342	0.107744177252799	0.0532348739724866	0.0247916742799282	0.0110394089620605	0.00468768467217399	0.00212086031022417	0.00117318320698137	0.000658300690463814	0.000287722533835223	8.95848356454861e-05	2.21747848104714e-05	3.175954024804e-05	0.000172670026940926	0.000682246441862188	0.00179222303157963	0.00312896529322746	0.00363050763944136	0.00279966870755763	0.00143572606783808	0.000495417121913268	0.000141423544815106	0.000110241873760038	0.00019115223897361	0.000256281590498001	0.000232762285833622	0.000143341877381388	6.08846457556652e-05	1.83132587432428e-05	4.02707431580192e-06	6.62812754248803e-07
0.00978551011845592	0.0150216451435008	0.0153253161918994	0.0104022049121462	0.00478499918498653	0.00202909504035888	0.00283920905639648	0.00708975490692818	0.0136454752831177	0.0210909349635993	0.0337044082746477	0.0610979814974573	0.105768779899617	0.160247255779135	0.224722164250977	0.311812937252869	0.430471933122966	0.576744654768199	0.732432875210232	0.869986609922899	0.964068655075364	0.99806268219572	0.971453873816236	0.909137651269245	0.845540689076211	0.789994527248541	0.717238747368972	0.60027278859878	0.446743257447922	0.292828619507302	0.171352231322194	0.0937469523989416	0.0505845457388539	0.0266015427515873	0.0135054690018403	0.00740126409600128	0.00464394640128568	0.00272674181211568	0.0012235591054993	0.000390260140515111	9.40323156085621e-05	9.09309595337999e-05	0.00046467760410434	0.00183488523853257	0.0048210274747796	0.00841892468243304	0.00977169809971491	0.00753914369493129	0.00387096435074887	0.00135293824738223	0.000459187508482316	0.000533680846616073	0.00099752427081529	0.00135305487183007	0.00124673167674492	0.000788708974466645	0.00035100034529751	0.000113402246602987	2.73254728381318e-05	4.93783728426002e-06
0.00478738233280561	0.00734906588406027	0.0074976314053759	0.00510033568169737	0.00244415376387711	0.0016219267181651	0.00393809477889659	0.0103309474538204	0.0189809513464675	0.0252681393396507	0.0303983005455492	0.0456215759410901	0.081333133519709	0.138572315766599	0.21816555179893	0.32593770568646	0.464683531560495	0.631183556161505	0.815181573221701	0.99618640442676	1.14985913650176	1.25210275798105	1.27768373963335	1.22621627472122	1.13728843350925	1.04294705043117	0.928599386164938	0.767120109005904	0.568764136518983	0.377144124328417	0.230517934682717	0.138562579053693	0.0853132790111583	0.0517236742520842	0.0306409617964346	0.0194467089324008	0.0132604563753155	0.00809395631212324	0.00376112303969403	0.00124880157144634	0.000303564282615647	0.00019079535543256	0.000863572198410011	0.00340421135554313	0.00895043755589837	0.0156445645782413	0.0181811443490043	0.0140519218375	0.00723981766547379	0.00259540367511424	0.00113903200425523	0.00184738639459932	0.00361243775253885	0.00497212055469092	0.00469049880562836	0.00309342925354216	0.00147047723789017	0.00051889138458981	0.000137478187781377	2.69370700219731e-05
0.00161339464837511	0.00247670704857831	0.0025267750816621	0.00173046212411194	0.00093017263456067	0.00119612142266676	0.00396033185203425	0.0105812769635472	0.0191677696090882	0.0241487726220514	0.0249506596226065	0.0317407844246719	0.0569526542507301	0.10665973083349	0.185348195952426	0.297688523225039	0.440888623753357	0.60806879362062	0.797788354412373	1.00805276585547	1.22576199961832	1.41551961214019	1.51459582965288	1.48797772288345	1.37955990065008	1.24847845868781	1.09267379553619	0.883577100292763	0.637708068162633	0.413885075545454	0.256504798630405	0.166152346617381	0.11499755365138	0.0794431288235554	0.0537986240390429	0.0380201979741102	0.0275642391255299	0.0175856193674773	0.00859251225632866	0.00302213529608471	0.000763233408818032	0.000312934328797703	0.00111607668395655	0.00438177280492982	0.0115574982069192	0.0202885692241601	0.0237149538871016	0.0184737960335002	0.0096371289755434	0.00363750383086348	0.00220293929780701	0.0045171862155854	0.00910303373164551	0.0128020380982895	0.0125314775066628	0.00877792619778893	0.00453883867373827	0.00176173750342624	0.000508413675131109	0.000105990437190752
0.00037455100632818	0.000574969749874506	0.000586593088401936	0.000409968858445701	0.000291587336363389	0.000739195010835441	0.00279064300213985	0.00750329407518357	0.0135322608004071	0.016731969460375	0.016255376575081	0.0190704671104688	0.0352485011227157	0.073264161619142	0.141987220378532	0.246715658602749	0.379774996390439	0.529964141508703	0.704478124915984	0.924427380028146	1.19403279297332	1.46614213324621	1.63916938935979	1.64532892375132	1.5299003536762	1.37409885624179	1.18837772267059	0.943652579396469	0.661809133472669	0.4158347696211	0.255342489473085	0.172256754470881	0.129243441695101	0.0984636710935993	0.0733179432471804	0.0557177580628109	0.0427292754580566	0.0289095202502256	0.0150855385718771	0.00567578715780972	0.00150862802160203	0.000438204474099299	0.00103001089443182	0.00401429740679537	0.0107398445274137	0.0192105928287238	0.0230139761418492	0.0185110499831628	0.0100855900344332	0.00418485334288541	0.00335933053779594	0.00776883326147952	0.0160485570697978	0.0233256319624734	0.0241153750786086	0.0182880516582313	0.0103939715745948	0.00441127156893397	0.00136216250356392	0.000296495790405562
5.98975669111368e-05	9.19481952607871e-05	9.38069800068293e-05	6.9594386885179e-05	8.36512100205498e-05	0.000344072570002626	0.00136205874770921	0.00366999075276656	0.00660961969152678	0.00812889183712915	0.00781604087415784	0.00950194037930703	0.0201663734827012	0.0492657788629431	0.108185132007815	0.201705634904146	0.318641366542648	0.445322141626488	0.594493850663104	0.804470608996814	1.09611802156925	1.41798124280659	1.64355778354486	1.68157641560823	1.57198048382453	1.40730218872017	1.21150017597348	0.959257930785754	0.670769123319012	0.419512456670008	0.25599532944955	0.171844011432888	0.130187039801672	0.102262214805861	0.079186385904528	0.0630588664744792	0.0515428475513147	0.0374939757627476	0.0209648284654958	0.00837435411955446	0.00232472478672415	0.000550061440436793	0.000745234724909103	0.00289948146721114	0.00817333907419718	0.0155867310212538	0.0201570760536324	0.0177182757088691	0.0106706917873009	0.00492796219568912	0.00411194810574722	0.00943032962708979	0.019970486421726	0.0304803807778252	0.0339396225533736	0.0282393683683859	0.0176015461633138	0.00803763973379829	0.00260468003032022	0.000583062893241285
6.59834852603414e-06	1.01290631649632e-05	1.03338279028608e-05	9.02611464200809e-06	2.16956235708482e-05	0.000114045875090888	0.000458773865891096	0.00123748299706699	0.00223148427448493	0.00277327084354581	0.0028813840316947	0.00457695841978227	0.0126682515064882	0.0361828507599133	0.0868682823562527	0.169414959760613	0.272310725505019	0.381320469104923	0.509888355582736	0.701293320855897	0.983386723202368	1.3071050022926	1.54381181562987	1.59726261048118	1.50020872314285	1.34381814548617	1.15999110169711	0.928970541499371	0.664816438948516	0.429311396804697	0.26775085299736	0.176538554902849	0.127128993287786	0.0950941891940763	0.0718955893081863	0.0588925003979171	0.0516916683154136	0.0402686085159859	0.0236582395073368	0.00977154532034039	0.00276805608703487	0.000599067383778527	0.000527804898964269	0.00213477654326208	0.00670495755704177	0.0143022697075599	0.0206787039181079	0.0202220824271531	0.0133985616257777	0.00642312298779211	0.00418318692794532	0.00817874057996387	0.0177646869864659	0.029006497850657	0.0353374351357244	0.0323098078754359	0.0217827731066656	0.0104951681982022	0.00351126461499192	0.00079979076314322
3.05902320501826e-07	3.05902320501826e-07	3.05902320501826e-07	4.68972239307205e-07	4.30509883976601e-06	2.62649776250204e-05	0.000106494912416578	0.000289173976388761	0.000536418854668383	0.000773824056143951	0.00132551311726971	0.00355285911301063	0.0105643959878606	0.0289305713596134	0.0688077776370017	0.136978737775895	0.227267265973398	0.32907028128584	0.453230733569629	0.633807240518145	0.888979148059099	1.1717437406821	1.3726794588574	1.41459741098932	1.32986421062724	1.19747980079788	1.04342485580954	0.849115272053748	0.62503681944166	0.421770937625377	0.275879631519771	0.184679482693506	0.127279468477077	0.0873229363443607	0.0612471618161705	0.0503490386190753	0.0466478905400793	0.0376517822865815	0.0223446370478982	0.00919422344946562	0.0025775515103775	0.000537485738269527	0.000428509868079304	0.00187022764544086	0.00640248553184803	0.0147031063061456	0.0226049038216131	0.0232316956394016	0.0159714459909165	0.00757844750346843	0.00363037801920988	0.00518531475469381	0.011474762006444	0.0203687786314337	0.027293610121402	0.0271230053985735	0.0194015133907755	0.00969174795551458	0.0033079904989328	0.000761429193912854
2.03934880334551e-07	2.03934880334551e-07	3.05902320501826e-07	7.50219200397791e-08	6.88690617161888e-07	4.20163260439836e-06	1.70360889927351e-05	5.07979918770646e-05	0.000131721816726873	0.000436458542101777	0.00165071121798781	0.00517052168181508	0.0124709374304782	0.0258259361076418	0.051670175262681	0.0997766716591569	0.174334319130505	0.274076129663735	0.406582347134404	0.586631751322213	0.810534290265829	1.03109757322148	1.16901952611423	1.17984517266291	1.10122609086405	0.997297873406079	0.881619097260964	0.731446908292187	0.553448389007549	0.390542814593139	0.271905565866947	0.192130231161373	0.133312061225067	0.08641640138679	0.0551896433540832	0.0429078955233434	0.0394920363596583	0.0315398031216645	0.0182698971074339	0.00729690690086593	0.00198870328892644	0.000406169496408154	0.000338551877807344	0.00154621349018746	0.00545383915737341	0.0128188485260936	0.0200598998603755	0.0208917760789461	0.0144880736474544	0.0067851177437294	0.00262468444953799	0.00248354676944856	0.00546460417633346	0.010613592506023	0.0155225227402543	0.0164594733878388	0.0122632904739654	0.00626818804475678	0.00216559708025981	0.000501579207049561
1.359565868897e-07	2.03934880334551e-07	3.05902320501826e-07	8.26717386226822e-09	7.58914869996827e-08	4.63006375037031e-07	1.87732211547421e-06	1.34042635528446e-05	9.34941387659083e-05	0.000580635439355256	0.00257713757674498	0.00783165550315887	0.0165084636014725	0.0263893770536901	0.0391433958145882	0.066056182708873	0.121396962742272	0.21472026002619	0.351441289186947	0.527787289920303	0.72018471145487	0.882197577744288	0.961860236759011	0.941674510345775	0.860850161043748	0.774478303375669	0.694493462523763	0.595853032725211	0.472793131538691	0.353713820593137	0.263385331999155	0.199459968990234	0.145627453421515	0.0946853964088623	0.055830447927081	0.0372339588372166	0.0307665326733116	0.0235355606666579	0.0134305709163868	0.0054136669568277	0.00154668194194414	0.000341291778501825	0.000229336642001715	0.000971628801211459	0.00344108559033872	0.00813190797989311	0.0127768737057161	0.0133460468852265	0.00927035421238589	0.00430939634740905	0.00148418958061951	0.00092891456883203	0.00193667107769099	0.00408458617953879	0.00641008705680427	0.00711481925969196	0.00544199162994078	0.0028209258170972	0.000981666532833373	0.000228195211335099
9.06377245931337e-08	1.359565868897e-07	2.03934880334551e-07	3.05902320501826e-07	3.05902320501826e-07	3.05902320501826e-07	3.05902320501826e-07	9.88270407961674e-06	9.99874092903919e-05	0.000672881881188162	0.00301271848421582	0.00901408537093079	0.0181695096646227	0.0257826775160089	0.030112282023857	0.0415463565575417	0.0788079535458738	0.157889203745929	0.283396132976775	0.441893214046269	0.601600325342971	0.720501991280289	0.764717681685018	0.729210122041309	0.646328935517614	0.566660274977834	0.513656617005539	0.46740553070284	0.403593560418014	0.326500584571538	0.258450047070888	0.209198279180787	0.164767368532694	0.112829813793589	0.064320369311843	0.0351513059157381	0.0234822822489653	0.017528331172805	0.0113541777469444	0.00576861886563696	0.00222969501207662	0.000646694012813279	0.000209706428160291	0.000444078545239335	0.00151903454906479	0.00359399067560737	0.00565310920389049	0.00590963953661794	0.00410639091456004	0.00190229045581899	0.000618968892369187	0.000275349433169312	0.000510451484417258	0.00114636491590074	0.00189307819021971	0.0021650452625828	0.00168306525100776	0.000879791523710737	0.000307464693827445	7.16240138067212e-05
6.04251497287558e-08	9.06377245931337e-08	1.359565868897e-07	2.03934880334551e-07	2.03934880334551e-07	2.03934880334551e-07	3.05902320501826e-07	8.06619385576979e-06	8.1609023195985e-05	0.000548993780704412	0.00245513579322964	0.00731372675334725	0.0145640068167805	0.0198711616727103	0.0207757617085165	0.0251087727920631	0.0497436752278872	0.111002536801011	0.212952596266359	0.34081691205703	0.465168101500668	0.552190592683544	0.580094502610065	0.548440342119394	0.478505805043332	0.411939051901444	0.380761782034183	0.373960312988823	0.355296238570044	0.309218067384305	0.257935524793388	0.223618989170122	0.191973674589301	0.141468796339188	0.0826822343221313	0.0411178171375699	0.0240649902727512	0.0204785504492347	0.0179426778625822	0.0122087726740533	0.00588139953068275	0.00195016634837956	0.00046198899344713	0.000196519472895961	0.00046699008963572	0.0010987914274558	0.00172832611221413	0.00180674222711324	0.00125531395297308	0.000580534434965933	0.000183799616003111	6.3801565264634e-05	9.9092826453116e-05	0.000231061537246733	0.000394759207434471	0.00045998057358965	0.000361080821927529	0.000189684236121287	6.64541404671987e-05	1.54995822125816e-05
4.02834331525039e-08	6.04251497287558e-08	9.06377245931337e-08	1.359565868897e-07	1.359565868897e-07	2.03934880334551e-07	3.05902320501826e-07	4.53512619211357e-06	4.58837495387215e-05	0.000309341246441123	0.00138666867047787	0.00414851173737158	0.00832671911504293	0.0115101599867772	0.0121833396695024	0.0150863337033924	0.0318936705056635	0.0753830946163401	0.148729661994368	0.23997105628725	0.32703449327462	0.38641460243847	0.407050737220654	0.393200618217831	0.356397263035561	0.320660190176517	0.311570341395121	0.324686574999799	0.326195267975355	0.296608495373535	0.259800601465645	0.24155770350354	0.222984894979538	0.174707900081427	0.107125459704049	0.0549843186146474	0.035152659135539	0.0364033951113799	0.0374031884168843	0.0280456832187666	0.0143665625280304	0.00497091792922833	0.00116352736825337	0.000209207437968321	0.00010801452534682	0.000231409634207419	0.000363992021984256	0.000380504862469041	0.000264354357967239	0.000122108589693934	3.79110940819554e-05	1.04367954702061e-05	1.24511395071805e-05	3.09522361144345e-05	5.57743514219906e-05	6.67936143855176e-05	5.31610167169963e-05	2.81196252698249e-05	9.88515984927975e-06	2.30948837930811e-06
2.68556221016693e-08	4.02834331525039e-08	6.04251497287556e-08	9.06377245931335e-08	1.359565868897e-07	2.03934880334551e-07	3.05902320501826e-07	1.75645874491419e-06	1.77708204166155e-05	0.000122329747189953	0.000561357174812926	0.00176188371359404	0.00388316675784284	0.00634680571092171	0.00845504444008994	0.0117182530258754	0.0220784272649419	0.048053998121258	0.0924312349340259	0.147607265988979	0.199736369045993	0.235405636794109	0.252824514593881	0.261125945363412	0.265383688449466	0.269092168872444	0.280944574646569	0.30018851884268	0.306288957824853	0.286306933680081	0.261910626832125	0.253773840577397	0.240853068681216	0.193716252324571	0.123040101685686	0.0675599116116196	0.0500943674565433	0.0590131769319265	0.0644361125463554	0.0501982250793479	0.0265701344932812	0.00948509896876916	0.00228124756556782	0.00037312183435268	4.07244826363765e-05	3.35718648490054e-05	5.28063190196249e-05	5.52019273568798e-05	3.835133661707e-05	1.77078031302389e-05	5.43383920122458e-06	1.10817104213868e-06	1.50198200408354e-07	3.05902320501826e-07	3.05902320501826e-07	3.05902320501826e-07	3.05902320501826e-07	3.05902320501826e-07	3.05902320501826e-07	3.05902320501826e-07
2.68556221016692e-08	4.02834331525038e-08	6.04251497287557e-08	9.06377245931335e-08	1.359565868897e-07	2.03934880334551e-07	3.05902320501826e-07	4.68613060289339e-07	4.74115236887578e-06	3.87565122739969e-05	0.000208796229910453	0.000848403578670866	0.00264756692943392	0.00628084600821838	0.0110388773157039	0.0149677669511075	0.0189724819031039	0.0287774902750343	0.0482856284483122	0.0743503849243945	0.0996803610773983	0.118362446655618	0.134136596721192	0.158380837370464	0.19291991123796	0.226471315071402	0.25236066848582	0.273830923451738	0.286043568796367	0.279422245445731	0.263094917332421	0.250189398829461	0.229161651398509	0.181865989745902	0.117832860887315	0.0694289634065748	0.058107768476636	0.0735730010572222	0.0832300210220524	0.0668627719796611	0.0365042703915558	0.0134402248644309	0.00333121298621365	0.000555217040073755	4.78377681696185e-05	2.04096814982096e-08	3.05902320501826e-07	3.05902320501826e-07	3.05902320501826e-07	3.05902320501826e-07	3.05902320501826e-07	3.05902320501826e-07	3.05902320501826e-07	2.03934880334551e-07	2.03934880334551e-07	2.03934880334551e-07	2.03934880334551e-07	2.03934880334551e-07	2.03934880334551e-07	2.03934880334551e-07
2.68556221016692e-08	4.02834331525038e-08	6.04251497287557e-08	9.06377245931335e-08	1.359565868897e-07	2.03934880334551e-07	3.05902320501826e-07	8.61229068226029e-08	8.71341109111084e-07	1.73348926271288e-05	0.000136878084108169	0.000787393545760766	0.00317691188453119	0.00878346383089005	0.0164541019981468	0.0211723250310839	0.0202126575623073	0.0183001212154667	0.0213089781406324	0.0293898319287315	0.0390252970108648	0.0481256803174624	0.0617093066560965	0.0902676451583509	0.134717998451142	0.17860667607824	0.209309738239297	0.235973673409853	0.264537276243252	0.27848743070574	0.265420811440647	0.234116450519769	0.194620511101937	0.147455760907245	0.0977821287237134	0.0623414802678411	0.0551902933861109	0.0702936675195853	0.0808579323431564	0.0667991619986926	0.0376268468261801	0.0142940410029608	0.00365370100903924	0.000627607970294807	6.20744286549848e-05	1.77069292515454e-07	3.05902320501826e-07	2.03934880334551e-07	2.03934880334551e-07	2.03934880334551e-07	2.03934880334551e-07	2.03934880334551e-07	2.03934880334551e-07	1.359565868897e-07	1.359565868897e-07	1.359565868897e-07	1.359565868897e-07	1.359565868897e-07	1.359565868897e-07	1.359565868897e-07
2.68556221016692e-08	4.02834331525038e-08	6.04251497287557e-08	9.06377245931335e-08	1.359565868897e-07	2.03934880334551e-07	3.05902320501826e-07	1.0903120906446e-08	1.10311388849936e-07	1.39336635713573e-05	0.000130562493264696	0.000825582059192457	0.00349486147715568	0.00987238420798056	0.0185893721924395	0.0234387583631183	0.0202396118504199	0.013232939970304	0.0091301615156919	0.0096718345579187	0.0131319338302557	0.0185227391560148	0.0292367177799273	0.0528969094674962	0.0907339056077252	0.128907946229318	0.157817667182496	0.19241847650023	0.242174616067973	0.278373931089962	0.267396390899853	0.216816107932106	0.159804846265608	0.114400784021707	0.0795726163467809	0.0550482638187895	0.0467946493045512	0.054517064748622	0.0619311368062095	0.0525543628362404	0.0307607950787886	0.0121957535585433	0.00326808123402068	0.000592244535071635	6.76525417289671e-05	1.05822528338153e-06	3.05902320501826e-07	3.05902320501826e-07	3.05902320501826e-07	2.03934880334551e-07	1.359565868897e-07	1.359565868897e-07	1.359565868897e-07	9.06377245931337e-08	9.06377245931335e-08	9.06377245931335e-08	9.06377245931335e-08	9.06377245931335e-08	9.06377245931335e-08	9.06377245931335e-08
1.79037480677795e-08	2.68556221016692e-08	4.02834331525038e-08	6.04251497287556e-08	9.06377245931337e-08	1.359565868897e-07	2.03934880334551e-07	3.05902320501826e-07	3.05902320501826e-07	1.04460972357972e-05	0.000100761880945165	0.000645946255525528	0.00275203796767693	0.00779368740157522	0.014673901972775	0.0183940153910182	0.0154515176008248	0.00901196470290705	0.00453999309219933	0.00413327293449969	0.0073502964928453	0.0131604841050738	0.0219384077383685	0.0378503414580824	0.0631395123488091	0.0894562782040303	0.112411249763577	0.14965654707677	0.211135501158181	0.262043729169393	0.256718434777003	0.199818469480513	0.136552382518902	0.0951944615300087	0.0706981645005376	0.0521323534176537	0.0406218706021365	0.0404818642169376	0.0443447535926411	0.0392868700752	0.0247144146821604	0.0107052544292583	0.00319092005177694	0.000661268898451109	9.63637620676204e-05	6.71202444077108e-06	5.25977964086866e-07	7.80568883172137e-08	7.6986191620547e-09	3.05902320501826e-07	2.03934880334551e-07	1.359565868897e-07	9.06377245931335e-08	6.04251497287556e-08	6.04251497287557e-08	6.04251497287557e-08	6.04251497287557e-08	6.04251497287557e-08	6.04251497287557e-08	6.04251497287557e-08
1.19358320451863e-08	1.79037480677795e-08	2.68556221016692e-08	4.02834331525039e-08	6.04251497287558e-08	9.06377245931337e-08	1.359565868897e-07	2.03934880334551e-07	3.05902320501826e-07	5.69806814661415e-06	5.49629255066714e-05	0.000352346498405324	0.00150116349943165	0.00425072557237784	0.00800012381838528	0.0100112305413345	0.00835573526353981	0.00478648214705438	0.00257788509441346	0.00373793899081435	0.00907593478373354	0.0173080174351363	0.0258041335960144	0.0359253031169759	0.0511733856884951	0.0672204247558258	0.0814967995699108	0.110701317744827	0.166983126916378	0.220832025535169	0.22562222501389	0.178798330365057	0.122538535764955	0.0873775766613084	0.0689383943626509	0.0537171131962766	0.0409394246485166	0.0372595648324637	0.0402204511312115	0.0380903029813104	0.026511959875021	0.0129479986166238	0.00444326721288062	0.00110551475526785	0.000214793836162839	3.20360574718875e-05	4.3883540496316e-06	6.51246412087171e-07	6.42313345484463e-08	3.05902320501826e-07	2.03934880334551e-07	1.359565868897e-07	9.06377245931335e-08	6.04251497287557e-08	4.02834331525038e-08	4.02834331525038e-08	4.02834331525038e-08	4.02834331525038e-08	4.02834331525038e-08	4.02834331525038e-08
1.19358320451863e-08	1.79037480677795e-08	2.68556221016692e-08	4.02834331525038e-08	6.04251497287557e-08	9.06377245931335e-08	1.359565868897e-07	2.03934880334551e-07	3.05902320501826e-07	2.14106114742087e-06	2.06524354084546e-05	0.000132394941365118	0.000564065357215725	0.00159714880601491	0.00300551743493686	0.00375883349377773	0.00314030452522852	0.00187570297658172	0.0015631012280841	0.00399033167016669	0.0107132899780305	0.0203801579831098	0.0288072250332889	0.0358993493670713	0.0457275456779198	0.055470272892251	0.0615885418954784	0.0778759396072241	0.119502652129768	0.168385684284496	0.184246732631836	0.156105268509687	0.113984559938989	0.0856276235547883	0.070950539839063	0.0587245986098301	0.0469558225255698	0.0426960146881982	0.0460135236245913	0.0453065947338929	0.0337340124771675	0.0180473686832002	0.00707105430867249	0.00218799495621051	0.000590652222285359	0.0001372797625509	2.52210768247758e-05	3.74289211976618e-06	3.69155133082354e-07	3.05902320501826e-07	2.03934880334551e-07	1.359565868897e-07	9.06377245931335e-08	6.04251497287557e-08	4.02834331525038e-08	2.68556221016692e-08	2.68556221016692e-08	2.68556221016692e-08	2.68556221016692e-08	2.68556221016692e-08
1.19358320451863e-08	1.79037480677795e-08	2.68556221016692e-08	4.02834331525038e-08	6.04251497287557e-08	9.06377245931335e-08	1.359565868897e-07	2.03934880334551e-07	3.05902320501826e-07	5.54189584436548e-07	5.34565050157548e-06	3.42689407189609e-05	0.000146001970231908	0.000413403995563113	0.000777944366647764	0.000972927161571871	0.000822244078145271	0.0005736498971796	0.000952893923087583	0.00329864933970678	0.00908528880728724	0.0172605883822116	0.0241650937720422	0.029483824585241	0.036557201446801	0.042864657756635	0.0443438260220678	0.0513389428456202	0.0792291038337044	0.120130073035969	0.143583196637474	0.133759441893442	0.107091620662968	0.0855849674843999	0.0736077894720309	0.0639945596403052	0.0540230228953427	0.0496641149003845	0.0520616492077263	0.0509340110687356	0.0392671824930974	0.0230103387108061	0.0108487782452977	0.0045034104529281	0.00165134188613549	0.000480927275006201	9.9895914233334e-05	1.48182573436227e-05	1.46149971377624e-06	3.05902320501826e-07	2.03934880334551e-07	1.359565868897e-07	9.06377245931335e-08	6.04251497287557e-08	4.02834331525038e-08	2.68556221016692e-08	1.79037480677795e-08	1.79037480677795e-08	1.79037480677795e-08	1.79037480677795e-08
1.19358320451863e-08	1.79037480677795e-08	2.68556221016692e-08	4.02834331525038e-08	6.04251497287557e-08	9.06377245931335e-08	1.359565868897e-07	2.03934880334551e-07	3.05902320501826e-07	9.88133230830067e-08	9.53142218719365e-07	6.11023376489096e-06	2.60324990949606e-05	7.37109172106081e-05	0.000138709333774879	0.000173475230593478	0.000152155543406231	0.000154155172267774	0.000492254816904444	0.00191947191308527	0.00533601889552721	0.0101759052069133	0.0143980172250603	0.0179685933854642	0.0227818185290312	0.0267633779311733	0.0268814151516081	0.0299638446000704	0.0479377977310423	0.0790972537589578	0.104130705794015	0.108114892391258	0.0967156419990018	0.0835259511464514	0.0739851779732692	0.0655520913159916	0.0572796378120264	0.0535296232481108	0.0543029177602353	0.0515407469438329	0.0408778054832618	0.0273312880844774	0.0165276567073186	0.00899714298488968	0.00394560131026108	0.00125539857369083	0.000272660975634648	4.04124157896984e-05	3.98580836734281e-06	3.05902320501826e-07	2.03934880334551e-07	1.359565868897e-07	9.06377245931335e-08	6.04251497287557e-08	4.02834331525038e-08	2.68556221016692e-08	1.79037480677795e-08	1.19358320451863e-08	1.19358320451863e-08	1.19358320451863e-08
1.19358320451863e-08	1.79037480677795e-08	2.68556221016692e-08	4.02834331525038e-08	6.04251497287557e-08	9.06377245931335e-08	1.359565868897e-07	2.03934880334551e-07	3.05902320501826e-07	1.21366969328471e-08	1.17069215785617e-07	7.50486402840995e-07	3.1974286671317e-06	9.05350650008835e-06	1.70369044705505e-05	2.1307008340365e-05	2.09312476466469e-05	3.99056958291309e-05	0.000190786460772793	0.000774007112667274	0.00216313855090633	0.00415698735873278	0.00602073650024512	0.00788035357437819	0.0104703537146809	0.0125483187829028	0.0126192819383814	0.0144225539829755	0.0250781098251265	0.0456078146585442	0.0667792360890881	0.0788907068544331	0.0814803059989114	0.078502381037209	0.0717165766513077	0.0623111006461221	0.0543808055491644	0.0522250041192889	0.0532411406162638	0.0502957973208427	0.0419652905080829	0.0326696664909404	0.0241544034455153	0.0151881113078647	0.00713281585989911	0.00233186233508453	0.000513432146025702	7.59207254776251e-05	7.48793302628032e-06	3.05902320501826e-07	2.03934880334551e-07	1.359565868897e-07	9.06377245931335e-08	6.04251497287557e-08	4.02834331525038e-08	2.68556221016692e-08	1.79037480677795e-08	1.19358320451863e-08	7.95722136345753e-09	7.95722136345754e-09
7.95722136345753e-09	1.19358320451863e-08	1.79037480677795e-08	2.68556221016692e-08	4.02834331525038e-08	6.04251497287556e-08	9.06377245931337e-08	1.359565868897e-07	2.03934880334551e-07	3.05902320501826e-07	3.05902320501826e-07	3.05902320501826e-07	3.05902320501826e-07	3.05902320501826e-07	3.05902320501826e-07	3.05902320501826e-07	8.97194707025993e-07	8.38929229408645e-06	5.21340982967782e-05	0.000215316010321342	0.000605094967581818	0.00117658739722408	0.00176445294366318	0.00246530286307336	0.0034723840690428	0.00427853431096877	0.00440271683165916	0.00548576193297679	0.0108791977145822	0.0221971654673851	0.0370243927072264	0.0518880355006391	0.064784583653638	0.0717754625317055	0.0680640888447855	0.056111077066308	0.0460832399397714	0.0448214461783457	0.0482857317641308	0.0484126288541794	0.0437861484745742	0.0377514019356002	0.0301699732634294	0.0196218525114754	0.00929475718620447	0.00303861186272504	0.000668846730042933	9.82502678722883e-05	9.69025810822387e-06	3.05902320501826e-07	2.03934880334551e-07	1.359565868897e-07	9.06377245931335e-08	6.04251497287557e-08	4.02834331525038e-08	2.68556221016692e-08	1.79037480677795e-08	1.19358320451863e-08	7.95722136345754e-09	5.30481424230502e-09
5.30481424230504e-09	7.95722136345756e-09	1.19358320451863e-08	1.79037480677795e-08	2.68556221016692e-08	4.02834331525039e-08	6.04251497287558e-08	9.06377245931337e-08	1.359565868897e-07	2.03934880334551e-07	2.03934880334551e-07	2.03934880334551e-07	2.03934880334551e-07	2.03934880334551e-07	2.03934880334551e-07	3.05902320501826e-07	1.72124253863302e-07	1.6094618762825e-06	1.00017785436055e-05	4.13534505548874e-05	0.000117228759797112	0.000233244442022323	0.000371617339779556	0.000570492878133636	0.000858716561358205	0.00108540457978182	0.0011539578155348	0.00164691687249157	0.00385796840135973	0.00906474270707094	0.0180726535716716	0.0317728716037539	0.0490888831859296	0.0621806887950128	0.0611330193379037	0.0475781356987218	0.0350050554353037	0.0330785935894973	0.0388150179062597	0.0436521421551116	0.0435003661077705	0.0390423295839964	0.0305900615998348	0.019107202117576	0.00874868505995114	0.00279609607608898	0.000607410105611307	8.75860606784286e-05	8.63846535013792e-06	3.05902320501826e-07	2.03934880334551e-07	1.359565868897e-07	9.06377245931335e-08	6.04251497287557e-08	4.02834331525038e-08	2.68556221016692e-08	1.79037480677795e-08	1.19358320451863e-08	7.95722136345754e-09	5.30481424230502e-09
3.53654282820336e-09	5.30481424230504e-09	7.95722136345756e-09	1.19358320451863e-08	1.79037480677795e-08	2.68556221016693e-08	4.02834331525039e-08	6.04251497287558e-08	9.06377245931337e-08	1.359565868897e-07	1.359565868897e-07	1.359565868897e-07	1.359565868897e-07	1.359565868897e-07	2.03934880334551e-07	3.05902320501826e-07	2.27470611650575e-08	2.12698250949001e-07	1.3217839042686e-06	5.78697683428251e-06	1.84257584328061e-05	4.80250787656167e-05	0.000116243321674012	0.000249832491822696	0.00041545405203492	0.00049494559261409	0.000446094831801619	0.000503629719239938	0.00116532104815757	0.00321580090522889	0.0081629476908152	0.0183909708577894	0.0339167435352037	0.0472609257747751	0.0480553543659294	0.0365292955050852	0.0244894695793296	0.021615969239804	0.0275604507871838	0.0357222065009432	0.0395294866200645	0.0359363422135147	0.0262175959145311	0.0148212665810994	0.00622916476249098	0.00187536069105053	0.00039247831809946	5.37853626444956e-05	5.30475954678378e-06	3.05902320501826e-07	2.03934880334551e-07	1.359565868897e-07	9.06377245931335e-08	6.04251497287557e-08	4.02834331525038e-08	2.68556221016692e-08	1.79037480677795e-08	1.19358320451863e-08	7.95722136345754e-09	5.30481424230502e-09
2.35769521880224e-09	3.53654282820336e-09	5.30481424230504e-09	7.95722136345758e-09	1.19358320451864e-08	1.79037480677795e-08	2.68556221016693e-08	4.02834331525039e-08	6.04251497287556e-08	9.06377245931335e-08	9.06377245931335e-08	9.06377245931335e-08	9.06377245931335e-08	9.06377245931337e-08	1.359565868897e-07	2.03934880334551e-07	3.05902320501826e-07	3.05902320501826e-07	3.05902320501826e-07	1.62169574038434e-06	1.42649904222674e-05	8.30697771218086e-05	0.000321556465602916	0.000827429299938811	0.00141546700714903	0.00161113469571094	0.00122780120939732	0.000674842754194901	0.000481311491595192	0.0010909030156585	0.00351152648332617	0.00967449641713935	0.0201887883106023	0.0305979138086059	0.0336595752724528	0.0278433845361636	0.0193389341764022	0.0153624063148876	0.0187225037931977	0.0266535269050339	0.0321732501759493	0.0295102670510153	0.0200029483960314	0.00998159703802686	0.00366587764526096	0.000983884873627729	0.000189437093259919	2.27520778752259e-05	2.24399904329964e-06	3.05902320501826e-07	2.03934880334551e-07	1.359565868897e-07	9.06377245931335e-08	6.04251497287557e-08	4.02834331525038e-08	2.68556221016692e-08	1.79037480677795e-08	1.19358320451863e-08	7.95722136345754e-09	5.30481424230502e-09
1.57179681253483e-09	2.35769521880224e-09	3.53654282820338e-09	5.30481424230506e-09	7.95722136345758e-09	1.19358320451864e-08	1.79037480677795e-08	2.68556221016692e-08	4.02834331525038e-08	6.04251497287557e-08	6.04251497287557e-08	6.04251497287557e-08	6.04251497287557e-08	6.04251497287558e-08	9.06377245931337e-08	1.359565868897e-07	2.03934880334551e-07	2.03934880334551e-07	3.05902320501826e-07	5.52400128880351e-06	4.83552509175334e-05	0.000281314053328145	0.00108766995633909	0.00279486447848988	0.00477289953079303	0.00541719532970716	0.00408730053153785	0.00205871959385403	0.000744337078421436	0.000479658112733611	0.00144025751907109	0.00465610990731225	0.0113065532896089	0.0204201831707682	0.0278731724199887	0.0291497979776781	0.0237276555055344	0.016639822524187	0.0142995597327934	0.0179805715745754	0.0220716307481992	0.0203042015180686	0.0131493865301061	0.00596891201797776	0.00191982145646639	0.000444325441804325	7.45884681233038e-05	6.62988334335744e-06	6.53894205235733e-07	3.05902320501826e-07	2.03934880334551e-07	1.359565868897e-07	9.06377245931335e-08	6.04251497287557e-08	4.02834331525038e-08	2.68556221016692e-08	1.79037480677795e-08	1.19358320451863e-08	7.95722136345754e-09	5.30481424230502e-09
1.04786454168989e-09	1.57179681253484e-09	2.35769521880225e-09	3.53654282820338e-09	5.30481424230506e-09	7.95722136345758e-09	1.19358320451863e-08	1.79037480677795e-08	2.68556221016692e-08	4.02834331525038e-08	4.02834331525038e-08	4.02834331525038e-08	4.02834331525038e-08	4.02834331525039e-08	6.04251497287558e-08	9.06377245931337e-08	1.359565868897e-07	2.03934880334551e-07	3.05902320501826e-07	1.29618211116401e-05	0.000113463426134953	0.000660090800996102	0.00255216873883576	0.00655802406760659	0.0111993945452845	0.0127108503309178	0.00958777629909226	0.00480804416000714	0.00161516173443844	0.000467017932509543	0.000685146877735216	0.00264759522247704	0.00823109017125371	0.018971643813731	0.0320323998509646	0.0392414607043508	0.0347331449301274	0.0228718438651359	0.0135311370213224	0.011135326359263	0.0119865826045408	0.0107648139866656	0.00680194723265155	0.0029403234197529	0.00087055897577625	0.000179046151844108	2.60309374563506e-05	1.33081768950769e-06	1.31256302762274e-07	3.05902320501826e-07	2.03934880334551e-07	1.359565868897e-07	9.06377245931335e-08	6.04251497287557e-08	4.02834331525038e-08	2.68556221016692e-08	1.79037480677795e-08	1.19358320451863e-08	7.95722136345754e-09	5.30481424230502e-09
6.98576361126595e-10	1.04786454168989e-09	1.57179681253484e-09	2.35769521880225e-09	3.53654282820338e-09	5.30481424230504e-09	7.95722136345756e-09	1.19358320451863e-08	1.79037480677795e-08	2.68556221016692e-08	2.68556221016692e-08	2.68556221016692e-08	2.68556221016692e-08	4.02834331525038e-08	6.04251497287557e-08	9.06377245931335e-08	1.359565868897e-07	2.03934880334551e-07	3.05902320501826e-07	2.09510663599864e-05	0.000183398594218371	0.00106694931647116	0.00412524259891322	0.010600176954103	0.0181023373404845	0.0205453767493992	0.0154971373575249	0.00776888210088642	0.00259056402283528	0.00062500784043298	0.000482243443706327	0.00208219248736434	0.00762259956818561	0.0196967355812271	0.0358306418432853	0.0461195233951957	0.0423175959899506	0.0281242054606464	0.0144666719381156	0.00745302795387413	0.00536884113384379	0.00424249884611881	0.00258653980119541	0.00109173638333115	0.000310914485015058	6.00542083993344e-05	7.94479931347875e-06	1.84017488897051e-07	1.81493343728846e-08	3.05902320501826e-07	2.03934880334551e-07	1.359565868897e-07	9.06377245931335e-08	6.04251497287557e-08	4.02834331525038e-08	2.68556221016692e-08	1.79037480677795e-08	1.19358320451863e-08	7.95722136345754e-09	5.30481424230502e-09
4.65717574084397e-10	6.98576361126595e-10	1.04786454168989e-09	1.57179681253484e-09	2.35769521880224e-09	3.53654282820336e-09	5.30481424230504e-09	7.95722136345756e-09	1.19358320451863e-08	1.79037480677795e-08	1.79037480677795e-08	1.79037480677795e-08	2.68556221016692e-08	4.02834331525038e-08	6.04251497287556e-08	9.06377245931337e-08	1.359565868897e-07	2.03934880334551e-07	3.05902320501826e-07	2.33278169268975e-05	0.000204203869963748	0.00118798718391028	0.00459322224811802	0.0118026921937635	0.0201559197117659	0.0228761046941017	0.0172551781830908	0.00865000636423036	0.00288219879558856	0.00067125645806044	0.00038004449412612	0.00161419592062201	0.00617391565876575	0.0164728926448811	0.0309145857892816	0.0415522248723634	0.0407607149141419	0.029629692327243	0.0161955186223335	0.00700672951068082	0.00288854294047734	0.0014224176926126	0.000723332274904689	0.000289755595532466	7.96024130201022e-05	1.4744021277832e-05	1.81483461495323e-06	3.05902320501826e-07	3.05902320501826e-07	2.03934880334551e-07	1.359565868897e-07	9.06377245931337e-08	6.04251497287556e-08	4.02834331525038e-08	2.68556221016692e-08	1.79037480677795e-08	1.19358320451863e-08	7.95722136345753e-09	5.30481424230502e-09	3.53654282820335e-09
3.10478382722931e-10	4.65717574084397e-10	6.98576361126595e-10	1.04786454168989e-09	1.57179681253483e-09	2.35769521880224e-09	3.53654282820336e-09	5.30481424230504e-09	7.95722136345756e-09	1.19358320451863e-08	1.79037480677795e-08	2.68556221016692e-08	4.02834331525038e-08	6.04251497287557e-08	9.06377245931335e-08	1.359565868897e-07	2.03934880334551e-07	3.05902320501826e-07	1.11521480068182e-07	1.87098911221051e-05	0.000160606591799302	0.00092407909412875	0.00355074402813843	0.00909234021758996	0.0154973032267315	0.0175697999844612	0.0132447297757785	0.00663732786967879	0.00221091954760649	0.000507994371005373	0.000235510991403913	0.000948247364875426	0.00369814223711795	0.0102076829469757	0.0203675892698749	0.0303092277723625	0.0342894899644315	0.02933238573393	0.018506271187477	0.00841196278580158	0.0027832939932838	0.000743979736060268	0.000202012439779332	6.05439783310985e-05	1.48316172727877e-05	2.74803846683615e-06	3.38388053621053e-07	3.05902320501826e-07	2.03934880334551e-07	1.359565868897e-07	9.06377245931337e-08	6.04251497287558e-08	4.02834331525039e-08	2.68556221016692e-08	1.79037480677795e-08	1.19358320451863e-08	7.95722136345756e-09	5.30481424230504e-09	3.53654282820335e-09	2.35769521880224e-09
3.10478382722928e-10	4.65717574084392e-10	6.98576361126588e-10	1.04786454168988e-09	1.57179681253482e-09	2.35769521880223e-09	3.53654282820335e-09	5.30481424230502e-09	7.95722136345754e-09	1.19358320451863e-08	1.79037480677795e-08	2.68556221016692e-08	4.02834331525038e-08	6.04251497287557e-08	9.06377245931335e-08	1.359565868897e-07	2.03934880334551e-07	3.05902320501826e-07	8.14491979429828e-07	1.54236318687647e-05	0.000111835724415703	0.00057558374703442	0.0020639775717064	0.0050726991318147	0.00844343468918432	0.00944435525560019	0.00706559589867552	0.00352573557135679	0.00117162630681747	0.000266559339256512	0.000104353359241018	0.000401402406279701	0.0016353614891949	0.00492075257148017	0.0112894275610436	0.0201294288988703	0.0273741927953532	0.0272468682589921	0.0191028966298254	0.00920273839307489	0.00301431926370639	0.00067646059202238	0.000110176670277194	1.60031436791229e-05	1.90499717171553e-06	3.52962553631509e-07	4.34631148602493e-08	3.05902320501826e-07	2.03934880334551e-07	1.359565868897e-07	9.06377245931335e-08	6.04251497287557e-08	4.02834331525038e-08	2.68556221016692e-08	1.79037480677795e-08	1.19358320451863e-08	7.95722136345754e-09	5.30481424230502e-09	3.53654282820335e-09	2.35769521880223e-09
3.10478382722928e-10	4.65717574084392e-10	6.98576361126588e-10	1.04786454168988e-09	1.57179681253482e-09	2.35769521880223e-09	3.53654282820335e-09	5.30481424230502e-09	7.95722136345754e-09	1.19358320451863e-08	1.79037480677795e-08	2.68556221016692e-08	4.02834331525038e-08	6.04251497287557e-08	9.06377245931335e-08	1.359565868897e-07	2.03934880334551e-07	3.05902320501826e-07	4.09772638708139e-06	3.34764400675781e-05	0.000176434682435626	0.000648919687588778	0.0016967577515178	0.00319872848308736	0.00436019400022703	0.0042563185209126	0.00292865744528242	0.00140241041113702	0.000467662573403097	0.000113932722003717	3.9153429398317e-05	0.000128621747919681	0.000577566045383006	0.00206702114016706	0.00582485620472488	0.0124898054837148	0.019381794399443	0.020934189458979	0.0153828258089649	0.00760060605375821	0.00251071600876766	0.000552559107613698	8.07567862130406e-05	7.88755890555799e-06	3.05902320501826e-07	3.05902320501826e-07	3.05902320501826e-07	2.03934880334551e-07	1.359565868897e-07	9.06377245931337e-08	6.04251497287556e-08	4.02834331525038e-08	2.68556221016692e-08	1.79037480677795e-08	1.19358320451863e-08	7.95722136345753e-09	5.30481424230502e-09	3.53654282820335e-09	2.35769521880224e-09	1.57179681253482e-09
3.10478382722928e-10	4.65717574084392e-10	6.98576361126588e-10	1.04786454168988e-09	1.57179681253482e-09	2.35769521880223e-09	3.53654282820335e-09	5.30481424230502e-09	7.95722136345754e-09	1.19358320451863e-08	1.79037480677795e-08	2.68556221016692e-08	4.02834331525038e-08	6.04251497287557e-08	9.06377245931335e-08	1.359565868897e-07	2.03934880334551e-07	3.05902320501826e-07	1.42012625816608e-05	0.000104955870715125	0.00051463063257246	0.00168560601024467	0.00370261091035412	0.00549104407785906	0.00556328875276983	0.00393657476658837	0.00204083003829771	0.000866302266383218	0.000359541546705041	0.000153739304616331	5.96212801581642e-05	4.78001141524155e-05	0.000185258257898761	0.000810899738822053	0.00271391717701817	0.00649316594645896	0.010708683937762	0.0119427909505107	0.00892424805056756	0.0044492445391365	0.00147704695266599	0.000326134924321813	4.78495908450841e-05	4.6734953691917e-06	3.05902320501826e-07	2.03934880334551e-07	2.03934880334551e-07	1.359565868897e-07	9.06377245931337e-08	6.04251497287558e-08	4.02834331525039e-08	2.68556221016692e-08	1.79037480677795e-08	1.19358320451863e-08	7.95722136345756e-09	5.30481424230504e-09	3.53654282820335e-09	2.35769521880224e-09	1.57179681253482e-09	1.04786454168988e-09
3.10478382722928e-10	4.65717574084392e-10	6.98576361126588e-10	1.04786454168988e-09	1.57179681253482e-09	2.35769521880223e-09	3.53654282820335e-09	5.30481424230502e-09	7.95722136345754e-09	1.19358320451863e-08	1.79037480677795e-08	2.68556221016692e-08	4.02834331525038e-08	6.04251497287557e-08	9.06377245931335e-08	1.359565868897e-07	2.03934880334551e-07	3.05902320501826e-07	3.3903053560743e-05	0.000248653555937692	0.00121186847401771	0.00392680374899201	0.00846461988105808	0.0121531608083388	0.0116849234367241	0.00770494198903511	0.00385852796628133	0.00194751569803197	0.00119703042447304	0.000687286419964941	0.000287761230179043	8.99756265554657e-05	6.89532729392793e-05	0.000278169014496835	0.00101113438231276	0.00253246794267825	0.0042711566854706	0.00481584207518261	0.00361848201849312	0.00180919901480743	0.000601548576604545	0.000132958984662153	1.95301368516152e-05	1.90751900953989e-06	3.05902320501826e-07	2.03934880334551e-07	1.359565868897e-07	9.06377245931337e-08	6.04251497287558e-08	4.02834331525039e-08	2.68556221016693e-08	1.79037480677795e-08	1.19358320451863e-08	7.95722136345756e-09	5.30481424230504e-09	3.53654282820336e-09	2.35769521880224e-09	1.57179681253482e-09	1.04786454168988e-09	6.9857636112659e-10
3.10478382722928e-10	4.65717574084392e-10	6.98576361126588e-10	1.04786454168988e-09	1.57179681253482e-09	2.35769521880223e-09	3.53654282820335e-09	5.30481424230502e-09	7.95722136345754e-09	1.19358320451863e-08	1.79037480677795e-08	2.68556221016692e-08	4.02834331525038e-08	6.04251497287557e-08	9.06377245931335e-08	1.359565868897e-07	2.03934880334551e-07	3.05902320501826e-07	5.5754320951639e-05	0.000408688989972518	0.00199095496925816	0.00644614120922855	0.0138808924843281	0.0199117905054705	0.0192234300550724	0.013126556756866	0.00767932020663389	0.0053282729597603	0.00410119366598826	0.00252806175301651	0.00107792089536826	0.000310759201229683	7.11114316655432e-05	7.77715444316368e-05	0.000271416667249929	0.000696525088966331	0.00118794116660904	0.00134651444819519	0.00101434342909403	0.000507828347236548	0.00016896889987061	3.73641003942098e-05	5.49111072805986e-06	5.36319749157126e-07	3.05902320501826e-07	2.03934880334551e-07	1.359565868897e-07	9.06377245931335e-08	6.04251497287557e-08	4.02834331525038e-08	2.68556221016692e-08	1.79037480677795e-08	1.19358320451863e-08	7.95722136345754e-09	5.30481424230502e-09	3.53654282820335e-09	2.35769521880223e-09	1.57179681253482e-09	1.04786454168988e-09	6.98576361126588e-10
3.10478382722928e-10	4.65717574084392e-10	6.98576361126588e-10	1.04786454168988e-09	1.57179681253482e-09	2.35769521880223e-09	3.53654282820335e-09	5.30481424230502e-09	7.95722136345754e-09	1.19358320451863e-08	1.79037480677795e-08	2.68556221016692e-08	4.02834331525038e-08	6.04251497287557e-08	9.06377245931335e-08	1.359565868897e-07	2.03934880334551e-07	3.05902320501826e-07	6.31605790189255e-05	0.000462958087075299	0.00225525245463648	0.00730140721500744	0.0157347976540755	0.022651919348253	0.02228722375756	0.0166078228620621	0.0125746969393588	0.0117519674702905	0.0102397154519271	0.00649993749410937	0.00279159310853398	0.000801521468287892	0.000155186133902644	3.29903991828524e-05	5.25677374607202e-05	0.000134902356522825	0.000230079383104289	0.000260791714514024	0.000196457128502434	9.83557402834822e-05	3.27257454651665e-05	7.23664556005386e-06	1.0635134166414e-06	1.03873929535543e-07	3.05902320501826e-07	2.03934880334551e-07	1.359565868897e-07	9.06377245931335e-08	6.04251497287557e-08	4.02834331525038e-08	2.68556221016692e-08	1.79037480677795e-08	1.19358320451863e-08	7.95722136345754e-09	5.30481424230502e-09	3.53654282820335e-09	2.35769521880223e-09	1.57179681253482e-09	1.04786454168988e-09	6.98576361126588e-10
3.10478382722928e-10	4.65717574084392e-10	6.98576361126588e-10	1.04786454168988e-09	1.57179681253482e-09	2.35769521880223e-09	3.53654282820335e-09	5.30481424230502e-09	7.95722136345754e-09	1.19358320451863e-08	1.79037480677795e-08	2.68556221016692e-08	4.02834331525038e-08	6.04251497287557e-08	9.06377245931335e-08	1.359565868897e-07	2.03934880334551e-07	3.05902320501826e-07	4.92880381039165e-05	0.000361274329506168	0.00175991054301081	0.00569773175951514	0.0123037200247178	0.0178644602531471	0.0183332865321978	0.0160952373784836	0.016753219235578	0.0193818576779894	0.0179749317712405	0.0115604005146239	0.00498051148110732	0.00142956070941776	0.000273001504904253	3.63864353686462e-05	7.01342107127596e-06	1.79982452261509e-05	3.06964627255557e-05	3.47940047287281e-05	2.62106879846387e-05	1.31223114158292e-05	4.36616533078135e-06	9.65490335096914e-07	1.41890592332054e-07	1.38585307519688e-08	3.05902320501826e-07	2.03934880334551e-07	1.359565868897e-07	9.06377245931335e-08	6.04251497287557e-08	4.02834331525038e-08	2.68556221016692e-08	1.79037480677795e-08	1.19358320451863e-08	7.95722136345754e-09	5.30481424230502e-09	3.53654282820335e-09	2.35769521880223e-09	1.57179681253482e-09	1.04786454168988e-09	6.98576361126588e-10
3.10478382722928e-10	4.65717574084392e-10	6.98576361126588e-10	1.04786454168988e-09	1.57179681253482e-09	2.35769521880223e-09	3.53654282820335e-09	5.30481424230502e-09	7.95722136345754e-09	1.19358320451863e-08	1.79037480677795e-08	2.68556221016692e-08	4.02834331525038e-08	6.04251497287557e-08	9.06377245931335e-08	1.359565868897e-07	2.03934880334551e-07	3.05902320501826e-07	2.64950545037097e-05	0.000194204992109363	0.000946049539655332	0.00306284687569814	0.00664453543034921	0.00983393232738743	0.0110119014574405	0.0125051552941955	0.0175355164817664	0.0229681814694949	0.0219331157659409	0.0141881963451859	0.00612101763191699	0.00175687727341858	0.000335132955472599	4.24864813597896e-05	3.05902320501826e-07	3.05902320501826e-07	3.05902320501826e-07	3.05902320501826e-07	3.05902320501826e-07	3.05902320501826e-07	3.05902320501826e-07	3.05902320501826e-07	3.05902320501826e-07	3.05902320501826e-07	2.03934880334551e-07	1.359565868897e-07	9.06377245931337e-08	6.04251497287556e-08	4.02834331525038e-08	2.68556221016692e-08	1.79037480677795e-08	1.19358320451863e-08	7.95722136345753e-09	5.30481424230502e-09	3.53654282820335e-09	2.35769521880224e-09	1.57179681253482e-09	1.04786454168988e-09	6.98576361126587e-10	4.65717574084392e-10
3.10478382722928e-10	4.65717574084392e-10	6.98576361126588e-10	1.04786454168988e-09	1.57179681253482e-09	2.35769521880223e-09	3.53654282820335e-09	5.30481424230502e-09	7.95722136345754e-09	1.19358320451863e-08	1.79037480677795e-08	2.68556221016692e-08	4.02834331525038e-08	6.04251497287557e-08	9.06377245931335e-08	1.359565868897e-07	2.03934880334551e-07	3.05902320501826e-07	9.81106063692164e-06	7.19136831105999e-05	0.000350320071913447	0.00113416548793561	0.00248636573015468	0.00383687346695814	0.00505697997398479	0.00789263727361336	0.0137146222985232	0.0191293359647635	0.0185100513576933	0.0120044995781484	0.00518204490852762	0.00148736982591821	0.000283723088221639	3.59689952964241e-05	3.05902320501826e-07	2.03934880334551e-07	2.03934880334551e-07	2.03934880334551e-07	2.03934880334551e-07	2.03934880334551e-07	2.03934880334551e-07	2.03934880334551e-07	2.03934880334551e-07	2.03934880334551e-07	1.359565868897e-07	9.06377245931337e-08	6.04251497287558e-08	4.02834331525039e-08	2.68556221016692e-08	1.79037480677795e-08	1.19358320451863e-08	7.95722136345756e-09	5.30481424230504e-09	3.53654282820335e-09	2.35769521880224e-09	1.57179681253482e-09	1.04786454168988e-09	6.9857636112659e-10	4.65717574084392e-10	3.10478382722928e-10
3.10478382722928e-10	4.65717574084392e-10	6.98576361126588e-10	1.04786454168988e-09	1.57179681253482e-09	2.35769521880223e-09	3.53654282820335e-09	5.30481424230502e-09	7.95722136345754e-09	1.19358320451863e-08	1.79037480677795e-08	2.68556221016692e-08	4.02834331525038e-08	6.04251497287557e-08	9.06377245931335e-08	1.359565868897e-07	2.03934880334551e-07	3.05902320501826e-07	2.50262027896081e-06	1.83438517350575e-05	8.93601771044283e-05	0.000289304658777007	0.000649335555176008	0.00109266371670246	0.00186105221840667	0.00391561455613753	0.00770966746017361	0.0110754407640547	0.0107798401514478	0.00699899033941934	0.00302208427493819	0.000867409881864981	0.000165462688665726	2.09765328146364e-05	3.05902320501826e-07	2.03934880334551e-07	1.359565868897e-07	1.359565868897e-07	1.359565868897e-07	1.359565868897e-07	1.359565868897e-07	1.359565868897e-07	1.359565868897e-07	1.359565868897e-07	9.06377245931337e-08	6.04251497287558e-08	4.02834331525039e-08	2.68556221016693e-08	1.79037480677795e-08	1.19358320451863e-08	7.95722136345756e-09	5.30481424230504e-09	3.53654282820336e-09	2.35769521880224e-09	1.57179681253482e-09	1.04786454168988e-09	6.9857636112659e-10	4.65717574084393e-10	3.10478382722929e-10	2.06985588481952e-10
3.10478382722928e-10	4.65717574084392e-10	6.98576361126588e-10	1.04786454168988e-09	1.57179681253482e-09	2.35769521880223e-09	3.53654282820335e-09	5.30481424230502e-09	7.95722136345754e-09	1.19358320451863e-08	1.79037480677795e-08	2.68556221016692e-08	4.02834331525038e-08	6.04251497287557e-08	9.06377245931335e-08	1.359565868897e-07	2.03934880334551e-07	3.05902320501826e-07	4.39745917010831e-07	3.22327520901139e-06	1.57018519171251e-05	5.08349363021335e-05	0.000120167442547828	0.00023777283078212	0.000556444814754808	0.00145225781290978	0.00304650798651574	0.00443518557679499	0.00432795335515832	0.00281137480647058	0.00121405909474142	0.000348463762139226	6.64711714629801e-05	8.42688294662858e-06	3.05902320501826e-07	2.03934880334551e-07	1.359565868897e-07	9.06377245931335e-08	9.06377245931335e-08	9.06377245931335e-08	9.06377245931335e-08	9.06377245931335e-08	9.06377245931335e-08	9.06377245931335e-08	6.04251497287556e-08	4.02834331525039e-08	2.68556221016693e-08	1.79037480677795e-08	1.19358320451864e-08	7.95722136345758e-09	5.30481424230504e-09	3.53654282820336e-09	2.35769521880224e-09	1.57179681253483e-09	1.04786454168989e-09	6.9857636112659e-10	4.65717574084393e-10	3.10478382722929e-10	2.06985588481953e-10	1.37990392321302e-10
3.10478382722928e-10	4.65717574084392e-10	6.98576361126588e-10	1.04786454168988e-09	1.57179681253482e-09	2.35769521880223e-09	3.53654282820335e-09	5.30481424230502e-09	7.95722136345754e-09	1.19358320451863e-08	1.79037480677795e-08	2.68556221016692e-08	4.02834331525038e-08	6.04251497287557e-08	9.06377245931335e-08	1.359565868897e-07	2.03934880334551e-07	3.05902320501826e-07	5.32275564335357e-08	3.90150440178492e-07	1.90057753056798e-06	6.15314284032422e-06	1.62250219008567e-05	4.14482255862141e-05	0.00013084427474602	0.000387271022652717	0.000836934065698586	0.00122565102839336	0.00119737061788174	0.000777961370897999	0.000335970340257425	9.64314581064392e-05	1.83947735249936e-05	2.33199746466321e-06	3.05902320501826e-07	2.03934880334551e-07	1.359565868897e-07	9.06377245931335e-08	6.04251497287556e-08	6.04251497287557e-08	6.04251497287557e-08	6.04251497287557e-08	6.04251497287557e-08	6.04251497287557e-08	4.02834331525038e-08	2.68556221016692e-08	1.79037480677795e-08	1.19358320451864e-08	7.95722136345758e-09	5.30481424230506e-09	3.53654282820338e-09	2.35769521880224e-09	1.57179681253483e-09	1.04786454168989e-09	6.98576361126592e-10	4.65717574084395e-10	3.10478382722929e-10	2.06985588481953e-10	1.37990392321302e-10	9.19935948808681e-11
2.06985588481952e-10	3.10478382722928e-10	4.65717574084392e-10	6.98576361126587e-10	1.04786454168988e-09	1.57179681253482e-09	2.35769521880224e-09	3.53654282820335e-09	5.30481424230502e-09	7.95722136345753e-09	1.19358320451863e-08	1.79037480677795e-08	2.68556221016692e-08	4.02834331525038e-08	6.04251497287556e-08	9.06377245931337e-08	1.359565868897e-07	2.03934880334551e-07	3.05902320501826e-07	3.05902320501826e-07	3.05902320501826e-07	3.05902320501826e-07	5.69157640913089e-07	4.29226994976366e-06	2.15129219811701e-05	7.16588268211073e-05	0.000158634594360995	0.000233390958848737	0.000228206532030437	0.000148296202970654	6.40456899562673e-05	1.83826324168485e-05	3.50657728028853e-06	4.44546344436786e-07	3.05902320501826e-07	2.03934880334551e-07	1.359565868897e-07	9.06377245931335e-08	6.04251497287557e-08	4.02834331525038e-08	4.02834331525038e-08	4.02834331525038e-08	4.02834331525038e-08	4.02834331525038e-08	2.68556221016692e-08	1.79037480677795e-08	1.19358320451863e-08	7.95722136345758e-09	5.30481424230506e-09	3.53654282820338e-09	2.35769521880225e-09	1.57179681253484e-09	1.04786454168989e-09	6.98576361126592e-10	4.65717574084395e-10	3.1047838272293e-10	2.06985588481954e-10	1.37990392321302e-10	9.19935948808681e-11	6.13290632539121e-11
1.37990392321302e-10	2.06985588481952e-10	3.10478382722928e-10	4.65717574084392e-10	6.9857636112659e-10	1.04786454168988e-09	1.57179681253482e-09	2.35769521880224e-09	3.53654282820335e-09	5.30481424230504e-09	7.95722136345756e-09	1.19358320451863e-08	1.79037480677795e-08	2.68556221016692e-08	4.02834331525039e-08	6.04251497287558e-08	9.06377245931337e-08	1.359565868897e-07	2.03934880334551e-07	2.03934880334551e-07	2.03934880334551e-07	3.05902320501826e-07	7.4739363835539e-08	5.63642657842704e-07	2.82498553570638e-06	9.40993275820477e-06	2.08312211109541e-05	3.06479093583578e-05	2.99671124500881e-05	1.94736274672013e-05	8.41020796287707e-06	2.41392920642106e-06	4.60468833816358e-07	5.83759376845357e-08	3.05902320501826e-07	2.03934880334551e-07	1.359565868897e-07	9.06377245931335e-08	6.04251497287557e-08	4.02834331525038e-08	2.68556221016692e-08	2.68556221016692e-08	2.68556221016692e-08	2.68556221016692e-08	1.79037480677795e-08	1.19358320451863e-08	7.95722136345756e-09	5.30481424230504e-09	3.53654282820338e-09	2.35769521880225e-09	1.57179681253484e-09	1.04786454168989e-09	6.98576361126595e-10	4.65717574084395e-10	3.1047838272293e-10	2.06985588481954e-10	1.37990392321302e-10	9.19935948808684e-11	6.13290632539121e-11	4.08860421692747e-11
