4.02834331525039e-08	6.04251497287558e-08	9.06377245931337e-08	1.359565868897e-07	2.03934880334551e-07	2.03934880334551e-07	2.03934880334551e-07	2.03934880334551e-07	2.03934880334551e-07	2.03934880334551e-07	2.03934880334551e-07	2.03934880334551e-07	2.03934880334551e-07	2.03934880334551e-07	2.03934880334551e-07	2.03934880334551e-07	2.03934880334551e-07	2.03934880334551e-07	2.03934880334551e-07	1.359565868897e-07	1.359565868897e-07	1.359565868897e-07	1.359565868897e-07	1.359565868897e-07	1.359565868897e-07	1.359565868897e-07	1.359565868897e-07	1.359565868897e-07	9.06377245931337e-08	6.04251497287558e-08	4.02834331525039e-08	2.68556221016693e-08	1.79037480677795e-08	1.79037480677795e-08	1.79037480677795e-08	1.79037480677795e-08	1.79037480677795e-08	1.79037480677795e-08	1.79037480677795e-08	1.79037480677795e-08	1.19358320451863e-08	7.95722136345756e-09	5.30481424230504e-09	3.53654282820336e-09	2.35769521880224e-09	1.57179681253484e-09	1.04786454168989e-09	6.98576361126595e-10	6.98576361126588e-10	6.98576361126588e-10	6.98576361126588e-10	6.98576361126588e-10	6.98576361126588e-10	6.98576361126588e-10	6.98576361126588e-10	6.98576361126588e-10	4.65717574084392e-10	3.10478382722928e-10	2.06985588481952e-10	1.37990392321302e-10
6.04251497287556e-08	9.06377245931337e-08	1.359565868897e-07	2.03934880334551e-07	3.05902320501826e-07	3.05902320501826e-07	3.05902320501826e-07	3.05902320501826e-07	3.05902320501826e-07	3.05902320501826e-07	3.05902320501826e-07	3.05902320501826e-07	3.05902320501826e-07	3.05902320501826e-07	3.05902320501826e-07	3.05902320501826e-07	3.05902320501826e-07	3.05902320501826e-07	3.05902320501826e-07	2.03934880334551e-07	2.03934880334551e-07	2.03934880334551e-07	2.03934880334551e-07	2.03934880334551e-07	2.03934880334551e-07	2.03934880334551e-07	2.03934880334551e-07	2.03934880334551e-07	1.359565868897e-07	9.06377245931337e-08	6.04251497287558e-08	4.02834331525039e-08	2.68556221016692e-08	2.68556221016692e-08	2.68556221016692e-08	2.68556221016692e-08	2.68556221016692e-08	2.68556221016692e-08	2.68556221016692e-08	2.68556221016692e-08	1.79037480677795e-08	1.19358320451863e-08	7.95722136345756e-09	5.30481424230504e-09	3.53654282820338e-09	2.35769521880225e-09	1.57179681253484e-09	1.04786454168989e-09	1.04786454168988e-09	1.04786454168988e-09	1.04786454168988e-09	1.04786454168988e-09	1.04786454168988e-09	1.04786454168988e-09	1.04786454168988e-09	1.04786454168988e-09	6.98576361126587e-10	4.65717574084392e-10	3.10478382722929e-10	2.06985588481953e-10
9.06377245931335e-08	1.359565868897e-07	2.03934880334551e-07	3.05902320501826e-07	2.69794810449793e-09	1.97368308404901e-08	1.08152158060929e-07	4.4392224100548e-07	1.36487400473305e-06	3.14334582591147e-06	5.42257677177292e-06	7.00701743900151e-06	6.78226306705644e-06	4.91733738919048e-06	2.67054147416851e-06	1.08638207321268e-06	3.31039484976023e-07	7.55598258683194e-08	1.29186175927023e-08	3.05902320501826e-07	3.05902320501826e-07	3.05902320501826e-07	3.05902320501826e-07	3.05902320501826e-07	3.05902320501826e-07	3.05902320501826e-07	3.05902320501826e-07	3.05902320501826e-07	2.03934880334551e-07	1.359565868897e-07	9.06377245931337e-08	6.04251497287556e-08	4.02834331525038e-08	4.02834331525038e-08	4.02834331525038e-08	4.02834331525038e-08	4.02834331525038e-08	4.02834331525038e-08	4.02834331525038e-08	4.02834331525038e-08	2.68556221016692e-08	1.79037480677795e-08	1.19358320451863e-08	7.95722136345758e-09	5.30481424230506e-09	3.53654282820338e-09	2.35769521880225e-09	1.57179681253484e-09	1.57179681253482e-09	1.57179681253482e-09	1.57179681253482e-09	1.57179681253482e-09	1.57179681253482e-09	1.57179681253482e-09	1.57179681253482e-09	1.57179681253482e-09	1.04786454168988e-09	6.9857636112659e-10	4.65717574084393e-10	3.10478382722929e-10
9.06377245931335e-08	1.359565868897e-07	2.03934880334551e-07	3.05902320501826e-07	1.94984470511636e-08	1.42640827842271e-07	7.81630722957342e-07	3.20828791949282e-06	9.86723898523483e-06	2.27397947854179e-05	3.93107516292685e-05	5.11306373080557e-05	5.05019688757288e-05	3.89283338334149e-05	2.51396625229689e-05	1.56280521279697e-05	1.09886335696267e-05	9.76649659294004e-06	1.10667887381694e-05	1.32776881508802e-05	1.37669619253902e-05	1.11662913925279e-05	6.86905052754377e-06	3.17454649926745e-06	1.100918323986e-06	2.85984470943599e-07	5.56472550144798e-08	8.11071207614641e-09	3.05902320501826e-07	2.03934880334551e-07	1.359565868897e-07	9.06377245931335e-08	6.04251497287556e-08	6.04251497287557e-08	6.04251497287557e-08	6.04251497287557e-08	6.04251497287557e-08	6.04251497287557e-08	6.04251497287557e-08	6.04251497287557e-08	4.02834331525038e-08	2.68556221016692e-08	1.79037480677795e-08	1.19358320451864e-08	7.95722136345758e-09	5.30481424230506e-09	3.53654282820338e-09	2.35769521880224e-09	2.35769521880223e-09	2.35769521880223e-09	2.35769521880223e-09	2.35769521880223e-09	2.35769521880223e-09	2.35769521880223e-09	2.35769521880223e-09	2.35769521880223e-09	1.57179681253482e-09	1.04786454168988e-09	6.9857636112659e-10	4.65717574084393e-10
9.06377245931335e-08	1.359565868897e-07	2.03934880334551e-07	3.05902320501826e-07	1.0524902052041e-07	7.69948877324746e-07	4.21909846379333e-06	1.73177463922149e-05	5.32756275597487e-05	0.000122837247703691	0.000212645610831706	0.000277679267215688	0.000277327631500641	0.000220149589875419	0.000151782132457756	0.000104126841668722	7.8697711852811e-05	6.97589209167717e-05	7.59418325417452e-05	8.88626644009243e-05	9.13260359932009e-05	7.38934880342534e-05	4.54272545116471e-05	2.09896042045383e-05	7.27909951463055e-06	1.89088452638372e-06	3.67930933786123e-07	5.36267578170825e-08	3.05902320501826e-07	2.03934880334551e-07	1.359565868897e-07	9.06377245931335e-08	9.06377245931335e-08	9.06377245931335e-08	9.06377245931335e-08	9.06377245931335e-08	9.06377245931335e-08	9.06377245931335e-08	9.06377245931335e-08	9.06377245931335e-08	6.04251497287556e-08	4.02834331525039e-08	2.68556221016693e-08	1.79037480677795e-08	1.19358320451864e-08	7.95722136345758e-09	5.30481424230504e-09	3.53654282820336e-09	3.53654282820335e-09	3.53654282820335e-09	3.53654282820335e-09	3.53654282820335e-09	3.53654282820335e-09	3.53654282820335e-09	3.53654282820335e-09	3.53654282820335e-09	2.35769521880224e-09	1.57179681253482e-09	1.04786454168988e-09	6.9857636112659e-10
9.06377245931335e-08	1.359565868897e-07	2.03934880334551e-07	3.05902320501826e-07	4.24314340520648e-07	3.10407021843314e-06	1.70094122815042e-05	6.98374539615805e-05	0.000214967712840472	0.000496202116948831	0.000861301991752232	0.00113226082879101	0.00114975886067122	0.000948708431084122	0.000703588146653587	0.000527199774805346	0.0004190831624254	0.000368455656253005	0.000387478650534588	0.000443610107991901	0.000452339851505491	0.000365193552336062	0.000224377219696152	0.000103652173511463	3.59461035351279e-05	9.33768398436444e-06	1.81693950097391e-06	2.64823002470508e-07	3.05902320501826e-07	2.03934880334551e-07	1.359565868897e-07	1.359565868897e-07	1.359565868897e-07	1.359565868897e-07	1.359565868897e-07	1.359565868897e-07	1.359565868897e-07	1.359565868897e-07	1.359565868897e-07	1.359565868897e-07	9.06377245931337e-08	6.04251497287558e-08	4.02834331525039e-08	2.68556221016693e-08	1.79037480677795e-08	1.19358320451863e-08	7.95722136345756e-09	5.30481424230504e-09	5.30481424230502e-09	5.30481424230502e-09	5.30481424230502e-09	5.30481424230502e-09	5.30481424230502e-09	5.30481424230502e-09	5.30481424230502e-09	5.30481424230502e-09	3.53654282820335e-09	2.35769521880224e-09	1.57179681253482e-09	1.04786454168989e-09
9.06377245931335e-08	1.359565868897e-07	2.03934880334551e-07	3.05902320501826e-07	1.27764136592669e-06	9.35970100358597e-06	5.12966507527999e-05	0.000210721091433171	0.000649244683977082	0.00150113987010413	0.00261562836721061	0.00347020710673276	0.00360256684863325	0.00311993569732729	0.00250869317840004	0.00204142918074903	0.00168715490802568	0.00146368522934102	0.00148272452888833	0.00165655363120221	0.00167410081900766	0.00134816435500234	0.00082776349199644	0.000382299900560571	0.000132579871135068	3.44401428137325e-05	6.70141075691079e-06	9.76745629935398e-07	3.05902320501826e-07	2.03934880334551e-07	2.03934880334551e-07	2.03934880334551e-07	2.03934880334551e-07	2.03934880334551e-07	2.03934880334551e-07	2.03934880334551e-07	2.03934880334551e-07	2.03934880334551e-07	2.03934880334551e-07	2.03934880334551e-07	1.359565868897e-07	9.06377245931337e-08	6.04251497287558e-08	4.02834331525039e-08	2.68556221016692e-08	1.79037480677795e-08	1.19358320451863e-08	7.95722136345756e-09	7.95722136345754e-09	7.95722136345754e-09	7.95722136345754e-09	7.95722136345754e-09	7.95722136345754e-09	7.95722136345754e-09	7.95722136345754e-09	7.95722136345754e-09	5.30481424230502e-09	3.53654282820335e-09	2.35769521880224e-09	1.57179681253483e-09
9.06377245931337e-08	1.359565868897e-07	2.03934880334551e-07	3.05902320501826e-07	2.87330564843443e-06	2.11106085568086e-05	0.000115736774920537	0.000475939579113457	0.00146905284808705	0.00340725597727716	0.00597737550778908	0.00805399699703201	0.0086547680934084	0.00801421413305649	0.00707401366633337	0.00621231009427125	0.0052707474998769	0.00447240415105883	0.00432614876561752	0.00468065779526394	0.00467046791227399	0.00374743627068416	0.00230054707790912	0.00106443317479895	0.000370619902479198	9.69297564011082e-05	1.90693287484922e-05	2.82574499144546e-06	2.32367526185731e-08	3.05902320501826e-07	3.05902320501826e-07	3.05902320501826e-07	3.05902320501826e-07	3.05902320501826e-07	3.05902320501826e-07	3.05902320501826e-07	3.05902320501826e-07	3.05902320501826e-07	3.05902320501826e-07	3.05902320501826e-07	2.03934880334551e-07	1.359565868897e-07	9.06377245931337e-08	6.04251497287556e-08	4.02834331525038e-08	2.68556221016692e-08	1.79037480677795e-08	1.19358320451863e-08	1.19358320451863e-08	1.19358320451863e-08	1.19358320451863e-08	1.19358320451863e-08	1.19358320451863e-08	1.19358320451863e-08	1.19358320451863e-08	1.19358320451863e-08	7.95722136345753e-09	5.30481424230504e-09	3.53654282820336e-09	2.35769521880224e-09
1.359565868897e-07	2.03934880334551e-07	3.05902320501826e-07	3.05902320501826e-07	4.82621090253523e-06	3.57770397359118e-05	0.000196341515814652	0.000809482382985271	0.00250815668198078	0.00585384416335339	0.0103991617928981	0.0143844952740783	0.0162882353499639	0.0164403597172013	0.0159793774124291	0.0149257008133639	0.0128267069321244	0.0105686925617063	0.00968019155941482	0.0100495538268993	0.00985282961771486	0.00786704549213623	0.00483425069492704	0.00224803346179809	0.000790343821656157	0.000209999714915603	4.24997907062961e-05	7.30732291932162e-06	2.98617225315649e-06	7.34443960964246e-06	1.43141880844333e-05	2.08972297896559e-05	2.28520234393966e-05	1.87186509929937e-05	1.14851950943115e-05	5.27856835917756e-06	1.81722150332933e-06	4.68612131919054e-07	9.05176211942994e-08	1.30968447698088e-08	3.05902320501826e-07	2.03934880334551e-07	1.359565868897e-07	9.06377245931335e-08	6.04251497287557e-08	4.02834331525038e-08	2.68556221016692e-08	1.79037480677795e-08	1.79037480677795e-08	1.79037480677795e-08	1.79037480677795e-08	1.79037480677795e-08	1.79037480677795e-08	1.79037480677795e-08	1.79037480677795e-08	1.79037480677795e-08	1.19358320451863e-08	7.95722136345756e-09	5.30481424230504e-09	3.53654282820336e-09
2.03934880334551e-07	3.05902320501826e-07	4.02395955495483e-09	2.92575784841796e-08	6.21390152854448e-06	4.67631992628962e-05	0.000255808695690365	0.00105753687905153	0.00329777503376061	0.00778711761740084	0.014148260939624	0.0204265913695346	0.02490894176523	0.0277800883005538	0.0294902362653116	0.0288258453684712	0.0249300125310641	0.020012824057613	0.01734057343143	0.0170754961009565	0.0162886850382633	0.0129108166710379	0.00798400970461959	0.00378523875653122	0.00137903800890652	0.000388364236098843	8.65683316628312e-05	1.98532667049544e-05	1.84369763740158e-05	4.49848712081978e-05	8.75627929781645e-05	0.000127832594841946	0.000139790464241009	0.00011450578629133	7.02572688318036e-05	3.22900737177266e-05	1.11163126649523e-05	2.86659549617822e-06	5.53714655610252e-07	8.01160569137045e-08	3.05902320501826e-07	2.03934880334551e-07	1.359565868897e-07	9.06377245931335e-08	6.04251497287557e-08	4.02834331525038e-08	2.68556221016692e-08	2.68556221016692e-08	2.68556221016692e-08	2.68556221016692e-08	2.68556221016692e-08	2.68556221016692e-08	2.68556221016692e-08	2.68556221016692e-08	2.68556221016692e-08	2.68556221016692e-08	1.79037480677795e-08	1.19358320451863e-08	7.95722136345756e-09	5.30481424230504e-09
2.03934880334551e-07	3.05902320501826e-07	2.76826738374674e-08	2.01276377505922e-07	6.76916876208998e-06	5.12322563864821e-05	0.000273177848072513	0.00112333170650118	0.00352563874976262	0.00847900250156728	0.0159600565175568	0.0244793855052616	0.0326012505608796	0.040014664590393	0.0455522272165766	0.0461339932917442	0.0405307226616261	0.0325215712510189	0.0272127870673072	0.0252521840313636	0.02308961959512	0.0181207651325873	0.0114541757031202	0.00573666610027379	0.00229075872557229	0.0007392530618084	0.000202371253014895	6.88041191864805e-05	8.83850908224132e-05	0.000207334578513192	0.000400591148217859	0.00058417202770424	0.00063870094148768	0.00052315686334873	0.000320993144363726	0.000147527685985107	5.07884837453017e-05	1.30969722740007e-05	2.52982518876616e-06	3.66036218747973e-07	3.05902320501826e-07	2.03934880334551e-07	1.359565868897e-07	9.06377245931335e-08	6.04251497287557e-08	4.02834331525038e-08	4.02834331525038e-08	4.02834331525038e-08	4.02834331525038e-08	4.02834331525038e-08	4.02834331525038e-08	4.02834331525038e-08	4.02834331525038e-08	4.02834331525038e-08	4.02834331525038e-08	4.02834331525038e-08	2.68556221016692e-08	1.79037480677795e-08	1.19358320451863e-08	7.95722136345758e-09
2.03934880334551e-07	3.05902320501826e-07	1.42237487503815e-07	1.03418645172792e-06	9.60244221759816e-06	6.33664668599789e-05	0.000298608515565108	0.00114816698548221	0.00351064883390759	0.00848869159735959	0.0165027260372678	0.0268029709526045	0.0384148655129496	0.0505406657734576	0.0605883365510854	0.0640325030243278	0.0592112623001219	0.0504210138723264	0.0433214159098282	0.0388607796180866	0.033943672257109	0.0264461142786896	0.0175196230495326	0.00969677992418086	0.00447257527906216	0.00173281826874817	0.00060078502071745	0.000271709334364744	0.000349322302266017	0.000746120221070165	0.00139609076246208	0.0020123186706981	0.00218933938977202	0.0017892075128378	0.00109660524306079	0.000503719628596791	0.000173364035726308	4.46984394079816e-05	8.63269930796745e-06	1.24905097249734e-06	3.05902320501826e-07	2.03934880334551e-07	1.359565868897e-07	9.06377245931335e-08	6.04251497287556e-08	6.04251497287557e-08	6.04251497287557e-08	6.04251497287557e-08	6.04251497287557e-08	6.04251497287557e-08	6.04251497287557e-08	6.04251497287557e-08	6.04251497287557e-08	6.04251497287557e-08	6.04251497287557e-08	6.04251497287557e-08	4.02834331525038e-08	2.68556221016692e-08	1.79037480677795e-08	1.19358320451864e-08
3.05902320501826e-07	3.05902320501826e-07	5.4584799115324e-07	3.96877508918625e-06	2.36900084641434e-05	0.000121639764263144	0.000464286041390998	0.0014882868836533	0.00401148383885224	0.00906407277928176	0.01723432367926	0.0282600932465881	0.0416691438405213	0.0570044894858608	0.071941183404192	0.081885497017116	0.0842015712412436	0.081124997651046	0.0760853025997771	0.0693895946531225	0.0595712484263066	0.0466455592841843	0.0325378386456357	0.0197679054386345	0.0102749145449786	0.00459075299257578	0.00190362144184475	0.000994627868789763	0.00111664026450436	0.0020730617331988	0.00368251884379902	0.00520764387762393	0.00562057812215422	0.00457651488244483	0.00280002401071763	0.00128503345725104	0.000442068046909965	0.000113947931491305	2.20016029555102e-05	3.18337551068379e-06	3.05902320501826e-07	2.03934880334551e-07	1.359565868897e-07	9.06377245931335e-08	9.06377245931335e-08	9.06377245931335e-08	9.06377245931335e-08	9.06377245931335e-08	9.06377245931335e-08	9.06377245931335e-08	9.06377245931335e-08	9.06377245931335e-08	9.06377245931335e-08	9.06377245931335e-08	9.06377245931335e-08	9.06377245931335e-08	6.04251497287556e-08	4.02834331525039e-08	2.68556221016693e-08	1.79037480677795e-08
3.51532458857789e-08	1.99344309619775e-07	2.41127138992887e-06	1.4069529945025e-05	6.91843356267637e-05	0.000292128390637665	0.000954826392848912	0.00254898302875818	0.00569482466392242	0.0109594504608019	0.0185780665311441	0.0285341398032281	0.0413246192180075	0.0582886419145486	0.0795046971797713	0.101741037640373	0.120580092530929	0.133132207709779	0.137067080257631	0.130176063833679	0.113171115466682	0.0900624549724531	0.0651590165386765	0.0419538501498258	0.0235808433714097	0.0117264666280971	0.0056336861567751	0.00327867370510222	0.00316858464973487	0.00476854043932331	0.0076206755129267	0.0103036437675358	0.0109010996949988	0.00879344352553661	0.00535567706829473	0.00245224571241785	0.000842616381647098	0.000217042710562694	4.18806718287657e-05	6.05964507860039e-06	3.05902320501826e-07	2.03934880334551e-07	1.359565868897e-07	1.359565868897e-07	1.359565868897e-07	1.359565868897e-07	1.359565868897e-07	1.359565868897e-07	1.359565868897e-07	1.359565868897e-07	1.359565868897e-07	1.359565868897e-07	1.359565868897e-07	1.359565868897e-07	1.359565868897e-07	1.359565868897e-07	9.06377245931337e-08	6.04251497287558e-08	4.02834331525039e-08	2.68556221016693e-08
2.26987517505243e-07	1.28718326940314e-06	8.81675546231614e-06	4.17479355575681e-05	0.000174322104508095	0.000636595663597757	0.00188453332860033	0.00449573110060803	0.00870370264758813	0.0141316511648816	0.020225700222307	0.0273664825631311	0.0379008424051183	0.0562139766967886	0.086046313521333	0.126270083045534	0.170171704431015	0.207743004852761	0.228267078392459	0.225025166323619	0.200377312935558	0.163216089796078	0.121774413278244	0.0819506015571446	0.0491594776112862	0.0269372609612466	0.0147463278252274	0.00944446440560152	0.00826208538876267	0.00982779402840004	0.0131271872959715	0.0161193127392604	0.0162598977572212	0.012811062658639	0.00771167367483306	0.00350970079666787	0.00120225071659871	0.00030910796955739	5.95421570814468e-05	8.61505614339314e-06	3.05902320501826e-07	2.03934880334551e-07	2.03934880334551e-07	2.03934880334551e-07	2.03934880334551e-07	2.03934880334551e-07	2.03934880334551e-07	2.03934880334551e-07	2.03934880334551e-07	2.03934880334551e-07	2.03934880334551e-07	2.03934880334551e-07	2.03934880334551e-07	2.03934880334551e-07	2.03934880334551e-07	2.03934880334551e-07	1.359565868897e-07	9.06377245931337e-08	6.04251497287558e-08	4.02834331525039e-08
1.09468741668891e-06	6.2076687893446e-06	3.1723160868819e-05	0.00012283204675329	0.000412053962108517	0.0012358577681218	0.00321114243928885	0.00695250492264297	0.0122363522368848	0.0176608431958765	0.0219224924034867	0.0260930488580305	0.0348148742758055	0.0557575419639351	0.096296438707202	0.157258697636741	0.229382979537764	0.295369710063576	0.336245220399009	0.340611334137005	0.311321216735294	0.260858728009824	0.201242601365308	0.14161409814711	0.0906056024486319	0.0543862791408272	0.033244765027394	0.023071328586012	0.0193536658785225	0.0191321314047349	0.0204839642740171	0.0212973150239221	0.0194252422449453	0.0144804345005355	0.00846522334039932	0.00379303084695962	0.00128886093031944	0.000329767965418094	6.32247464055034e-05	9.14788389661698e-06	3.05902320501826e-07	3.05902320501826e-07	3.05902320501826e-07	3.05902320501826e-07	3.05902320501826e-07	3.05902320501826e-07	3.05902320501826e-07	3.05902320501826e-07	3.05902320501826e-07	3.05902320501826e-07	3.05902320501826e-07	3.05902320501826e-07	3.05902320501826e-07	3.05902320501826e-07	3.05902320501826e-07	3.05902320501826e-07	2.03934880334551e-07	1.359565868897e-07	9.06377245931337e-08	6.04251497287556e-08
3.94302821145127e-06	2.23598196074699e-05	0.000101372155102476	0.000348689440143694	0.000973453949232789	0.00232634787189905	0.00493712455173335	0.00924595600711649	0.0147886233333225	0.0198766491153535	0.0232040732030828	0.026584343087031	0.0362293594460085	0.0620341721887322	0.114036722875291	0.194349740457419	0.291104550414728	0.381006032781419	0.439579167772877	0.453019435878281	0.424129310302808	0.366329301200211	0.293256348041379	0.216468278207112	0.147659759117085	0.0960895465451897	0.063982461725283	0.0471238899907366	0.0391148984033268	0.0346980109347646	0.0308220816860431	0.0261299726756286	0.0201614086092097	0.0134177628109639	0.00732587391280313	0.00315559618642065	0.00104967235023253	0.000265041326706425	5.0141951860554e-05	7.25495601086633e-06	3.05902320501826e-07	3.84379333100901e-08	2.22619178849915e-07	9.65781912799387e-07	3.13840872473026e-06	7.63930554982502e-06	1.39287519053138e-05	1.90232391917944e-05	1.9461247592287e-05	1.49131996105775e-05	8.56022002180599e-06	3.68055208170706e-06	1.18537278329521e-06	2.8596368104906e-07	5.16750314869429e-08	6.99462707480752e-09	3.05902320501826e-07	2.03934880334551e-07	1.359565868897e-07	9.06377245931335e-08
1.06077005269415e-05	6.01533282322563e-05	0.000261215823444745	0.000854445651209319	0.00216342382331353	0.00438576255094834	0.00750119951962076	0.0113885605935603	0.0157461658920214	0.0199207075711494	0.0238107231005835	0.0297849092728941	0.0440070931767807	0.0766089815765067	0.138865369902117	0.233940351523314	0.34849157801436	0.455282814047239	0.52652315252455	0.54772011384891	0.522228483903149	0.463549359481418	0.384948639385203	0.298014476304997	0.215686923805192	0.150039321884942	0.106375747737278	0.0815163150661659	0.0674177422816483	0.0564109931835046	0.0445881199358759	0.0319912274207189	0.0204379670435115	0.0114455446045098	0.00548444407101181	0.00217106660380138	0.000695066768375136	0.000176119218705471	3.52157263096876e-05	6.17191311780695e-06	4.79663277651234e-07	3.33691100793311e-07	1.40411654148162e-06	6.0320614740824e-06	1.9601810830663e-05	4.77134227563602e-05	8.69959217879321e-05	0.000118814969218535	0.000121550673380024	9.31445656975679e-05	5.34652520604106e-05	2.29879190334667e-05	7.40357776821e-06	1.78606627498638e-06	3.22750884514785e-07	4.36869027513919e-08	3.05902320501826e-07	2.03934880334551e-07	1.359565868897e-07	9.06377245931335e-08
2.13139638081624e-05	0.000120865578513131	0.000517198246553145	0.00166113205561074	0.00404360097279265	0.0075721480461896	0.0112575291616382	0.0140615946183759	0.0161630429454525	0.0190152050104237	0.0246745875064286	0.0358841308200876	0.0572866657428669	0.0972092355558344	0.166745161376157	0.271012864136761	0.398510265892769	0.520567864143265	0.604829707398224	0.633428340534882	0.61050957999684	0.552351876080469	0.47286784394106	0.381732179573972	0.290650856006438	0.213478964254281	0.158773273327993	0.124850020288334	0.102581590014685	0.0827424820282505	0.0613857852152933	0.0400998301965094	0.022530488680906	0.0108223829458439	0.00448280770181852	0.001626014039146	0.000541681518997902	0.000170348717584427	5.14678840463271e-05	1.73565742040525e-05	8.79565937793983e-06	9.40271446634856e-06	1.4343183148824e-05	3.40217020837419e-05	9.47748772127614e-05	0.000223992621541599	0.000406274032696368	0.000554362142976363	0.000567035621507129	0.000434506043009545	0.00024940773449635	0.000107235346060734	3.45366286920414e-05	8.33174306933715e-06	1.50558659711493e-06	2.03793137084172e-07	3.05902320501826e-07	2.03934880334551e-07	1.359565868897e-07	9.06377245931335e-08
3.19859169449567e-05	0.000181383265478973	0.00077234932240118	0.00246515326856564	0.00591731694714953	0.0107503908792462	0.015012260540666	0.0167863957729321	0.0168060717720623	0.0187372012550438	0.0268812621137651	0.0442992093153131	0.0735793777340468	0.120007181047109	0.193432976099456	0.302398672004328	0.441743225607547	0.58447654233057	0.690574888088937	0.732080624447867	0.711268518416832	0.650599542737492	0.568733239852253	0.474317892676729	0.37666693818424	0.289945095359437	0.224589874870787	0.179935204155122	0.146736895338232	0.115690437875149	0.0835097939882933	0.0529706644705342	0.0287975898086522	0.0134242240566064	0.00561593885790803	0.00232153067319487	0.00103647258686146	0.000468595646602117	0.000194051981615247	8.31769066317593e-05	5.5762749451471e-05	6.15451392616004e-05	7.83209430334271e-05	0.000139896468972278	0.000342315140877252	0.000785554292359222	0.00141713297670861	0.00193183979714595	0.00197567517021604	0.00151386004650347	0.000868960076890521	0.000373618062593324	0.000120328872656573	2.9028578896254e-05	5.24560574609395e-06	7.10034516082794e-07	3.05902320501826e-07	2.03934880334551e-07	1.359565868897e-07	9.06377245931335e-08
3.58513070864935e-05	0.000203302821120561	0.000864268857010759	0.00275276120974024	0.00657632175273561	0.0118260723724921	0.0161501004777125	0.0173290344631348	0.0165233361039926	0.0187322259305782	0.029706484498291	0.052799742052347	0.0889336669482087	0.140270092743667	0.214957580085073	0.325692166779622	0.476768613761851	0.646391264624744	0.786398246913892	0.853005769959871	0.840727602258708	0.777618012522593	0.690755027302213	0.591055070501	0.486201235502004	0.389429023629167	0.311465043809918	0.252680755456881	0.205303931999962	0.160963409401659	0.116568538502555	0.0752744971903911	0.0426684924226755	0.0217287129765652	0.0107692262091245	0.0056750837775472	0.00312098640125493	0.00159010570672372	0.000708183431938377	0.000338243702865116	0.000270972364070382	0.000311619570545652	0.00035423152552982	0.00047755919199214	0.000955131847116709	0.00207150351923032	0.0036963641568556	0.00502911468330829	0.00514148159222739	0.00393937424596585	0.00226121229342265	0.00097223080628043	0.000313120399130846	7.55383143673107e-05	1.36501417210799e-05	1.84765539777853e-06	3.05902320501826e-07	2.03934880334551e-07	1.359565868897e-07	9.06377245931335e-08
3.00125426660102e-05	0.000170192807148718	0.000723120465754492	0.00230158699221378	0.00548973307633872	0.00984351934262471	0.0133667615032397	0.0142821783901321	0.0139521969093976	0.0174577398297601	0.0308297042730876	0.0575764871559527	0.097765311337602	0.151415613219027	0.225339466423702	0.335738592362631	0.496102989900691	0.692355030321277	0.872412583193655	0.977099511734561	0.987796316612032	0.932282846462513	0.844732588643641	0.74016462537089	0.626030186313736	0.514925471103584	0.418685206388022	0.340821494214034	0.276846260607869	0.21901372477838	0.162633827279357	0.10995991142763	0.0674079963819174	0.0390044466933781	0.0229429076246485	0.0141074402890556	0.00844076213986839	0.00446269363807256	0.00206754790686888	0.00110216339785708	0.00101931177293376	0.00121025460068757	0.00129305265456438	0.00138854051812887	0.00212129277352505	0.0041414727713765	0.00722233762516533	0.00978406057098156	0.00999461401375764	0.00765643548650141	0.00439477192193541	0.00188956788774594	0.000608561513761764	0.000146811613251594	2.65295743487211e-05	3.59098918148839e-06	3.05902320501826e-07	2.03934880334551e-07	1.359565868897e-07	9.06377245931335e-08
1.87651566615597e-05	0.000106411999954714	0.000452045119826002	0.0014384767337614	0.00342929451496172	0.00614936495286928	0.00836906342103192	0.00912221645204015	0.009734333301358	0.0144460326060186	0.0285904691211686	0.0555277035102216	0.0952564667236245	0.147349803473787	0.21847613071552	0.326730564179668	0.491080327920225	0.704787376494727	0.918391692267475	1.06517764817509	1.11358135507429	1.08342377510167	1.00835816293928	0.904727189225307	0.780411132635287	0.649755038727567	0.529398062242517	0.429230506244308	0.348977761979851	0.280485215656018	0.215828490271838	0.154831088524973	0.103755499884539	0.0675362648247461	0.0447092948095699	0.0297438752919047	0.0184403695910849	0.00993985728769923	0.00479055819304821	0.00284731380632475	0.00293187217113901	0.00355906061751966	0.00368812410277808	0.00340472431731585	0.00388834028110044	0.00637117345280652	0.010606922579917	0.0142353507013938	0.0145150717254051	0.0111146264733532	0.00637952191540157	0.00274288265986307	0.000883383356788709	0.000213110643372906	3.85101323570116e-05	5.21265312642986e-06	3.05902320501826e-07	2.03934880334551e-07	1.359565868897e-07	9.06377245931335e-08
8.76300795845324e-06	4.96925881992917e-05	0.000211084742945516	0.000671752406557567	0.00160153886916838	0.00287963525411771	0.00396282873410626	0.00456224381762512	0.00579244951969834	0.0107392011508223	0.0235227661388113	0.0470015784244082	0.08164915021795	0.128356589102509	0.195106136517708	0.300038070037714	0.461973281814877	0.677685803335767	0.905341452792267	1.08266079539531	1.17247031922016	1.18235257392926	1.13581427161696	1.04446363289773	0.915704435715847	0.767640905460629	0.624587070741639	0.504237174892186	0.410436639824906	0.334999942602323	0.267349790561862	0.203777387346091	0.148196375556799	0.105386599795617	0.0748361339823936	0.0517908259124667	0.0327940557528882	0.0180916325091417	0.00915430189740742	0.00594286618686441	0.00648062838012667	0.00794015973843484	0.00813435794308576	0.00692414867348852	0.00615945371210786	0.0078146003128343	0.0118330601165516	0.0155313200194613	0.0157598739728368	0.0120532171296529	0.00691700432029493	0.00297374391089365	0.000957735420722068	0.000231047608178924	4.17514293557455e-05	5.65138849034667e-06	3.05902320501826e-07	2.03934880334551e-07	1.359565868897e-07	9.06377245931335e-08
3.05636927623836e-06	1.73318226514413e-05	7.36201318960628e-05	0.000234777014685819	0.000561571235336901	0.00102520651370862	0.0014805067528057	0.00200259469681691	0.0034597938495653	0.00793899488133308	0.0182976089562585	0.0366550934516067	0.0640714123251366	0.103668452884976	0.165581047698057	0.266619493103326	0.420506778109892	0.622158724394924	0.838644812550298	1.02239064244141	1.14142600748208	1.19311195867604	1.18566589335336	1.12086793492301	1.00301419004946	0.852251358247511	0.698670537703269	0.565833738000892	0.461624991458461	0.380643076544148	0.312625259009786	0.250410390954005	0.193601170686454	0.14561853563921	0.107387766852998	0.0760291632283688	0.0492671504618656	0.0282105610304062	0.0150951971178247	0.0102302331151606	0.0111159384690042	0.0135458143016671	0.0139152383048951	0.0115598400638679	0.0087895360214694	0.00825677952726528	0.0103678157940957	0.0128344493966193	0.0128292690312468	0.00977196441021666	0.00560306387572417	0.00240797243018203	0.000775520877927408	0.000187089503072629	3.38079854290866e-05	4.5761800897352e-06	3.05902320501826e-07	2.03934880334551e-07	1.359565868897e-07	9.06377245931335e-08
7.96177778524591e-07	4.51490340636788e-06	1.91778897672453e-05	6.30143650660239e-05	0.000157720426758782	0.000327988414198321	0.000626169921013551	0.0013183790638186	0.00314754538702995	0.00757617547468012	0.0164781843102885	0.0311524673438856	0.0527518971700828	0.0860249047834308	0.14292351837049	0.238636344039978	0.380089190559684	0.5568075800763	0.742773149123774	0.908803517674191	1.03604623389377	1.11787339248224	1.14891987849646	1.12003569254758	1.02995643117882	0.896610096473114	0.750288809766836	0.616297731131172	0.506356553054963	0.420670147632511	0.35212278984008	0.291379867332855	0.23382764302107	0.181352345063697	0.136488482629415	0.0985570174067726	0.0660692971832138	0.0399568367575772	0.0226298577738895	0.0151150890284035	0.0152173168504024	0.0180646496713377	0.0188857975338142	0.0160934984978795	0.0117019590419895	0.00860904698364123	0.00791614444921921	0.00835762243589729	0.0079277320711512	0.0059442444587353	0.00339455583222382	0.00145630071333174	0.000469021818345304	0.000113148544961104	2.04464937719266e-05	2.76759577704636e-06	3.05902320501826e-07	2.03934880334551e-07	1.359565868897e-07	9.06377245931335e-08
1.54905160696259e-07	8.78424211973789e-07	3.73126979468761e-06	1.74180402111008e-05	6.2466571856158e-05	0.000221327791191191	0.000705993837792794	0.00199705219564218	0.00489908560044945	0.01057923053038	0.0202679479367304	0.0344804289752657	0.0536603831197003	0.0824278025137859	0.133102313614556	0.219804275360219	0.344816490953012	0.492943456515884	0.642299722450536	0.77857911325429	0.89672081311692	0.991379561598568	1.04915727658529	1.0529301829794	0.996334459102903	0.892848433746719	0.768378908516554	0.645926333441074	0.539403434287402	0.454283003966788	0.386843175799562	0.327021326243911	0.267967254012825	0.211099371516059	0.160774067094777	0.118440351165428	0.0827686581544866	0.053308179014329	0.0318181932926593	0.0202423463204615	0.0176698269363216	0.019772846776425	0.0213260218933706	0.0194584573328351	0.0148170889720368	0.00987392527553375	0.00654383638351818	0.00491902615495319	0.00391935885099615	0.00275873266431692	0.00154603300913854	0.000657812651504263	0.000211857676862096	5.11093235712494e-05	9.23570397167869e-06	1.25012608984155e-06	3.05902320501826e-07	2.03934880334551e-07	1.359565868897e-07	9.06377245931335e-08
2.25098877153403e-08	1.27647331367726e-07	5.42205719528923e-07	1.32400960193814e-05	7.50606667912682e-05	0.000350158339619852	0.00125243431970869	0.00355979748432225	0.00822712253294336	0.0161825508368799	0.0281429494109817	0.0440374016013925	0.0633043300851018	0.0889054751818211	0.131619861054213	0.204703764711126	0.30947095595066	0.430028785947496	0.547469206782448	0.655557691373027	0.757616235359841	0.850914132449835	0.919393161132329	0.942778332514293	0.912744206123517	0.83954745921632	0.743556441280169	0.64301433537558	0.55114322473622	0.475694363090684	0.414627076455858	0.357701050747519	0.297428421220372	0.235916240998135	0.180140914374289	0.134298598705831	0.0972491516713515	0.0663476072194273	0.0416894260891002	0.0256990543648141	0.0191759543927695	0.019336962873207	0.0213616084695427	0.021168285145077	0.0174400918275657	0.011712913410136	0.00657924246320805	0.00340105992409668	0.00184837753163928	0.00104892292687487	0.000541962356562687	0.000221924366646387	7.14738165179406e-05	1.72426058351681e-05	3.11582294709793e-06	4.21751451696446e-07	3.05902320501826e-07	2.03934880334551e-07	1.359565868897e-07	9.06377245931335e-08
3.05902320501826e-07	3.05902320501826e-07	3.05902320501826e-07	1.78562123679393e-05	0.000110020766255763	0.000523184267582114	0.00186885097502062	0.00519042228202768	0.0114939143599196	0.0212946084794608	0.0347422467994718	0.0515506824100075	0.0707831026559107	0.0936467139921693	0.12815862362344	0.185929748100697	0.269274093858987	0.365349021988179	0.458699034484774	0.545843823748941	0.63221955948767	0.716576879571786	0.783740307699467	0.81441096649354	0.80122376103346	0.753202113311012	0.685931452735829	0.611963704825019	0.541408224796015	0.481879434160089	0.432013994566513	0.381288388105934	0.321270372672274	0.254710111928143	0.192279546653347	0.142445732301864	0.105150048889288	0.0753182419266098	0.0502851945964142	0.0317214609457575	0.0215540913367247	0.0188358950419646	0.019998921976398	0.0206337957491383	0.0179362435796857	0.0123877476461775	0.0066980936601342	0.0028952160022118	0.00108740416065576	0.000405906481363153	0.00016097405774846	5.59189958331817e-05	1.80094872340751e-05	4.34467480259296e-06	7.85103920892671e-07	1.06270068611395e-07	3.05902320501826e-07	2.03934880334551e-07	1.359565868897e-07	9.06377245931335e-08
2.03934880334551e-07	2.03934880334551e-07	3.05902320501826e-07	2.06808752562034e-05	0.000127424881360209	0.000600347329910464	0.00212635318095979	0.00580507157551202	0.0124947303903804	0.0222170299422537	0.0346250676429604	0.0495955186830401	0.0667983562644426	0.0869295417174465	0.11561804108876	0.161930125703133	0.228320259908679	0.305204997139062	0.380450594226695	0.451262402756185	0.52251799465219	0.594177476489165	0.654213629333266	0.686486133594486	0.685309865044665	0.658776389705563	0.618097153262415	0.569871062401172	0.520161772992702	0.476304183575702	0.438617611451802	0.396614529704692	0.339451660681018	0.268828053668778	0.198976403822355	0.143907201794634	0.106198033066684	0.0791418013944472	0.0567770096513107	0.0384925561544285	0.0259488128853304	0.0196298703465851	0.0179321407616781	0.0174915452861854	0.0151901023441698	0.0105905006269414	0.00570266109602507	0.00234997786200881	0.000757529818266089	0.000203076839016651	5.21363767904238e-05	1.05236245735697e-05	3.38927907395363e-06	8.17642123852403e-07	1.47751918495814e-07	1.99993989307333e-08	3.05902320501826e-07	2.03934880334551e-07	1.359565868897e-07	9.06377245931335e-08
1.359565868897e-07	2.03934880334551e-07	3.05902320501826e-07	1.78895779651993e-05	0.000110226347848404	0.000516279705029926	0.00181896845353648	0.00491050510299025	0.0103692168684984	0.0179166604343478	0.0270278315950287	0.0379117238152671	0.0513109436907309	0.068791656769178	0.0951876938854991	0.137169317290249	0.195360918641212	0.260410954852085	0.321270719948958	0.375498706908017	0.428628619038243	0.483864080258919	0.534217814543323	0.567094028998901	0.577172491399092	0.570303786751757	0.553180856506793	0.526804721313238	0.493611876698047	0.461788860267193	0.435274279935579	0.404824887907214	0.356026843989892	0.286384752912659	0.210907351487287	0.14892203472764	0.10783129695918	0.0817798095105541	0.0623334513471148	0.0456473350265521	0.0316580547290329	0.0214922696328579	0.0156954530531781	0.012814637855627	0.0103147858416091	0.00703587636125825	0.00376396035980271	0.00153120159904574	0.000474972042652196	0.000113196441880609	2.19229735739642e-05	1.4791865065282e-06	4.76392505072994e-07	1.14926676480751e-07	2.07678108074628e-08	2.8110885969187e-09	3.05902320501826e-07	2.03934880334551e-07	1.359565868897e-07	9.06377245931335e-08
1.359565868897e-07	2.03934880334551e-07	3.05902320501826e-07	1.15580051324711e-05	7.12144633397e-05	0.000332265778188428	0.00116674706762019	0.00312630465982918	0.006517179047092	0.0110462135679557	0.0163308479149656	0.0228240555328711	0.0320528401735537	0.0468639091942644	0.0726144462961619	0.114674859190981	0.171170085091388	0.230275560261233	0.279320694694649	0.315923157687582	0.348291170731578	0.385049829042043	0.424991724688014	0.458096794939234	0.47764377242944	0.486275311391255	0.486903577658617	0.476506819530669	0.455071145050162	0.432275343187806	0.416706411608425	0.401886001366969	0.369827058771642	0.310480300707879	0.234755568597412	0.165221552127903	0.116217862385456	0.0863750754555608	0.0669270129192382	0.0509620647875708	0.0359387779928695	0.0227958049194226	0.0135826352395977	0.008491953944071	0.00571367484143196	0.00361818017941496	0.00188907456631815	0.000758167027192378	0.000232741986662537	5.35010719538826e-05	9.22403312654789e-06	3.05902320501826e-07	3.05902320501826e-07	3.05902320501826e-07	3.05902320501826e-07	3.05902320501826e-07	2.03934880334551e-07	1.359565868897e-07	9.06377245931337e-08	6.04251497287556e-08
1.359565868897e-07	2.03934880334551e-07	3.05902320501826e-07	5.57721360827051e-06	3.43639122401861e-05	0.000159910378437945	0.000560359409871519	0.00149406616934618	0.00308838981555264	0.00517448511552598	0.00759883295562024	0.0108505908799767	0.0166052660197052	0.028323757485429	0.0518415779801135	0.0920965345113853	0.145917011951622	0.199610737213885	0.238798414277424	0.260986760053555	0.276820165291611	0.29919164883063	0.33068259277063	0.362234220253633	0.385430823132196	0.400770889011917	0.409654370173356	0.407644279342712	0.393554417850294	0.377805461406982	0.372641722347038	0.375240605794089	0.365710719499659	0.325566442993271	0.257568962290892	0.183936818109326	0.125885912050259	0.0890957493748003	0.066941635534204	0.0506960491781695	0.0355538121107783	0.021631073263375	0.0113109616021166	0.00547406107875824	0.00277972901897348	0.00148611323304286	0.000726012855101368	0.000282448094006884	8.66891390605497e-05	1.99420539890629e-05	3.43817721568425e-06	3.05902320501826e-07	2.03934880334551e-07	2.03934880334551e-07	2.03934880334551e-07	2.03934880334551e-07	1.359565868897e-07	9.06377245931337e-08	6.04251497287558e-08	4.02834331525039e-08
1.359565868897e-07	2.03934880334551e-07	3.05902320501826e-07	2.01003343403688e-06	1.23847887813827e-05	5.75254731266656e-05	0.000201333693449458	0.000535086574387343	0.00110030193510543	0.00183436395185008	0.00272153826368263	0.00413342539967049	0.00739841757179027	0.0155845048733225	0.0339318268292523	0.0668480681647721	0.111570309598905	0.155777661083047	0.186378070410971	0.20131793139599	0.211033110335173	0.228027703180266	0.254696432128008	0.281948837673089	0.301385202153908	0.313793337243963	0.32149010225624	0.320975421049414	0.310691122265798	0.299892916188087	0.301727017238769	0.316878007099036	0.326868997472794	0.308272325337573	0.255344587584464	0.185947126164889	0.1245327617368	0.0832315358022494	0.0591213593387007	0.043444322768711	0.0300293682880304	0.0178920210692199	0.00881231847917738	0.0036410291912442	0.00138336757923653	0.000547379543698682	0.000224601390072389	7.94602018514928e-05	2.41203981659257e-05	5.55173719169941e-06	9.57166013613061e-07	3.05902320501826e-07	2.03934880334551e-07	1.359565868897e-07	1.359565868897e-07	1.359565868897e-07	9.06377245931337e-08	6.04251497287558e-08	4.02834331525039e-08	2.68556221016693e-08
1.359565868897e-07	2.03934880334551e-07	3.05902320501826e-07	5.41054348605607e-07	3.33369769540166e-06	1.54638550716991e-05	5.40879023742807e-05	0.000143469037661802	0.000294184343860102	0.000491057532360129	0.000755716928515647	0.00130536891217344	0.00295937476617159	0.00779574619544008	0.0195162520893154	0.0414247873527238	0.0720267016466389	0.103133745464135	0.126054444175948	0.139879330889823	0.152030461568274	0.170165585548446	0.193696520297202	0.214152949576223	0.225601793564289	0.230744114637289	0.233476154957823	0.231934267003104	0.224143794886108	0.216214783281923	0.219314135600175	0.236864465672733	0.255373460535106	0.252611605448129	0.217734839359918	0.161783296918253	0.106970761589014	0.0682666639136593	0.0462254085104466	0.0334397489784928	0.0234260843376555	0.0143151718136264	0.00718753288477803	0.00290520209913521	0.000959206556235512	0.000275591360813202	7.66405100730244e-05	1.9570077352339e-05	5.01527893056251e-06	1.15435534579542e-06	1.99020534739994e-07	3.05902320501826e-07	2.03934880334551e-07	1.359565868897e-07	9.06377245931335e-08	9.06377245931335e-08	6.04251497287556e-08	4.02834331525039e-08	2.68556221016693e-08	1.79037480677795e-08
1.359565868897e-07	2.03934880334551e-07	3.05902320501826e-07	1.08775255011685e-07	6.70216990000592e-07	3.10438728774817e-06	1.08514349080995e-05	2.87303699461948e-05	5.87670230269193e-05	9.86412206060959e-05	0.000165057057685226	0.000359531383956946	0.00108447446628068	0.00343728620444362	0.00946354792949089	0.0211451579056568	0.038131963148173	0.0567073841200722	0.0731638556955495	0.0877058401750536	0.103679582828735	0.122743459663796	0.141522096628449	0.153930566594662	0.158070250840597	0.158365133479888	0.15890059905806	0.158250172157098	0.153373749269514	0.14656845173137	0.145889704544461	0.156714834479448	0.172230571848931	0.176105914559428	0.15696132031093	0.119433050528495	0.0796617921849369	0.0510938650004885	0.035856639083732	0.0281054723353175	0.0217585137488724	0.0147164837968499	0.00813147164946312	0.00355859611266414	0.00121381981268933	0.000321865353266888	6.71383531285856e-05	1.08397254065171e-05	7.78856266749909e-07	1.79267575657688e-07	3.09072322477539e-08	3.05902320501826e-07	2.03934880334551e-07	1.359565868897e-07	9.06377245931335e-08	6.04251497287556e-08	4.02834331525038e-08	2.68556221016692e-08	1.79037480677795e-08	1.19358320451864e-08
1.359565868897e-07	2.03934880334551e-07	3.05902320501826e-07	1.63331870580466e-08	1.00636670224167e-07	4.64467708146165e-07	1.61879894771539e-06	4.25226771018029e-06	8.57321278639957e-06	1.42387039824725e-05	2.81814976217577e-05	8.85447723663029e-05	0.000353084189596154	0.00127843119343443	0.00376035481059472	0.00878362175943305	0.0166601465677702	0.0267239366263016	0.0386357125137941	0.0529737374985841	0.0695862656252258	0.0858011467922946	0.0974425674705836	0.102153514885752	0.102103355467855	0.102256993326142	0.104992690186973	0.107547822828625	0.105420367440712	0.0982376560188823	0.0918368827927525	0.0927821783257346	0.0998463779531405	0.10350760778229	0.0949414122299884	0.0749375986439409	0.0530995462821833	0.0386612051377723	0.0330564583342827	0.0312072545813967	0.0275603738939515	0.0204506214979576	0.0121165054744565	0.0055908579359904	0.00197778094006889	0.000531529070357685	0.000107043440254876	1.61444461071762e-05	3.05902320501826e-07	3.05902320501826e-07	3.05902320501826e-07	2.03934880334551e-07	1.359565868897e-07	9.06377245931337e-08	6.04251497287556e-08	4.02834331525038e-08	2.68556221016692e-08	1.79037480677795e-08	1.19358320451863e-08	7.95722136345758e-09
9.06377245931337e-08	1.359565868897e-07	2.03934880334551e-07	3.05902320501826e-07	3.05902320501826e-07	3.05902320501826e-07	3.05902320501826e-07	3.05902320501826e-07	3.05902320501826e-07	8.88485187459153e-08	2.55237500255139e-06	1.88830627463374e-05	9.8091902676444e-05	0.000394145820077428	0.00123955332033898	0.00312005272424104	0.00665822880855251	0.0126743303104544	0.0222722862580498	0.0356323386907883	0.0501798648205284	0.061117122804006	0.0651384344009001	0.0636069825245122	0.0616486859789472	0.0638077431567686	0.0700328223427329	0.075563891347557	0.0748417684873133	0.066666205932398	0.056052551185135	0.049789798244325	0.0495563764676707	0.0507453485487523	0.0478653444013453	0.0404897501851293	0.0335494929991155	0.0319267522680925	0.0352940304472373	0.0385666448218542	0.0365092664275069	0.0281003665236674	0.0170278256979653	0.00797293005082476	0.00284869995387513	0.000770896875169115	0.000155885298942767	2.39359571869031e-05	3.05902320501826e-07	2.03934880334551e-07	2.03934880334551e-07	1.359565868897e-07	9.06377245931337e-08	6.04251497287558e-08	4.02834331525039e-08	2.68556221016692e-08	1.79037480677795e-08	1.19358320451863e-08	7.95722136345756e-09	5.30481424230504e-09
6.04251497287558e-08	9.06377245931337e-08	1.359565868897e-07	2.03934880334551e-07	2.03934880334551e-07	2.03934880334551e-07	2.03934880334551e-07	2.03934880334551e-07	3.05902320501826e-07	1.02727049732393e-08	5.53292713947844e-07	4.35203887665637e-06	2.43474684286828e-05	0.000111129154568035	0.000405002652419778	0.00124470768161136	0.00340596974798983	0.00823056336147677	0.017065621692847	0.0293502083013841	0.0411054204248534	0.046990497547468	0.0451179660128994	0.039356681494074	0.0361421259372444	0.0392058737776554	0.046826219074918	0.0531958067870563	0.0527171848430297	0.0444872323066818	0.0331272327259496	0.0245827477644002	0.0210743039385495	0.0205490631229692	0.0201140617932402	0.0194746567915915	0.0210623576092704	0.0268873556912543	0.0353678325268573	0.0415143453210838	0.0404418388025048	0.0315370091160539	0.0192357703206043	0.00903272100671031	0.00323017349933566	0.000873828398811231	0.000176553282464347	2.71363830864051e-05	3.05902320501826e-07	2.03934880334551e-07	1.359565868897e-07	9.06377245931337e-08	6.04251497287558e-08	4.02834331525039e-08	2.68556221016693e-08	1.79037480677795e-08	1.19358320451863e-08	7.95722136345756e-09	5.30481424230504e-09	3.53654282820336e-09
4.02834331525039e-08	6.04251497287558e-08	9.06377245931337e-08	1.359565868897e-07	1.359565868897e-07	1.359565868897e-07	1.359565868897e-07	1.359565868897e-07	2.03934880334551e-07	3.05902320501826e-07	9.07169169987694e-08	7.63999297629293e-07	8.59557797459212e-06	5.48959789846537e-05	0.000254605576508834	0.000957285650585564	0.00299021318867635	0.00766394617058116	0.0159277646300596	0.0265402088140199	0.0352333940403795	0.0373738341210457	0.0323837812354684	0.0248877708992029	0.0208701044785915	0.0230673182434687	0.0293681646602332	0.0345486619428064	0.0340395577917011	0.0274064333349129	0.0183905987002284	0.0113202337451157	0.0078156255586564	0.00689620041959154	0.00719601953735501	0.00874036557937321	0.0128115392121491	0.0201272425546607	0.0289874378804901	0.0352714042523989	0.0349196829397921	0.0274465541925133	0.0167998890772775	0.00789513135448793	0.00282114430963365	0.000761864327153421	0.000153678395445762	2.35652054131534e-05	3.05902320501826e-07	2.03934880334551e-07	1.359565868897e-07	9.06377245931335e-08	6.04251497287557e-08	4.02834331525038e-08	2.68556221016692e-08	1.79037480677795e-08	1.19358320451863e-08	7.95722136345754e-09	5.30481424230502e-09	3.53654282820335e-09
2.68556221016693e-08	4.02834331525039e-08	6.04251497287556e-08	9.06377245931335e-08	9.06377245931335e-08	9.06377245931335e-08	9.06377245931335e-08	1.359565868897e-07	2.03934880334551e-07	3.05902320501826e-07	1.03816152587627e-08	9.26324647322053e-08	1.24212319791132e-05	7.99822687958252e-05	0.0003669516483268	0.00130716493994629	0.00370226504492663	0.00843502963768078	0.0155830289494224	0.0233742873118957	0.028355052151959	0.0277185377504242	0.0220130432971737	0.0151494174869363	0.0113367428235401	0.0121677693901309	0.0159715808171188	0.0191686890239746	0.0187761098751583	0.0146224536145526	0.00911793085501343	0.00482220449843529	0.00260434299305221	0.00195866945285773	0.00228446452618749	0.00370931894091463	0.00692414768122189	0.0122251241289779	0.0184923003521348	0.023047328841238	0.0231289259089263	0.0183164937207562	0.0112508662513324	0.00529174878034945	0.00188935967879775	0.000509321077499316	0.000102577073931884	1.5683201282133e-05	3.05902320501826e-07	2.03934880334551e-07	1.359565868897e-07	9.06377245931335e-08	6.04251497287557e-08	4.02834331525038e-08	2.68556221016692e-08	1.79037480677795e-08	1.19358320451863e-08	7.95722136345754e-09	5.30481424230502e-09	3.53654282820335e-09
1.79037480677795e-08	2.68556221016692e-08	4.02834331525038e-08	6.04251497287557e-08	6.04251497287557e-08	6.04251497287557e-08	6.04251497287556e-08	9.06377245931337e-08	1.359565868897e-07	2.03934880334551e-07	3.05902320501826e-07	3.05902320501826e-07	2.38139180595904e-05	0.000140361889760857	0.000608507333403383	0.00200809029983681	0.00510967168444964	0.0101632152862819	0.0160715744309192	0.0205578259809507	0.0215440564529398	0.0185989644533059	0.0132795014124546	0.00819132135078466	0.00539920609532178	0.00540110079380014	0.00711977808450096	0.00864568775046621	0.00844125512505711	0.00643777481932252	0.00383307477309754	0.00183082095331986	0.00079582553382794	0.000486939544405358	0.00066245567979313	0.00141247328214777	0.00306831527868065	0.00578441231667048	0.00904627934016223	0.0115121840720485	0.011709928183607	0.00934738913787822	0.00576393899293281	0.00271411536212139	0.000968503849657	0.000260671474735628	5.24315185850088e-05	7.9929364794375e-06	3.05902320501826e-07	2.03934880334551e-07	1.359565868897e-07	9.06377245931335e-08	6.04251497287556e-08	4.02834331525038e-08	2.68556221016692e-08	1.79037480677795e-08	1.19358320451864e-08	7.95722136345758e-09	5.30481424230506e-09	3.53654282820338e-09
1.19358320451863e-08	1.79037480677795e-08	2.68556221016692e-08	4.02834331525038e-08	4.02834331525038e-08	4.02834331525038e-08	4.02834331525039e-08	6.04251497287558e-08	9.06377245931337e-08	1.359565868897e-07	2.03934880334551e-07	3.05902320501826e-07	3.55414172337742e-05	0.000202039286414215	0.000855087241434383	0.00272701738478272	0.00658593931380637	0.0121257877424389	0.0172000982644684	0.0190909378235262	0.0169247678799376	0.0122638668459711	0.00742653246295039	0.00392418776532189	0.00219102678602937	0.00194996505850368	0.00252179853229014	0.00308251218417847	0.00300516346186687	0.00226276110129713	0.00131047828585491	0.000590519457471749	0.000223672433238889	0.000115080817367681	0.000179528274619598	0.000454642206307078	0.00106964530443195	0.00210052682790492	0.00337683919287379	0.00438474741420265	0.00452160555248088	0.00363919242325029	0.00225343868778694	0.00106263655960147	0.000379099060316923	0.00010190541958542	2.04776617872055e-05	3.11352541018265e-06	3.05902320501826e-07	2.03934880334551e-07	1.359565868897e-07	9.06377245931335e-08	9.06377245931335e-08	6.04251497287556e-08	4.02834331525039e-08	2.68556221016693e-08	1.79037480677795e-08	1.19358320451864e-08	7.95722136345758e-09	5.30481424230504e-09
7.95722136345756e-09	1.19358320451863e-08	1.79037480677795e-08	2.68556221016692e-08	2.68556221016692e-08	2.68556221016692e-08	4.02834331525038e-08	6.04251497287557e-08	9.06377245931335e-08	1.359565868897e-07	2.03934880334551e-07	3.05902320501826e-07	3.96177890998801e-05	0.000222509240953976	0.0009341764976096	0.00294373969430769	0.00697388340739364	0.0124510901571314	0.016822351269496	0.0173199235056254	0.0137470486847075	0.00856708879947199	0.00430818299439974	0.00183841863423234	0.000795158346972079	0.0005692809484653	0.000693471489343012	0.000849810829129734	0.000826663225401429	0.00061596887601573	0.000349234882009166	0.000150673511728448	5.08574670762373e-05	2.12337799392884e-05	3.82106971073346e-05	0.000113154457246231	0.000284722810524291	0.000580698141836035	0.000959522323233054	0.00127137888326087	0.0013290439809508	0.00107843306431183	0.000670595833813904	0.000316738078869012	0.000112998430043196	3.03460597134734e-05	6.09396957418475e-06	9.24462580611828e-07	3.05902320501826e-07	2.03934880334551e-07	1.359565868897e-07	1.359565868897e-07	1.359565868897e-07	9.06377245931337e-08	6.04251497287558e-08	4.02834331525039e-08	2.68556221016693e-08	1.79037480677795e-08	1.19358320451863e-08	7.95722136345756e-09
5.30481424230504e-09	7.95722136345756e-09	1.19358320451863e-08	1.79037480677795e-08	1.79037480677795e-08	2.68556221016692e-08	4.02834331525038e-08	6.04251497287557e-08	9.06377245931335e-08	1.359565868897e-07	2.03934880334551e-07	3.05902320501826e-07	3.29835455097228e-05	0.00018451505757999	0.000772644674202701	0.00242509775640763	0.00570829928956161	0.0100845297919353	0.013389712373837	0.013393785290086	0.0101373729149211	0.00585080028414548	0.00261188533383159	0.000930683874832551	0.000299137864290247	0.000144193518093516	0.000147512054678393	0.000180847603728224	0.000175989837844661	0.000130683005412592	7.3535270389178e-05	3.13605259922617e-05	1.04000691789645e-05	4.19296769148886e-06	7.46653498561103e-06	2.25817650068302e-05	5.83811795468038e-05	0.00012245478151258	0.000207462804880575	0.000280209617828642	0.000296712249855984	0.000242617865333977	0.000151471578350313	7.1661053476372e-05	2.5570342433712e-05	6.86228387060191e-06	1.3774952403818e-06	2.08575771015394e-07	3.05902320501826e-07	2.03934880334551e-07	2.03934880334551e-07	2.03934880334551e-07	2.03934880334551e-07	1.359565868897e-07	9.06377245931337e-08	6.04251497287558e-08	4.02834331525039e-08	2.68556221016692e-08	1.79037480677795e-08	1.19358320451863e-08
3.53654282820336e-09	5.30481424230504e-09	7.95722136345756e-09	1.19358320451863e-08	1.79037480677795e-08	2.68556221016692e-08	4.02834331525038e-08	6.04251497287557e-08	9.06377245931335e-08	1.359565868897e-07	2.03934880334551e-07	3.05902320501826e-07	2.05095460023464e-05	0.000114584835740934	0.000479414918769439	0.00150280781064815	0.00352999356681661	0.00621486687946378	0.00820475525413708	0.00812847184844607	0.006051538823899	0.0033943835102008	0.00144166913187958	0.000469022886303233	0.000122585550694139	3.5141867572108e-05	2.19455217486391e-05	2.69854887340255e-05	2.62783436215533e-05	1.93439998768808e-05	1.06825469280587e-05	4.42538830884896e-06	1.41147248256631e-06	5.63906325074384e-07	1.06682661441969e-06	3.30267204775568e-06	8.68443084170664e-06	1.84900964408893e-05	3.16873770207275e-05	4.30966294282191e-05	4.57611422531608e-05	3.74034848225972e-05	2.32926137872744e-05	1.09766639791137e-05	3.89800168893273e-06	1.04049467891688e-06	2.077163459986e-07	3.12560103769313e-08	3.05902320501826e-07	3.05902320501826e-07	3.05902320501826e-07	3.05902320501826e-07	3.05902320501826e-07	2.03934880334551e-07	1.359565868897e-07	9.06377245931337e-08	6.04251497287556e-08	4.02834331525038e-08	2.68556221016692e-08	1.79037480677795e-08
3.53654282820335e-09	5.30481424230502e-09	7.95722136345754e-09	1.19358320451863e-08	1.79037480677795e-08	2.68556221016692e-08	4.02834331525038e-08	6.04251497287557e-08	9.06377245931335e-08	1.359565868897e-07	2.03934880334551e-07	3.05902320501826e-07	9.52503025824988e-06	5.31928937428578e-05	0.000222493349619334	0.000697146164111195	0.00163640564050831	0.0028776969290523	0.00379164794030583	0.00374374003108406	0.00277064852815458	0.00153750694663609	0.000640125468130848	0.00020013231443302	4.70517642897673e-05	8.33595419228656e-06	7.83501988816532e-08	1.20654336015691e-08	3.05902320501826e-07	3.05902320501826e-07	3.05902320501826e-07	3.05902320501826e-07	3.05902320501826e-07	5.2127875381863e-09	3.35622930757401e-08	1.61862845226411e-07	5.84731726441055e-07	1.58226816570748e-06	3.20713665896076e-06	4.9037222824475e-06	5.73015440060767e-06	5.52360295794565e-06	5.54006640074265e-06	7.3858739116489e-06	1.09871563695299e-05	1.39506938388117e-05	1.36745606519973e-05	1.01037388275931e-05	5.59871065917327e-06	2.3248097834502e-06	7.23104008490457e-07	1.68472126274188e-07	2.94014865319655e-08	3.05902320501826e-07	2.03934880334551e-07	1.359565868897e-07	9.06377245931335e-08	6.04251497287557e-08	4.02834331525038e-08	2.68556221016692e-08
3.53654282820335e-09	5.30481424230502e-09	7.95722136345754e-09	1.19358320451863e-08	1.79037480677795e-08	2.68556221016692e-08	4.02834331525038e-08	6.04251497287557e-08	9.06377245931335e-08	1.359565868897e-07	2.03934880334551e-07	3.05902320501826e-07	3.30391060979746e-06	1.8447034960303e-05	7.71505091829929e-05	0.000241693497411803	0.000567159328054576	0.000996917307948705	0.00131258409185628	0.00129452094152297	0.000956323808528896	0.000529193863280336	0.000219350472471602	6.81045758779954e-05	1.5839007149404e-05	2.75926594315361e-06	3.05902320501826e-07	3.05902320501826e-07	2.03934880334551e-07	2.03934880334551e-07	2.03934880334551e-07	2.03934880334551e-07	2.03934880334551e-07	3.05902320501826e-07	3.05902320501826e-07	3.05902320501826e-07	3.05902320501826e-07	3.05902320501826e-07	3.05902320501826e-07	2.25689258488183e-07	1.26236457248167e-06	5.28898882751307e-06	1.65987141162684e-05	3.90202622665669e-05	6.87099870623085e-05	9.06282289383997e-05	8.954081912155e-05	6.62662777629465e-05	3.67348299468636e-05	1.5253778459496e-05	4.74450358356522e-06	1.10539645397262e-06	1.92912024515344e-07	3.05902320501826e-07	2.03934880334551e-07	1.359565868897e-07	9.06377245931335e-08	6.04251497287557e-08	4.02834331525038e-08	2.68556221016692e-08
3.53654282820335e-09	5.30481424230502e-09	7.95722136345754e-09	1.19358320451863e-08	1.79037480677795e-08	2.68556221016692e-08	4.02834331525038e-08	6.04251497287557e-08	9.06377245931335e-08	1.359565868897e-07	2.03934880334551e-07	3.05902320501826e-07	8.55937040527932e-07	4.78654915294608e-06	2.0033511861204e-05	6.28286303072595e-05	0.00014767106524424	0.000260180694619819	0.000343755200800531	0.000340753429188161	0.000253611788531081	0.000141872486336023	5.97420804952795e-05	1.89769534953954e-05	4.5600802349393e-06	8.32021648800677e-07	2.25227315168204e-08	3.2425431430023e-09	3.05902320501826e-07	2.03934880334551e-07	1.359565868897e-07	1.359565868897e-07	1.359565868897e-07	2.03934880334551e-07	2.03934880334551e-07	2.03934880334551e-07	2.03934880334551e-07	2.03934880334551e-07	3.05902320501826e-07	1.10599332840734e-06	6.18623502303555e-06	2.59187627999439e-05	8.13422277857093e-05	0.000191219334179289	0.000336714240610822	0.000444124887656059	0.000438796020829446	0.000324738809437155	0.000180019541530536	7.47513520236478e-05	2.32505053416294e-05	5.41701059026194e-06	9.45368040609236e-07	3.05902320501826e-07	2.03934880334551e-07	1.359565868897e-07	9.06377245931335e-08	6.04251497287557e-08	4.02834331525038e-08	2.68556221016692e-08
3.53654282820335e-09	5.30481424230502e-09	7.95722136345754e-09	1.19358320451863e-08	1.79037480677795e-08	2.68556221016692e-08	4.02834331525038e-08	6.04251497287557e-08	9.06377245931335e-08	1.359565868897e-07	2.03934880334551e-07	3.05902320501826e-07	1.65617780652521e-07	9.8048464162017e-07	4.21096356780295e-06	1.37009053328127e-05	3.39098648302959e-05	6.41592550119935e-05	9.33074622859331e-05	0.000104853905601376	9.14213435856091e-05	6.19678275416874e-05	3.26324477880357e-05	1.33086588486081e-05	4.18340446973235e-06	1.00800391334824e-06	1.67153018695324e-07	2.40646155284442e-08	3.05902320501826e-07	2.03934880334551e-07	1.359565868897e-07	1.359565868897e-07	1.359565868897e-07	1.359565868897e-07	1.359565868897e-07	1.359565868897e-07	1.359565868897e-07	2.03934880334551e-07	3.05902320501826e-07	4.04804873496942e-06	2.26422530914213e-05	9.48653235687895e-05	0.000297720875732317	0.000699882326542455	0.00123240856951066	0.00162554252676503	0.00160603832898895	0.00118857726622144	0.000658889939609173	0.000273597596137698	8.5099228284782e-05	1.98268129689381e-05	3.46014374822636e-06	3.05902320501826e-07	2.03934880334551e-07	1.359565868897e-07	9.06377245931335e-08	6.04251497287557e-08	4.02834331525038e-08	2.68556221016692e-08
3.53654282820335e-09	5.30481424230502e-09	7.95722136345754e-09	1.19358320451863e-08	1.79037480677795e-08	2.68556221016692e-08	4.02834331525038e-08	6.04251497287557e-08	9.06377245931335e-08	1.359565868897e-07	2.03934880334551e-07	3.05902320501826e-07	2.393446410522e-08	4.42797982474966e-07	2.46335269523602e-06	1.05384406610809e-05	3.44810453683534e-05	8.58548216074403e-05	0.000161999424400602	0.000230889486446842	0.000247953713188344	0.000200280283082269	0.000121522291431538	5.533982199794e-05	1.89023472260024e-05	4.8406681557112e-06	9.26528954997709e-07	1.33390131102759e-07	3.05902320501826e-07	2.03934880334551e-07	2.03934880334551e-07	2.03934880334551e-07	2.03934880334551e-07	2.03934880334551e-07	2.03934880334551e-07	2.03934880334551e-07	2.03934880334551e-07	2.03934880334551e-07	3.05902320501826e-07	1.10659974337299e-05	6.18962692911906e-05	0.000259329740300201	0.000813868276426893	0.00191324179536841	0.00336898860670823	0.00444368400859593	0.00439036612220967	0.0032491686338098	0.00180118246053691	0.000747923381104575	0.000232632535689791	5.4199807314071e-05	9.45886384900417e-06	3.05902320501826e-07	2.03934880334551e-07	1.359565868897e-07	9.06377245931335e-08	6.04251497287557e-08	4.02834331525038e-08	2.68556221016692e-08
2.35769521880224e-09	3.53654282820335e-09	5.30481424230502e-09	7.95722136345753e-09	1.19358320451863e-08	1.79037480677795e-08	2.68556221016692e-08	4.02834331525038e-08	6.04251497287556e-08	9.06377245931337e-08	1.359565868897e-07	2.03934880334551e-07	3.05902320501826e-07	1.27992081426392e-06	7.88436166943869e-06	3.63801024514377e-05	0.000125740516872881	0.000325537113517732	0.000631305712403245	0.000917049700658838	0.000997837845057927	0.000813281724119162	0.000496519144332357	0.00022706224483064	7.7779975076562e-05	1.99574300504418e-05	3.83579488349656e-06	5.52230105311886e-07	3.05902320501826e-07	3.05902320501826e-07	3.05902320501826e-07	3.05902320501826e-07	3.05902320501826e-07	3.05902320501826e-07	3.05902320501826e-07	3.05902320501826e-07	3.05902320501826e-07	3.05902320501826e-07	3.05902320501826e-07	2.25936816698307e-05	0.00012637492582934	0.000529479031144843	0.00166169212209596	0.00390630635338934	0.00687853549443633	0.00907276389071903	0.00896390363121386	0.00663389651439254	0.00367751243268964	0.00152705103062766	0.000474970782245076	0.000110660896168989	1.93123629426541e-05	3.05902320501826e-07	2.03934880334551e-07	1.359565868897e-07	9.06377245931335e-08	6.04251497287557e-08	4.02834331525038e-08	2.68556221016692e-08
2.35769521880223e-09	3.53654282820335e-09	5.30481424230502e-09	7.95722136345754e-09	1.19358320451863e-08	1.79037480677795e-08	2.68556221016692e-08	4.02834331525038e-08	6.04251497287557e-08	9.06377245931335e-08	1.359565868897e-07	2.03934880334551e-07	3.05902320501826e-07	3.95759263171943e-06	2.43789235248326e-05	0.000112489478879058	0.000388797289284566	0.0010065804598622	0.00195203547588709	0.00283557318374819	0.00308537501636234	0.00251471631917877	0.00153526724873792	0.000702090205166487	0.000240500390983445	6.17095817455766e-05	1.18605099616599e-05	1.72697583229877e-06	1.17596696525756e-07	5.3266401659588e-07	1.80728040926511e-06	4.59316097071596e-06	8.7440319218994e-06	1.24688312292705e-05	1.33184505467008e-05	1.06560341074391e-05	6.38633130810076e-06	2.86695734624218e-06	9.64061993813923e-07	3.46964655624357e-05	0.000192757905800392	0.000807421475173311	0.0025339533128405	0.00595681822975461	0.0104892401978971	0.0138352705725709	0.013669267008167	0.0101161844761489	0.00560792501084501	0.00232863595276286	0.000724294092249932	0.000168749397509099	2.94498754652521e-05	3.05902320501826e-07	2.03934880334551e-07	1.359565868897e-07	9.06377245931335e-08	6.04251497287557e-08	4.02834331525038e-08	2.68556221016692e-08
2.35769521880223e-09	3.53654282820335e-09	5.30481424230502e-09	7.95722136345754e-09	1.19358320451863e-08	1.79037480677795e-08	2.68556221016692e-08	4.02834331525038e-08	6.04251497287557e-08	9.06377245931335e-08	1.359565868897e-07	2.03934880334551e-07	3.05902320501826e-07	9.13967354078829e-06	5.63007421499087e-05	0.000259783461665004	0.000897889355545042	0.00232459923286246	0.0045080352249125	0.00654847924285035	0.00712537217055727	0.00580749166065665	0.00354554972102636	0.00162140873721479	0.000555412156977269	0.000142512250243431	2.73906890284821e-05	4.07200069533672e-06	7.77830283054493e-07	3.5232469537184e-06	1.19540554609851e-05	3.03809528967878e-05	5.78364276020194e-05	8.24736987598798e-05	8.80934113342087e-05	7.0483153616584e-05	4.22416788550843e-05	1.89631708204005e-05	6.37668094159537e-06	4.08466891058435e-05	0.000219789949188489	0.000919637548228962	0.00288601287672396	0.00678443996117063	0.0119465824902067	0.0157574998809432	0.0155684322994593	0.0115216955709232	0.00638707260745011	0.00265216936350831	0.000824925252638215	0.000192194912069922	3.35415492384742e-05	3.05902320501826e-07	2.03934880334551e-07	1.359565868897e-07	9.06377245931335e-08	6.04251497287557e-08	4.02834331525038e-08	2.68556221016692e-08
2.35769521880223e-09	3.53654282820335e-09	5.30481424230502e-09	7.95722136345754e-09	1.19358320451863e-08	1.79037480677795e-08	2.68556221016692e-08	4.02834331525038e-08	6.04251497287557e-08	9.06377245931335e-08	1.359565868897e-07	2.03934880334551e-07	3.05902320501826e-07	1.57645611615078e-05	9.71103058659104e-05	0.000448087368973243	0.00154872398872748	0.0040095837798703	0.00777568221711729	0.0112951410220583	0.0122901944888907	0.0100170489756325	0.006115539595462	0.00279668601854911	0.000958002370592109	0.000245812180839986	4.72448157495245e-05	7.4371725083786e-06	3.84260886649079e-06	1.7405416423272e-05	5.90549898938378e-05	0.000150086878226438	0.000285721415521312	0.000407433566179118	0.000435195865790861	0.000348198311284241	0.000208680805106468	9.36811665972966e-05	3.15018472008251e-05	4.13147304845194e-05	0.000188203771368711	0.000782465469534897	0.00245498887073144	0.00577118859487773	0.0101623687452237	0.0134041282872515	0.0132432978169156	0.00980093839036526	0.00543316777769993	0.00225606972277227	0.000701723242728916	0.00016349073628475	2.85321423031963e-05	3.05902320501826e-07	2.03934880334551e-07	1.359565868897e-07	9.06377245931335e-08	6.04251497287557e-08	4.02834331525038e-08	2.68556221016692e-08
2.35769521880223e-09	3.53654282820335e-09	5.30481424230502e-09	7.95722136345754e-09	1.19358320451863e-08	1.79037480677795e-08	2.68556221016692e-08	4.02834331525038e-08	6.04251497287557e-08	9.06377245931335e-08	1.359565868897e-07	2.03934880334551e-07	3.05902320501826e-07	2.03088202474549e-05	0.0001251031174164	0.000577252087032545	0.00199515589287609	0.00516537792700017	0.010017083941058	0.0145510545036127	0.0158329399799968	0.012904542344813	0.00787839211558184	0.00360285282015752	0.00123415410943985	0.000316669480626168	6.08635064973448e-05	1.11070044690199e-05	1.41781354559851e-05	6.42210436427642e-05	0.000217896141698988	0.000553777957526993	0.00105423088133258	0.00150331415226188	0.00160574915362188	0.00128475288390247	0.000769972907642177	0.000345656900256976	0.00011623286997069	5.04844733269133e-05	0.000124145123562789	0.0004977740423572	0.00155974067712403	0.00366663886508908	0.0064565098835404	0.00851611360860706	0.00841393236058	0.0062268804814926	0.00345188236474298	0.00143336035408886	0.000445829428726318	0.000103871408443618	1.81274723834195e-05	3.05902320501826e-07	2.03934880334551e-07	1.359565868897e-07	9.06377245931335e-08	6.04251497287557e-08	4.02834331525038e-08	2.68556221016692e-08
2.35769521880223e-09	3.53654282820335e-09	5.30481424230502e-09	7.95722136345754e-09	1.19358320451863e-08	1.79037480677795e-08	2.68556221016692e-08	4.02834331525038e-08	6.04251497287557e-08	9.06377245931335e-08	1.359565868897e-07	2.03934880334551e-07	3.05902320501826e-07	1.95406548235479e-05	0.000120371188724762	0.00055541797314835	0.00191969066380135	0.0049700015005713	0.00963819548578894	0.0140006721172965	0.0152340712666379	0.0124164380078872	0.00758039802506197	0.00346657769781417	0.001187473184448	0.000304691702357433	5.85613914212679e-05	1.48922338904726e-05	3.90718225208502e-05	0.000176979069434311	0.000600473835425727	0.00152609023518109	0.00290522840745169	0.00414280311629154	0.00442509144718568	0.00354049633809906	0.00212187596081673	0.000952554382194638	0.00032031222163749	9.07443507365346e-05	7.15105714695858e-05	0.000237984611232259	0.000740128072239262	0.00173989330060932	0.00306374276415599	0.00404106582623137	0.0039925787852569	0.00295477903117156	0.001637987056236	0.000680158087338012	0.000211554959404641	4.92890558152947e-05	8.6018473368595e-06	3.05902320501826e-07	2.03934880334551e-07	1.359565868897e-07	9.06377245931335e-08	6.04251497287557e-08	4.02834331525038e-08	2.68556221016692e-08
2.35769521880223e-09	3.53654282820335e-09	5.30481424230502e-09	7.95722136345754e-09	1.19358320451863e-08	1.79037480677795e-08	2.68556221016692e-08	4.02834331525038e-08	6.04251497287557e-08	9.06377245931335e-08	1.359565868897e-07	2.03934880334551e-07	3.05902320501826e-07	1.40425228199057e-05	8.65024831455336e-05	0.000399140644617628	0.00137954946735485	0.003571597785077	0.0069263676249981	0.0100616762145183	0.0109492639156323	0.00892811112704324	0.00546063744095289	0.00251567434639207	0.000887560038363619	0.000254755091001557	7.01416320363726e-05	3.58317705531852e-05	8.76647247129545e-05	0.000366652501102142	0.0012365087087428	0.0031411698724483	0.0059796743460384	0.00852688587119668	0.00910790319515283	0.00728719356313141	0.00436733140408471	0.00196058617199088	0.000659279642402423	0.000169627440674971	5.12804394868863e-05	8.80096621459325e-05	0.000262308861706322	0.000616635753042681	0.00108582136953041	0.00143219453053849	0.00141501023365452	0.00104720352237871	0.000580519151112616	0.000241054893554028	7.49772136352901e-05	1.74685390413211e-05	3.0485815470782e-06	3.05902320501826e-07	2.03934880334551e-07	1.359565868897e-07	9.06377245931335e-08	6.04251497287557e-08	4.02834331525038e-08	2.68556221016692e-08
2.35769521880223e-09	3.53654282820335e-09	5.30481424230502e-09	7.95722136345754e-09	1.19358320451863e-08	1.79037480677795e-08	2.68556221016692e-08	4.02834331525038e-08	6.04251497287557e-08	9.06377245931335e-08	1.359565868897e-07	2.03934880334551e-07	3.05902320501826e-07	7.53707385695172e-06	4.64286661762382e-05	0.000214231627491461	0.000740448590194402	0.00191699145792318	0.00371791612831143	0.00540227229115917	0.00588501820780758	0.00481924831212209	0.00299873422736143	0.00147675968557268	0.000653131053178633	0.000321696799464691	0.000182631183149446	0.000117665939440326	0.000164954483800929	0.000573586960648717	0.0019032917153046	0.00482925334217372	0.00919238624518651	0.013108053754057	0.0140012293435394	0.0112023224404127	0.00671373062467051	0.00301393372916232	0.00101348524210441	0.000256223084017743	5.34450352789008e-05	2.89312111037299e-05	6.94337555958918e-05	0.000163224894080741	0.000287419399795878	0.000379105167672594	0.000374556444986798	0.000277197167335533	0.000153664746950928	6.38077816180035e-05	1.9846639922681e-05	4.62396223491047e-06	8.06966507639232e-07	3.05902320501826e-07	2.03934880334551e-07	1.359565868897e-07	9.06377245931335e-08	6.04251497287557e-08	4.02834331525038e-08	2.68556221016692e-08
2.35769521880223e-09	3.53654282820335e-09	5.30481424230502e-09	7.95722136345754e-09	1.19358320451863e-08	1.79037480677795e-08	2.68556221016692e-08	4.02834331525038e-08	6.04251497287557e-08	9.06377245931335e-08	1.359565868897e-07	2.03934880334551e-07	3.05902320501826e-07	3.0214263425538e-06	1.86121030119848e-05	8.58801565429613e-05	0.000296827511336741	0.000768474423808054	0.00149174867992465	0.00217350557211469	0.0023940751730699	0.00204798366055872	0.00149111227388313	0.00113099209248154	0.00101482545772252	0.000916949370378594	0.000690885257865211	0.00042511597548555	0.000318014570987152	0.000700938522025962	0.00219572467014628	0.00554664952918864	0.0105545238946418	0.0150500375951656	0.0160755388978769	0.0128619684542564	0.00770838296828263	0.00346045391515057	0.00116363506604449	0.00029328573778246	5.63440978047721e-05	1.21894017520771e-05	1.37271366691341e-05	3.22697571177303e-05	5.68231596936974e-05	7.49495458506441e-05	7.4050257925887e-05	5.48022120891418e-05	3.03797045762581e-05	1.26148748732875e-05	3.92370449075716e-06	9.1416287376059e-07	1.5953824537806e-07	3.05902320501826e-07	2.03934880334551e-07	1.359565868897e-07	9.06377245931335e-08	6.04251497287557e-08	4.02834331525038e-08	2.68556221016692e-08
