0.00763682960804804	0.00469881329195956	0.00256321694354101	0.00132320809754237	0.000707322932401749	0.000428295751213158	0.000329871444432005	0.000359559314928654	0.000496386689811957	0.000687515092475304	0.000847493891742696	0.000897010233372626	0.000811058916301522	0.000631595097042636	0.000431052164274059	0.000265017688242942	0.000151772912300853	8.30781849056716e-05	4.34869465849329e-05	2.12011622953331e-05	9.12556936825601e-06	3.51567749684246e-06	1.11801441722142e-06	3.10146950438449e-07	6.7611085351151e-08	1.30844234672691e-08	3.05902320501826e-07	3.05902320501826e-07	2.03934880334551e-07	1.359565868897e-07	9.06377245931337e-08	6.04251497287558e-08	4.02834331525039e-08	2.68556221016692e-08	1.79037480677795e-08	1.19358320451863e-08	7.95722136345756e-09	5.30481424230504e-09	5.30481424230502e-09	5.30481424230502e-09	5.30481424230502e-09	5.30481424230502e-09	5.30481424230502e-09	5.30481424230502e-09	5.30481424230502e-09	5.30481424230502e-09	5.30481424230502e-09	5.30481424230502e-09	5.30481424230502e-09	5.30481424230502e-09	5.30481424230502e-09	3.53654282820335e-09	2.35769521880224e-09	1.57179681253482e-09	1.04786454168989e-09	6.98576361126592e-10	4.65717574084395e-10	3.1047838272293e-10	2.06985588481954e-10	1.37990392321303e-10
0.0134367543850684	0.0086705416889166	0.00519361204831562	0.00313399690733946	0.0020369453574848	0.0014627771467687	0.0012212230039685	0.00129021943589944	0.00165537738114366	0.00218238104048889	0.00263105280551765	0.00277421032373387	0.00253575691504543	0.00202712342906542	0.00144760839046146	0.000953493844382134	0.000599263454425799	0.000366231150903271	0.000215831821629027	0.00011938049009299	5.98358693422135e-05	2.71822402001536e-05	1.07827068440499e-05	3.80750135631967e-06	1.14840847973738e-06	3.05743407776872e-07	5.82318480586264e-08	1.12339294380853e-08	3.05902320501826e-07	2.03934880334551e-07	1.359565868897e-07	9.06377245931337e-08	6.04251497287556e-08	4.02834331525038e-08	2.68556221016692e-08	1.79037480677795e-08	1.19358320451863e-08	7.95722136345758e-09	7.95722136345754e-09	7.95722136345754e-09	7.95722136345754e-09	7.95722136345754e-09	7.95722136345754e-09	7.95722136345754e-09	7.95722136345754e-09	7.95722136345754e-09	7.95722136345754e-09	7.95722136345754e-09	7.95722136345754e-09	7.95722136345754e-09	7.95722136345754e-09	5.30481424230502e-09	3.53654282820335e-09	2.35769521880224e-09	1.57179681253483e-09	1.04786454168989e-09	6.98576361126592e-10	4.65717574084395e-10	3.10478382722931e-10	2.06985588481954e-10
0.0197513251611198	0.0137932714094415	0.00945399279989898	0.00681564400677488	0.00524840066988088	0.00425179464796555	0.0037444795867662	0.00386255432826187	0.00464081665867709	0.00579223718782405	0.00677511911840304	0.00707964826398848	0.00653444768641918	0.00537940123149258	0.00404485944267381	0.00286862432672909	0.00197024812574415	0.00131716328146327	0.000841320262612568	0.000499201630700116	0.000267667482311182	0.000128786540740827	5.42064371093181e-05	2.00680563588372e-05	6.3392183896826e-06	1.74251496462744e-06	3.62150628158848e-07	6.46219587054637e-08	1.36763879066731e-09	3.05902320501826e-07	2.03934880334551e-07	1.359565868897e-07	9.06377245931335e-08	6.04251497287556e-08	4.02834331525038e-08	2.68556221016692e-08	1.79037480677795e-08	1.19358320451864e-08	1.19358320451863e-08	1.19358320451863e-08	1.19358320451863e-08	1.19358320451863e-08	1.19358320451863e-08	1.19358320451863e-08	1.19358320451863e-08	1.19358320451863e-08	1.19358320451863e-08	1.19358320451863e-08	1.19358320451863e-08	1.19358320451863e-08	1.19358320451863e-08	7.95722136345753e-09	5.30481424230504e-09	3.53654282820336e-09	2.35769521880224e-09	1.57179681253483e-09	1.04786454168989e-09	6.98576361126595e-10	4.65717574084397e-10	3.10478382722931e-10
0.0255706737216258	0.020084939031764	0.0162044644507684	0.0138317540106132	0.0121912536185984	0.0108489346869569	0.0100182241752412	0.0101634717240949	0.0114333286982474	0.013325313740977	0.0148764881446888	0.0152166735217499	0.0140903695935379	0.0119364113911125	0.00947983320980474	0.00725739847749162	0.005432870719497	0.00394271787600202	0.00270550868465491	0.00170853897906756	0.000970450575962215	0.000490372833629383	0.000216188997756752	8.29654541072562e-05	2.70984939059902e-05	7.62085573142027e-06	1.66795729915212e-06	2.91047291700113e-07	1.08587732544875e-08	3.05902320501826e-07	2.03934880334551e-07	1.359565868897e-07	9.06377245931335e-08	9.06377245931335e-08	6.04251497287556e-08	4.02834331525039e-08	2.68556221016693e-08	1.79037480677795e-08	1.79037480677795e-08	1.79037480677795e-08	1.79037480677795e-08	1.79037480677795e-08	1.79037480677795e-08	1.79037480677795e-08	1.79037480677795e-08	1.79037480677795e-08	1.79037480677795e-08	1.79037480677795e-08	1.79037480677795e-08	1.79037480677795e-08	1.79037480677795e-08	1.19358320451863e-08	7.95722136345756e-09	5.30481424230504e-09	3.53654282820336e-09	2.35769521880224e-09	1.57179681253484e-09	1.04786454168989e-09	6.98576361126595e-10	4.65717574084397e-10
0.0315072805931976	0.028436962811776	0.0267277381217144	0.0260207885370413	0.0253539823375451	0.0243221270909146	0.0234568241438031	0.0236223208320716	0.0251237914461441	0.0272533363844189	0.0286932286856241	0.0283825490262905	0.0261733208915438	0.0227836373960898	0.0191504973123449	0.01582889634871	0.0128551605326475	0.0100539114209968	0.00736276553359272	0.00492090325358492	0.00294049129759659	0.00155005230112067	0.000709285293121829	0.000279979107737003	9.37962054413641e-05	2.68344936198047e-05	6.08918716301103e-06	1.04794699937699e-06	5.58909676993754e-08	3.05902320501826e-07	2.03934880334551e-07	1.359565868897e-07	1.359565868897e-07	1.359565868897e-07	9.06377245931337e-08	6.04251497287558e-08	4.02834331525039e-08	2.68556221016693e-08	2.68556221016692e-08	2.68556221016692e-08	2.68556221016692e-08	2.68556221016692e-08	2.68556221016692e-08	2.68556221016692e-08	2.68556221016692e-08	2.68556221016692e-08	2.68556221016692e-08	2.68556221016692e-08	2.68556221016692e-08	2.68556221016692e-08	2.68556221016692e-08	1.79037480677795e-08	1.19358320451863e-08	7.95722136345756e-09	5.30481424230504e-09	3.53654282820338e-09	2.35769521880225e-09	1.57179681253484e-09	1.04786454168989e-09	6.98576361126595e-10
0.0393681575377334	0.0400876104616921	0.042116176499949	0.044891630183469	0.0470697571701009	0.0478954445449553	0.0478821624197088	0.0481211558172413	0.0490613091775619	0.0499616889479883	0.0495568686172228	0.0471468949657561	0.0431210751848011	0.0385463155234911	0.0342846324001913	0.0304691673674346	0.0266237804135316	0.0222400144433873	0.0172503478986089	0.0121204886553454	0.00756457419537234	0.00413310263606457	0.00194984566609662	0.000788154144669414	0.000269853815235209	7.84516222305699e-05	1.8347450808041e-05	3.1489669724834e-06	2.31816104201239e-07	3.05902320501826e-07	2.03934880334551e-07	2.03934880334551e-07	2.03934880334551e-07	2.03934880334551e-07	1.359565868897e-07	9.06377245931337e-08	6.04251497287558e-08	4.02834331525039e-08	4.02834331525038e-08	4.02834331525038e-08	4.02834331525038e-08	4.02834331525038e-08	4.02834331525038e-08	4.02834331525038e-08	4.02834331525038e-08	4.02834331525038e-08	4.02834331525038e-08	4.02834331525038e-08	4.02834331525038e-08	4.02834331525038e-08	4.02834331525038e-08	2.68556221016692e-08	1.79037480677795e-08	1.19358320451863e-08	7.95722136345758e-09	5.30481424230506e-09	3.53654282820338e-09	2.35769521880225e-09	1.57179681253484e-09	1.04786454168989e-09
0.0499104791265311	0.0550115709733122	0.0619532620774039	0.0701149159831384	0.0774641445130157	0.0822897596086142	0.0844767714884193	0.084958248370017	0.0842865733956407	0.0820517456348379	0.0777406650202463	0.0717786938081212	0.0655463381235092	0.0603996128296263	0.0566804736297065	0.0535533330278281	0.0495682220398998	0.0435585613833039	0.0353164458534797	0.0257919228798393	0.0166434197044914	0.0093501688797316	0.0045178778554998	0.00186269235470777	0.000649899864799488	0.000191847787178513	4.60495404215988e-05	7.97976538760278e-06	7.57261924043814e-07	3.05902320501826e-07	3.05902320501826e-07	3.05902320501826e-07	3.05902320501826e-07	3.05902320501826e-07	2.03934880334551e-07	1.359565868897e-07	9.06377245931337e-08	6.04251497287556e-08	6.04251497287557e-08	6.04251497287557e-08	6.04251497287557e-08	6.04251497287557e-08	6.04251497287557e-08	6.04251497287557e-08	6.04251497287557e-08	6.04251497287557e-08	6.04251497287557e-08	6.04251497287557e-08	6.04251497287557e-08	6.04251497287557e-08	6.04251497287557e-08	4.02834331525038e-08	2.68556221016692e-08	1.79037480677795e-08	1.19358320451864e-08	7.95722136345758e-09	5.30481424230506e-09	3.53654282820338e-09	2.35769521880224e-09	1.57179681253483e-09
0.0614852177280107	0.0709872161160904	0.0834176124504806	0.0981694727959304	0.11230706934584	0.122773324698037	0.128385545996386	0.129606187393993	0.127103135324668	0.121198610660003	0.112724077040381	0.103657264484135	0.0963808808873332	0.0921765709383478	0.0904031742194366	0.088918622654005	0.0850980098065509	0.0769533600565345	0.0640334865051774	0.0479044121588261	0.031611712902488	0.0181306604204675	0.00893923460304545	0.00376205988078235	0.00134508177201749	0.000409784059836672	0.000104816827201857	2.1096897145581e-05	3.76317991292761e-06	7.38749475212867e-07	2.66144387210949e-07	7.81483672496729e-08	2.05214561116449e-08	4.45146470478724e-09	3.05902320501826e-07	2.03934880334551e-07	1.359565868897e-07	9.06377245931335e-08	9.06377245931335e-08	9.06377245931335e-08	9.06377245931335e-08	9.06377245931335e-08	9.06377245931335e-08	9.06377245931335e-08	9.06377245931335e-08	9.06377245931335e-08	9.06377245931335e-08	9.06377245931335e-08	9.06377245931335e-08	9.06377245931335e-08	9.06377245931335e-08	6.04251497287556e-08	4.02834331525039e-08	2.68556221016693e-08	1.79037480677795e-08	1.19358320451864e-08	7.95722136345758e-09	5.30481424230504e-09	3.53654282820336e-09	2.35769521880224e-09
0.071070249515058	0.0846198595696222	0.102318899107954	0.123479170680759	0.144330626370266	0.160673604556575	0.170415958962651	0.173646722850478	0.171305537389007	0.164611064261892	0.155654190470937	0.147456032238343	0.142633129532477	0.141725812095558	0.142802387278652	0.142474630622016	0.137230748702726	0.124614000061463	0.104253496479749	0.0786250450796499	0.0524577273143315	0.0305125514002311	0.0153172979418965	0.00660270912997672	0.00244639475075298	0.000790662551762002	0.000228030862363874	6.00902486913275e-05	1.7414279438797e-05	5.49134195703874e-06	1.96839724714413e-06	5.79212391081186e-07	1.49821201654689e-07	3.15529918030783e-08	3.05902320501826e-07	2.03934880334551e-07	1.359565868897e-07	1.359565868897e-07	1.359565868897e-07	1.359565868897e-07	1.359565868897e-07	1.359565868897e-07	1.359565868897e-07	1.359565868897e-07	1.359565868897e-07	1.359565868897e-07	1.359565868897e-07	1.359565868897e-07	1.359565868897e-07	1.359565868897e-07	1.359565868897e-07	9.06377245931337e-08	6.04251497287558e-08	4.02834331525039e-08	2.68556221016693e-08	1.79037480677795e-08	1.19358320451863e-08	7.95722136345756e-09	5.30481424230504e-09	3.53654282820336e-09
0.0763198385235595	0.0936478184985567	0.1161329859945	0.142761791664601	0.16919648963531	0.19071322912072	0.204985159806583	0.212344016835408	0.214449792825089	0.213318055490747	0.211351601703476	0.211051210991415	0.213832115943112	0.218761540265931	0.222567318202536	0.220938920321194	0.210078160541457	0.1879838228332	0.155427464973868	0.116544289860436	0.0779086094033153	0.04581958112122	0.0235242558936115	0.010547998220961	0.00418332151553052	0.00152182475223448	0.000536752305097364	0.000192798605528409	7.41453065141902e-05	2.7699863683056e-05	9.89181145684002e-06	2.91341012750174e-06	7.46865997365533e-07	1.56500857510491e-07	3.05902320501826e-07	2.03934880334551e-07	2.03934880334551e-07	2.03934880334551e-07	2.03934880334551e-07	2.03934880334551e-07	2.03934880334551e-07	2.03934880334551e-07	2.03934880334551e-07	2.03934880334551e-07	2.03934880334551e-07	2.03934880334551e-07	2.03934880334551e-07	2.03934880334551e-07	2.03934880334551e-07	2.03934880334551e-07	2.03934880334551e-07	1.359565868897e-07	9.06377245931337e-08	6.04251497287558e-08	4.02834331525039e-08	2.68556221016692e-08	1.79037480677795e-08	1.19358320451863e-08	7.95722136345756e-09	5.30481424230504e-09
0.0768386965336852	0.0983258496588835	0.125906401281269	0.157960369199843	0.189696724878361	0.21620738582576	0.235481869751737	0.248957813448176	0.259893931605189	0.271177376739007	0.284320339947392	0.299326368207755	0.31480796981712	0.327786935823025	0.333775004771407	0.327785700625553	0.306138807296752	0.268285465087037	0.217661738612865	0.161292842021852	0.107825898255944	0.06447556357497	0.0344296540982202	0.0165955969534802	0.00742047364980509	0.00322715548606665	0.00142138138017272	0.000635520076622155	0.000278156731829311	0.000110812157764618	3.9464364260215e-05	1.16335806061111e-05	2.96056749178168e-06	6.16856174227669e-07	3.05902320501826e-07	3.05902320501826e-07	3.05902320501826e-07	3.05902320501826e-07	3.05902320501826e-07	3.05902320501826e-07	3.05902320501826e-07	3.05902320501826e-07	3.05902320501826e-07	3.05902320501826e-07	3.05902320501826e-07	3.05902320501826e-07	3.05902320501826e-07	3.05902320501826e-07	3.05902320501826e-07	3.05902320501826e-07	3.05902320501826e-07	2.03934880334551e-07	1.359565868897e-07	9.06377245931337e-08	6.04251497287556e-08	4.02834331525038e-08	2.68556221016692e-08	1.79037480677795e-08	1.19358320451863e-08	7.95722136345753e-09
0.0738111047394055	0.100041105564906	0.133625049844425	0.172237102922157	0.21044288393766	0.242780852268991	0.267434207602232	0.287542452835962	0.309030439667143	0.336232680264543	0.369214893995575	0.404162791051734	0.435813319227767	0.458887511745197	0.467864433785364	0.457069832316895	0.422736749148079	0.365984246894609	0.293823371321566	0.217179257954541	0.14709448379764	0.0912649849344725	0.0522374778845335	0.0280942853412281	0.0145895040724409	0.00751883976773472	0.00385332306790281	0.00191517919897183	0.00088181899079087	0.000359792664163512	0.000127961428043499	3.78400356837798e-05	9.58949983939422e-06	1.99445623789674e-06	3.04659242467336e-08	7.18449246166371e-08	2.3217135662487e-07	6.19765905785098e-07	1.36663714448263e-06	2.48934595298475e-06	3.74562063278654e-06	4.65552665856283e-06	4.77991687122774e-06	4.0539497983806e-06	2.84016051675551e-06	1.64366724907829e-06	7.85762709669955e-07	3.10295461794941e-07	1.01219906091187e-07	2.72748853005629e-08	6.07108666521804e-09	3.05902320501826e-07	2.03934880334551e-07	1.359565868897e-07	9.06377245931335e-08	6.04251497287557e-08	4.02834331525038e-08	2.68556221016692e-08	1.79037480677795e-08	1.19358320451863e-08
0.0682771306013335	0.0984760479770385	0.137583580653947	0.182829443833538	0.227991058326218	0.266478867531386	0.296154525790236	0.321872795388443	0.35271432778541	0.394958201713756	0.447399961297567	0.502371833466122	0.550849772148454	0.585707783498036	0.600912232034376	0.590147595354392	0.548824473703114	0.478513526148453	0.388730846748475	0.293755528834429	0.206964114509084	0.136787901121951	0.0856613337955104	0.0515503575675788	0.0301949770605453	0.017299891550881	0.00956004242711271	0.00496598275301278	0.0023371453989639	0.000967484260203498	0.000347209903159431	0.000104927508004907	2.73261924455404e-05	6.0069428914924e-06	4.25043242932867e-07	4.9324332921392e-07	1.42628804659465e-06	3.77387018036208e-06	8.32170843667956e-06	1.51580917454206e-05	2.28077825531815e-05	2.83483700323508e-05	2.91058052347766e-05	2.46852563427365e-05	1.7294267047568e-05	1.00085964068588e-05	4.78465567593223e-06	1.88944693381642e-06	6.16346884672027e-07	1.66081863083772e-07	3.69679789004153e-08	3.05902320501826e-07	2.03934880334551e-07	1.359565868897e-07	9.06377245931335e-08	6.04251497287557e-08	4.02834331525038e-08	2.68556221016692e-08	1.79037480677795e-08	1.19358320451863e-08
0.0599623196836015	0.091129104018561	0.132319638159471	0.180829789192787	0.230042013799373	0.27248112043887	0.305699365234678	0.335851331938638	0.374352815737354	0.428719258600478	0.496514172420092	0.567202969045618	0.629577580435251	0.676339967629181	0.702356360464642	0.70133337082196	0.667059727762859	0.598962786638587	0.50543980537422	0.401106595780424	0.300584006487259	0.213948221452188	0.14552528834971	0.0951626503406764	0.0599920142779471	0.0363310846887287	0.0208130426599608	0.0110384537149226	0.00526608392002217	0.00221093794645308	0.000806939835633191	0.000251860397354242	6.83445704344248e-05	1.6130510400665e-05	2.23172843319919e-06	2.40148492789414e-06	6.81961566501665e-06	1.80164411560019e-05	3.97278028128824e-05	7.236466940218e-05	0.000108884262740817	0.00013533500521934	0.000138950997848075	0.000117847315107449	8.25627617558369e-05	4.77809992396302e-05	2.28419270715064e-05	9.0202121094758e-06	2.94243756374079e-06	7.92874150493657e-07	1.76484983500876e-07	3.05902320501826e-07	2.03934880334551e-07	1.359565868897e-07	9.06377245931335e-08	6.04251497287557e-08	4.02834331525038e-08	2.68556221016692e-08	1.79037480677795e-08	1.19358320451863e-08
0.0484338954579811	0.0764493838460657	0.114298918691052	0.159779711483134	0.206833277577837	0.248476159670227	0.282890980573161	0.317010162377157	0.362585966529716	0.426288136705003	0.503857294149926	0.58326845908916	0.653668212667349	0.710207751360068	0.750826267004643	0.770558535595598	0.761137415318655	0.716839413250603	0.639963812519598	0.540792453991598	0.433096934170211	0.32949794766176	0.23877432788256	0.165225514447558	0.10917712869127	0.0685397293156443	0.0403252025630529	0.0218356833463953	0.010638178822542	0.00458761377845644	0.00173541741514092	0.000572440557118806	0.000166465419752694	4.32852825253965e-05	9.22440872057e-06	9.19411931480447e-06	2.55712379453625e-05	6.74332101199278e-05	0.000148696030003223	0.00027085160242264	0.000407539719114224	0.000506541428715909	0.000520075621657468	0.000441087265398282	0.000309021743714806	0.000178838103128527	8.54943800731608e-05	3.37614878120348e-05	1.10131634090455e-05	2.96762544422303e-06	6.60560477642499e-07	3.05902320501826e-07	2.03934880334551e-07	1.359565868897e-07	9.06377245931335e-08	6.04251497287557e-08	4.02834331525038e-08	2.68556221016692e-08	1.79037480677795e-08	1.19358320451863e-08
0.0348991298888438	0.0566320000033061	0.086543598805054	0.123111984256155	0.161816965581296	0.197774204447668	0.230882644319526	0.268259463408753	0.319858472320556	0.389463927802069	0.470620717276786	0.551342644411586	0.623501971685348	0.686797996867944	0.74382209845694	0.792033703328925	0.82120982578147	0.818671848791007	0.776990316673114	0.698267975082231	0.593211552811913	0.476885178220092	0.363674233330804	0.2637248469835	0.181810883317933	0.11851466352217	0.0721502095215495	0.0403773025428382	0.0204015984899251	0.00919606863063295	0.00367615717724435	0.00130326015043695	0.00041190287017309	0.000117721879003518	3.14985481607721e-05	2.80558714479987e-05	7.52748163355547e-05	0.000197889698556648	0.0004363419583022	0.00079480211144724	0.00119590737641331	0.00148642353775217	0.00152613903151506	0.00129435117509107	0.000906810711809564	0.00052479254581619	0.000250879497079693	9.90716006794519e-05	3.2317643510058e-05	8.70836630817678e-06	1.93838566090377e-06	3.05902320501826e-07	2.03934880334551e-07	1.359565868897e-07	9.06377245931335e-08	6.04251497287557e-08	4.02834331525038e-08	2.68556221016692e-08	1.79037480677795e-08	1.19358320451863e-08
0.0219999492689909	0.0365475264136231	0.0568633355691352	0.0821015997331019	0.10970942486733	0.137552515056456	0.167400216038391	0.205771044581659	0.259623008244038	0.329449318508724	0.407557016964377	0.483681675510818	0.553586912451946	0.621574393878662	0.694414729049241	0.77195975459554	0.842754478293727	0.888015237317748	0.890764213202035	0.84420510367474	0.75454620766385	0.637421821428313	0.510866725305471	0.389446935368598	0.282046365291186	0.192747428667315	0.122747351019406	0.0717645461912405	0.0379452369653886	0.0179749548786034	0.00759709332267009	0.00287000851663806	0.000973932032641269	0.00030519686144216	0.000100872349195888	8.37886886016918e-05	0.000188090925113777	0.000465717311022989	0.00101016780277203	0.00183170706902391	0.0027526615891995	0.00342018153583364	0.00351123497787962	0.00297787681918396	0.0020862587922805	0.00120736348314402	0.000577185681958314	0.0002279289860929	7.43515565272088e-05	2.00348948592287e-05	4.45954517053088e-06	3.05902320501826e-07	2.03934880334551e-07	1.359565868897e-07	9.06377245931335e-08	6.04251497287557e-08	4.02834331525038e-08	2.68556221016692e-08	1.79037480677795e-08	1.19358320451863e-08
0.0120203817243953	0.0204598832302151	0.0324488208651781	0.0477336080964517	0.0654755738235631	0.0857165891627057	0.111206864075986	0.147078908095742	0.197351423164782	0.260549962311535	0.329767994544128	0.397842976371216	0.464042867035881	0.535218585587427	0.619921127598614	0.719397021996722	0.822445737705463	0.907871711437228	0.953395855183065	0.945957413152897	0.886752895307956	0.78839822819658	0.667501693391191	0.53865690176406	0.412632892356485	0.297274742247026	0.198723177358319	0.121510255888563	0.067100811543867	0.0332212042435551	0.0147084359914015	0.00583993314783102	0.00209898140107855	0.000714973254014892	0.000277110614043593	0.000217664565027373	0.000390750956830892	0.000875968600557673	0.00184360742158654	0.00331463944938727	0.0049694941620474	0.00617061011223081	0.00633376679975211	0.00537140430967914	0.00376308057620347	0.00217776588926447	0.00104109102808664	0.000411123889381824	0.000134110635180905	3.61376762081713e-05	8.04384552755089e-06	3.05902320501826e-07	2.03934880334551e-07	1.359565868897e-07	9.06377245931335e-08	6.04251497287557e-08	4.02834331525038e-08	2.68556221016692e-08	1.79037480677795e-08	1.19358320451863e-08
0.00569565601018139	0.0100318552980319	0.0164277177358145	0.0250653039411289	0.0361539690838936	0.0507537345571337	0.0714628349719261	0.101689503248195	0.143444645632193	0.195124009241837	0.252244669781213	0.311010545483353	0.372635849691245	0.44380535210044	0.532318081413152	0.640052920023139	0.758174253931203	0.867990122124912	0.947842911265755	0.98249067833579	0.968166632422464	0.910439907192519	0.818375080087599	0.701012743335289	0.567761978231601	0.429842949102844	0.300164259218701	0.190911336168211	0.10949986086042	0.056357621588848	0.026010940419776	0.0108170443319504	0.00413338198059137	0.00156792609901836	0.000732459558214913	0.00056937175754253	0.000760682743928282	0.00138548363845359	0.00269498331397185	0.00473111898695095	0.0070456262405402	0.00873230419449987	0.00895863089724218	0.00759638062486885	0.00532164305217093	0.00307969084259483	0.00147226041206337	0.000581391454215863	0.000189652752436446	5.11041480811102e-05	1.13752160103916e-05	3.05902320501826e-07	2.03934880334551e-07	1.359565868897e-07	9.06377245931335e-08	6.04251497287557e-08	4.02834331525038e-08	2.68556221016692e-08	1.79037480677795e-08	1.19358320451863e-08
0.00245357431071446	0.00461471566394761	0.0080873653913784	0.0132691014993184	0.0207021465749457	0.0314508460112338	0.0473049753106044	0.0702640019117152	0.101539033391073	0.140611673804985	0.185642221587064	0.235107041125054	0.290258247270344	0.355834106118991	0.437925154382765	0.539395636022431	0.655733957557498	0.774323663257713	0.878414684705772	0.953781080832272	0.99221732507062	0.989876961670709	0.944246445119997	0.854802516921224	0.726838500533239	0.573898186656068	0.416019559315366	0.274190799928925	0.163183882982036	0.0874540988162963	0.042246682712765	0.0185431443061913	0.00765426722750078	0.00332308348763638	0.00186764055320049	0.00148300069308525	0.00153005088722922	0.00202666136173024	0.00328825059035439	0.00540174222664093	0.00788144747712346	0.00970892530469152	0.00994211199426018	0.00842524418250015	0.00590104923353893	0.0034146784233206	0.00163235896416349	0.000644605025564168	0.000210270262315775	5.66597767993913e-05	1.26118372851202e-05	3.05902320501826e-07	2.03934880334551e-07	1.359565868897e-07	9.06377245931335e-08	6.04251497287557e-08	4.02834331525038e-08	2.68556221016692e-08	1.79037480677795e-08	1.19358320451863e-08
0.00115250265452712	0.0024714846659745	0.00484602998972121	0.00867435024380682	0.0143170917100127	0.0222893076276522	0.0334917544663527	0.0491908694893893	0.070759111236032	0.0990630997537776	0.133994776612835	0.174658572301448	0.221011171655915	0.275583330530308	0.343438607534552	0.429369462056386	0.533865128575559	0.650963613841813	0.769787570090121	0.878488452495691	0.965740278440283	1.01908564944009	1.02457586743579	0.971592028192715	0.860120709489068	0.704232983478515	0.528943517920091	0.362106880655704	0.224983755020102	0.126671464885295	0.0647494652348908	0.0303987909999613	0.013752020347122	0.00681309802683061	0.00435373238055505	0.00350903814257624	0.00311163223858255	0.00303736492614145	0.00364850443201406	0.00511769014574037	0.00704841569270228	0.00852184642779967	0.00867342345649455	0.00733440522628695	0.00513279750159469	0.00296899963394694	0.00141911715240471	0.000560359291006812	0.000182776071627399	4.92511461612472e-05	1.09627583548475e-05	3.05902320501826e-07	2.03934880334551e-07	1.359565868897e-07	9.06377245931335e-08	6.04251497287557e-08	4.02834331525038e-08	2.68556221016692e-08	1.79037480677795e-08	1.19358320451863e-08
0.000773871466563442	0.00188972113175212	0.0040052691468299	0.00739515057974821	0.0120426350040631	0.0178275801956121	0.0250024632945677	0.0346464790792712	0.0486616962393425	0.0689381215769316	0.0960163674174955	0.12857373016338	0.165058242785074	0.206548341965303	0.2581050673669	0.326692342306557	0.416715325007318	0.526953539548013	0.65098464117484	0.779533108308408	0.900302836508541	0.995790980163345	1.04447365762206	1.02837460413123	0.942572324955028	0.799267217614497	0.623997763688225	0.446778314487664	0.29248024779888	0.174757365113067	0.0954868211559974	0.0484026267529326	0.0240163207174363	0.0131445092605399	0.00892746599863565	0.00715351759993382	0.00589813433095701	0.00479527112269557	0.00422538709744521	0.00447093339245455	0.00530420225624043	0.00603979442720944	0.00600915519227563	0.00503557375669916	0.00351028777740519	0.00202666367021527	0.000967935168904173	0.000382047948543095	0.000124561433373275	3.35645323072037e-05	7.47109226194764e-06	3.05902320501826e-07	2.03934880334551e-07	1.359565868897e-07	9.06377245931335e-08	6.04251497287557e-08	4.02834331525038e-08	2.68556221016692e-08	1.79037480677795e-08	1.19358320451863e-08
0.000665460466389891	0.00170144024730234	0.00365790707033776	0.00666913010854114	0.0104284208699315	0.0144172495620856	0.0185551677799801	0.0239075322017794	0.0326826051559111	0.0471586593584979	0.0679063422370203	0.0931385155689705	0.120494738402945	0.150486230825259	0.188411033692302	0.242400695802491	0.318646014291892	0.41816345189052	0.537252427614915	0.669244027127996	0.803183034391843	0.920857688151793	0.998378775788921	1.01463356102271	0.961163405154007	0.846023034961654	0.690252208321731	0.520487413122446	0.36146889134933	0.230519997455273	0.135204856810715	0.0740459507936825	0.0397952547703216	0.0231237092914323	0.0158569337666143	0.0123745256251791	0.00982474521272018	0.00744947853037514	0.00553043882979292	0.00439411808051424	0.00396480528127007	0.00380863574616519	0.00347902471724859	0.00279857720590749	0.00191270625800467	0.00109334701173861	0.000519749177141352	0.000204652638418053	6.65534588889415e-05	1.79336064184479e-05	3.99182169187933e-06	3.05902320501826e-07	2.03934880334551e-07	1.359565868897e-07	9.06377245931335e-08	6.04251497287557e-08	4.02834331525038e-08	2.68556221016692e-08	1.79037480677795e-08	1.19358320451863e-08
0.000538350225833771	0.00138415344548305	0.00296150933123453	0.00531280273049464	0.00805307828284254	0.0105954066421262	0.0127735632692466	0.0155402086359439	0.0209253964191795	0.0310118265033205	0.0462470093866841	0.0649100273656699	0.0847414740219314	0.106169782017026	0.134167584327501	0.176449757054124	0.239059954963364	0.323626266963102	0.428234262592528	0.548885928807341	0.677480132515087	0.79831654175924	0.889499929287925	0.930772452251466	0.912013506050895	0.836060986130672	0.716019973394897	0.570885118078144	0.421647393641548	0.287239174752971	0.180629046524267	0.106270054396359	0.0608857600977254	0.0365339934252242	0.0246321650987052	0.018496564150668	0.014331820811346	0.0107854901308142	0.00778437812647983	0.00550441758591766	0.00393050655873142	0.00285897423620812	0.00207398622730768	0.00142963227247242	0.000891527149918526	0.000484192340651769	0.000224158351784924	8.70352467473953e-05	2.78792086053315e-05	7.51237821042681e-06	1.67217198806902e-06	3.05902320501826e-07	2.03934880334551e-07	1.359565868897e-07	9.06377245931335e-08	6.04251497287557e-08	4.02834331525038e-08	2.68556221016692e-08	1.79037480677795e-08	1.19358320451863e-08
0.000356237220068781	0.000915243855962174	0.00194870691516764	0.00346032672636806	0.00515111546180704	0.00658945495311186	0.00765544740259302	0.00905799953809665	0.0122935754782439	0.0189147417140055	0.029275191592819	0.0421627371036738	0.0559686804514106	0.0711367898455176	0.0916421692873147	0.123607082092188	0.171888338801489	0.23812089813463	0.321782023615638	0.421239413559752	0.531478868398518	0.640723674921244	0.731676757926195	0.787892760915111	0.79978374544477	0.765759519896536	0.69031492429558	0.582874478237671	0.457772708358546	0.332437783176428	0.223090849684923	0.139752888394754	0.0842376695234202	0.0516006887137893	0.0341106563265295	0.0247048610298945	0.0188396797598158	0.0144401285980114	0.0108151297227579	0.00776364312096075	0.00523096925161126	0.00324062993570419	0.00183933972782667	0.000961652646503622	0.000467163833696315	0.000210254486814397	8.62086797567294e-05	3.1139940880402e-05	9.15615271186893e-06	2.46723223380273e-06	5.49178504311686e-07	3.05902320501826e-07	2.03934880334551e-07	1.359565868897e-07	9.06377245931335e-08	6.04251497287557e-08	4.02834331525038e-08	2.68556221016692e-08	1.79037480677795e-08	1.19358320451863e-08
0.000187243700336331	0.000480118460300627	0.00101869891119597	0.00179846947182212	0.00265179293191828	0.00334848467083969	0.00383898536294976	0.00455766983661721	0.006405028155685	0.0103523127300315	0.0166835034686758	0.0247738354925016	0.033748439068627	0.0440324502878654	0.0583607923710878	0.0809280410781383	0.115177096042015	0.162599174722019	0.22364209786544	0.298231142827922	0.383665442354734	0.471991783477259	0.551351364359475	0.610705519762612	0.643056098489099	0.644597823648408	0.613002244186468	0.548592364293199	0.457552270238246	0.352838800233551	0.250936437301153	0.165794392820657	0.104266893782281	0.0652710378878369	0.0429068047064117	0.0304535942919119	0.0230218750463344	0.0179613209374497	0.0139627719208017	0.0103851348701354	0.00707720404371538	0.00425723648382004	0.00221934378189011	0.000995143232307108	0.000386033432601577	0.000132719638581984	4.15077221869574e-05	1.19378379792657e-05	2.3575905899495e-06	6.35280306115179e-07	1.41406343331237e-07	3.05902320501826e-07	2.03934880334551e-07	1.359565868897e-07	9.06377245931335e-08	6.04251497287557e-08	4.02834331525038e-08	2.68556221016692e-08	1.79037480677795e-08	1.19358320451863e-08
7.73932103525974e-05	0.000198219355653958	0.00041975629399487	0.00073891069441315	0.00108457494965045	0.0013653243997416	0.00157285143316549	0.00192711257068572	0.00287697774003138	0.0049411987128628	0.00832887551027381	0.0128301486295774	0.0181129863602952	0.0245627055172468	0.033866657320241	0.0485933287518923	0.0709772773492266	0.10228698416272	0.14340473313826	0.194873359343862	0.255223916487274	0.31941816150194	0.380496459609997	0.43289340031935	0.473289403055138	0.497958545709213	0.500693986822556	0.475063092065504	0.419696784086082	0.341757614125445	0.255571107626185	0.176687193357175	0.115550565543698	0.0744956752686741	0.04968241969333	0.0352348013652028	0.0264519448815277	0.0205851516441192	0.0160848124877557	0.0120625580834867	0.00825910251640039	0.00495200121749147	0.00253985846818408	0.00109772341851606	0.000396499327979526	0.0001212857673592	3.15993451897247e-05	7.1233047466815e-06	4.75933776431909e-07	1.28245911937022e-07	2.85461162255929e-08	3.05902320501826e-07	2.03934880334551e-07	1.359565868897e-07	9.06377245931335e-08	6.04251497287557e-08	4.02834331525038e-08	2.68556221016692e-08	1.79037480677795e-08	1.19358320451863e-08
2.5096765269914e-05	6.42327052260063e-05	0.000135861660082645	0.000238827340029332	0.000349911024473054	0.000442375509893821	0.000520355172003357	0.000676723330409412	0.00109897695354461	0.00202543218762537	0.00358525056495498	0.00576403399905458	0.00851950232781422	0.0121838699695913	0.0177438858439569	0.0266701356627718	0.040345740275822	0.0597825890407974	0.0858722326350651	0.119120156422418	0.158480137069282	0.200804724714137	0.242750767473687	0.28301552716355	0.321618845019094	0.356151612294862	0.379289114620072	0.381130996948405	0.355214363413083	0.30358990968422	0.237221806567725	0.170922918558088	0.116409841797949	0.0780143734669352	0.0535827873346584	0.0383720048952457	0.0284096746878713	0.0214333426281078	0.0161728269097104	0.0117934549275911	0.00792505814918329	0.00469709077894698	0.00238809364755243	0.00102181259283275	0.000362640347093889	0.000108280530629777	2.68922128805338e-05	5.57099892645514e-06	7.53264396921658e-08	2.02975885084571e-08	4.51801786045398e-09	3.05902320501826e-07	2.03934880334551e-07	1.359565868897e-07	9.06377245931335e-08	6.04251497287557e-08	4.02834331525038e-08	2.68556221016692e-08	1.79037480677795e-08	1.19358320451863e-08
6.38014505265653e-06	1.63178451988351e-05	3.44747846379477e-05	6.05369498521633e-05	8.86058225995862e-05	0.000113196743952031	0.000138165649877917	0.000196164133183654	0.00035296869124691	0.000702939838135176	0.0013118172447355	0.00221899905124295	0.0034840917649481	0.00536397035403409	0.00842800638372857	0.0135102503035938	0.0214876386334064	0.033156245122586	0.0492182908021787	0.0698672206574468	0.094091353948825	0.119856898434654	0.146047638289288	0.173874844174561	0.205422889724677	0.239734641993583	0.270278566343801	0.286787709296574	0.280746030509193	0.250798574829188	0.204310669909925	0.153577070139783	0.109409879370687	0.0766523725293684	0.0543797645345404	0.0391954203992895	0.0282596846693856	0.0201578972732061	0.0141786751606254	0.00970076165701538	0.00622638961698674	0.00359084200544001	0.00179924001462701	0.000764259748557152	0.000269801161363644	8.10249158190219e-05	2.02764817824256e-05	4.24883639270364e-06	9.04595119444489e-08	2.23979601723565e-08	4.58109388762558e-09	3.05902320501826e-07	2.03934880334551e-07	1.359565868897e-07	9.06377245931335e-08	6.04251497287557e-08	4.02834331525038e-08	2.68556221016692e-08	1.79037480677795e-08	1.19358320451863e-08
1.27304699786756e-06	3.2559422506225e-06	6.87884377600413e-06	1.20909176053047e-05	1.77402771904764e-05	2.31773367949727e-05	3.00117561517032e-05	4.76319160656848e-05	9.5174854536708e-05	0.000204658719197666	0.000403564769106505	0.000726686126678651	0.00123985645081553	0.00211599201895801	0.00369360538634532	0.00648942844114858	0.0111406794968805	0.0183070860173916	0.0284597931689224	0.0414272236729647	0.0560892204142679	0.0709983510236266	0.0861414108646956	0.103730019220711	0.126627612768934	0.154982305683978	0.184021913156599	0.205160420639408	0.210175551770204	0.195957928813861	0.166603236351406	0.131016450959714	0.0978058130948515	0.0713933537946612	0.0518084659602331	0.0371239486368794	0.0257658093313771	0.0171423512445323	0.0109941014423619	0.00685138508284	0.0040871737397017	0.00225871844894901	0.00111535521858008	0.00047832883549377	0.000174743341495877	5.67563848028309e-05	1.6052108155981e-05	4.02321777552837e-06	5.203339712595e-07	1.28835755511829e-07	2.63510019457618e-08	3.05902320501826e-07	2.03934880334551e-07	1.359565868897e-07	9.06377245931335e-08	6.04251497287557e-08	4.02834331525038e-08	2.68556221016692e-08	1.79037480677795e-08	1.19358320451863e-08
3.05902320501826e-07	3.05902320501826e-07	3.05902320501826e-07	1.53103260868953e-08	7.77599473377809e-08	5.39613422593799e-07	2.1159253225047e-06	7.00037533412233e-06	1.95264862491727e-05	4.87133798187629e-05	0.00010386417695344	0.000204823307597854	0.000397494372727126	0.000791415110408377	0.00161861143593429	0.00327779993467787	0.00633855568863206	0.0113922937485733	0.0186921191828213	0.027713648585102	0.0371582786790626	0.0458151302333811	0.0540531063056462	0.0641758081931592	0.0790169049932521	0.0993773927786576	0.122334066977023	0.141725966700623	0.150891807675629	0.146273629173325	0.129508129671466	0.106224691944426	0.0825019525035787	0.0619429581348503	0.0452742772855809	0.0318683581952567	0.0211964843763154	0.0131791207317307	0.00771769162668106	0.00436614569808586	0.00242945609587832	0.0013325626651198	0.000706325412129153	0.000352805705522831	0.00016266915147353	6.9999958914813e-05	2.66940686606417e-05	8.8677946291081e-06	2.34656666691581e-06	5.81014706111123e-07	1.18835951948485e-07	3.05902320501826e-07	2.03934880334551e-07	1.359565868897e-07	9.06377245931335e-08	6.04251497287557e-08	4.02834331525038e-08	2.68556221016692e-08	1.79037480677795e-08	1.19358320451863e-08
2.03934880334551e-07	2.03934880334551e-07	3.05902320501826e-07	1.66086197477138e-09	8.63100688540182e-09	8.3710026184391e-08	3.4641005709196e-07	1.20341526611623e-06	3.50690930951755e-06	9.52842216176827e-06	2.19452431677177e-05	5.16700984172053e-05	0.000130844393009986	0.000340413309472524	0.000889064628009541	0.00217339550088176	0.00479144833625912	0.00930797206572025	0.0157744864452014	0.0233242290756513	0.0304302812972465	0.0359362063662615	0.0402907843744999	0.0455680522870815	0.0542008647117489	0.0671230887100623	0.0826708338633616	0.0968492983736403	0.105000969320627	0.10417468749062	0.094738696339266	0.0798944286303255	0.0635222234495757	0.0482656917905968	0.0351166835374012	0.024210049000115	0.0155717577836675	0.00927757875626336	0.00520623815360182	0.00292204819642265	0.00177903230960197	0.00121712866808997	0.000870908953690394	0.00058915215612922	0.000352525306492889	0.00018127749041142	7.81047119453624e-05	2.80496797648246e-05	8.29671915727138e-06	2.05428463244318e-06	4.20166421437944e-07	3.05902320501826e-07	2.03934880334551e-07	1.359565868897e-07	9.06377245931335e-08	6.04251497287557e-08	4.02834331525038e-08	2.68556221016692e-08	1.79037480677795e-08	1.19358320451863e-08
1.359565868897e-07	1.359565868897e-07	2.03934880334551e-07	3.05902320501826e-07	3.05902320501826e-07	8.18473844888237e-09	3.77190270262936e-08	1.43589490316185e-07	4.51534899727295e-07	1.44293568259083e-06	3.7613593254547e-06	1.51920741707275e-05	6.43096273177594e-05	0.000226883989452877	0.000725843648212344	0.00199875805130814	0.00470059315898618	0.00938629682406799	0.015939508199369	0.0232011982887909	0.0294341824377887	0.0335059472990261	0.0359219597810736	0.0385433272171925	0.0432894049865895	0.0507547313480938	0.0597267448674085	0.0676658207260344	0.0718234108590748	0.070530730456263	0.064021647063038	0.0541405014491736	0.0431758026499737	0.0328039691420863	0.0237957565361524	0.0163920891730748	0.0106605932273151	0.00661217495143395	0.00412785381533379	0.00290020635111376	0.00243348151268441	0.00222167711110148	0.00191739071465166	0.00144251391608777	0.000915305828976771	0.000484063962665156	0.00021196216890927	7.68315558170831e-05	2.29986666123614e-05	5.69451689190312e-06	1.16470947915492e-06	3.05902320501826e-07	2.03934880334551e-07	1.359565868897e-07	9.06377245931335e-08	6.04251497287557e-08	4.02834331525038e-08	2.68556221016692e-08	1.79037480677795e-08	1.19358320451863e-08
9.06377245931335e-08	9.06377245931337e-08	1.359565868897e-07	2.03934880334551e-07	2.03934880334551e-07	3.05902320501826e-07	3.05902320501826e-07	3.05902320501826e-07	3.05902320501826e-07	5.84964031942463e-08	2.69085042678345e-07	7.21786316734061e-06	4.95691680781609e-05	0.000201706846838595	0.000694206829025933	0.00198134653667288	0.00473199322652968	0.00947176605997894	0.0159794524542743	0.0229513973856835	0.0285877418237287	0.0318549713713653	0.0333570920654667	0.0348134736551507	0.0376588732697973	0.0419489242342374	0.0463985763491652	0.0492434320931906	0.0491736598791397	0.0458555045390958	0.0399773558463635	0.032844436046459	0.0257767934117282	0.0196500651451662	0.0147514924230052	0.0109891358988456	0.0081486525852105	0.00611363908856699	0.00490030178289712	0.00447511247970429	0.00452448194281022	0.00452030335582651	0.00404784153531543	0.00309284288721868	0.00197630824319595	0.0010481021092478	0.000459661461761372	0.000166775753542562	4.99829289673767e-05	1.23758754413413e-05	2.53125940496658e-06	3.05902320501826e-07	2.03934880334551e-07	1.359565868897e-07	9.06377245931335e-08	6.04251497287557e-08	4.02834331525038e-08	2.68556221016692e-08	1.79037480677795e-08	1.19358320451863e-08
6.04251497287557e-08	6.04251497287558e-08	9.06377245931337e-08	1.359565868897e-07	1.359565868897e-07	2.03934880334551e-07	2.03934880334551e-07	2.03934880334551e-07	3.05902320501826e-07	1.05943782249605e-08	4.8734427437317e-08	5.27064604190674e-06	4.19972644622592e-05	0.000174372601571946	0.000607309340609822	0.00174546340262637	0.00417950705688434	0.00835523911802239	0.0140291420571562	0.019986082147709	0.0246200909480511	0.0271090862020163	0.0281160928272166	0.0291745802043797	0.0313152239043612	0.0341875384715801	0.0363901687303176	0.0365413960032064	0.0341307263342154	0.0296397961948954	0.0241388898403292	0.018773925182327	0.0144203708564314	0.0115038357463684	0.00989844534744886	0.0090743074286262	0.00843157956827494	0.00773362722868451	0.00722603106590274	0.0072277076905628	0.00758983432871506	0.00766846176988887	0.00688693427527511	0.00526660957960598	0.00336637562847374	0.00178541481364664	0.000783042207122972	0.000284133034248976	8.51654649940743e-05	2.10871433196424e-05	4.31299022883006e-06	3.05902320501826e-07	2.03934880334551e-07	1.359565868897e-07	9.06377245931335e-08	6.04251497287557e-08	4.02834331525038e-08	2.68556221016692e-08	1.79037480677795e-08	1.19358320451863e-08
4.02834331525038e-08	4.02834331525039e-08	6.04251497287556e-08	9.06377245931335e-08	9.06377245931337e-08	1.359565868897e-07	1.359565868897e-07	1.359565868897e-07	2.03934880334551e-07	3.05902320501826e-07	3.05902320501826e-07	3.28063770329459e-06	2.99949169342875e-05	0.000125683786569745	0.00044006701573745	0.00127036558988711	0.00304983166521372	0.00609997017416914	0.0102242552588721	0.0145004317924654	0.0177383478126399	0.0193900544919923	0.0200536995445574	0.0209458382796351	0.0227826793118706	0.0251243726262161	0.0267297158878772	0.0264964518211835	0.0241447359445581	0.020237537513481	0.0157757820553452	0.011791987476661	0.00910052563726455	0.00809453985419463	0.00850967800841122	0.00950686114315248	0.0101491338545634	0.01008702015602	0.00976902964588177	0.00982830893206417	0.0102574472374848	0.0103012547042619	0.00922148284848854	0.00704197225080149	0.00449860624239805	0.00238536034090759	0.00104601798673538	0.000379559955321228	0.000113770094262892	2.81697080310399e-05	5.7615995512156e-06	3.05902320501826e-07	2.03934880334551e-07	1.359565868897e-07	9.06377245931335e-08	6.04251497287557e-08	4.02834331525038e-08	2.68556221016692e-08	1.79037480677795e-08	1.19358320451863e-08
2.68556221016692e-08	2.68556221016692e-08	4.02834331525038e-08	6.04251497287557e-08	6.04251497287556e-08	9.06377245931335e-08	9.06377245931335e-08	9.06377245931337e-08	1.359565868897e-07	2.03934880334551e-07	3.05902320501826e-07	1.66084548329819e-06	1.74948326529818e-05	7.36829842188485e-05	0.000258822593942895	0.000749925231078302	0.00180555621767222	0.00361660159139801	0.00606024564204089	0.0085725789693031	0.0104362850059894	0.0113553014654439	0.0117605059320109	0.0124741952603052	0.0139839564695335	0.0160218884651628	0.0177768633908983	0.0184559838864985	0.0176822323805151	0.0155641402912996	0.0126132498547698	0.00966128120124299	0.00766107653777924	0.00726902304197061	0.00835650214964674	0.0100038572228161	0.0110940567623742	0.0111797303155951	0.0107729531604954	0.0106577702968606	0.0109390694078554	0.0108745666859811	0.00968872177045449	0.00738440475424748	0.00471377280993693	0.00249872010212619	0.0010955356746399	0.000397528032014927	0.000119155883123139	2.95032403682762e-05	6.03434924770823e-06	3.05902320501826e-07	2.03934880334551e-07	1.359565868897e-07	9.06377245931335e-08	6.04251497287557e-08	4.02834331525038e-08	2.68556221016692e-08	1.79037480677795e-08	1.19358320451863e-08
1.79037480677795e-08	1.79037480677795e-08	2.68556221016692e-08	4.02834331525038e-08	4.02834331525038e-08	6.04251497287557e-08	6.04251497287556e-08	9.06377245931335e-08	1.359565868897e-07	2.03934880334551e-07	3.05902320501826e-07	6.59208750458645e-07	8.18907743936727e-06	3.4677680065963e-05	0.00012225788942953	0.000355696545324384	0.000859299328537458	0.00172495583431972	0.00289244769061074	0.00408594489242385	0.00495791152835468	0.00538398021764318	0.00561371078780954	0.00612237970720591	0.00724772782338253	0.00897041867464383	0.0109593026033521	0.0127270540082466	0.0137249319064747	0.0134808194589871	0.0119032710441252	0.00956748540701501	0.00756562719807038	0.00686275901035475	0.00759063915525337	0.00896445444325671	0.00990323673944186	0.00991488246797958	0.00941146440848641	0.00910878213356341	0.00916873716727967	0.00900938235209729	0.00798398287028615	0.00607180641777407	0.00387260031183523	0.00205216251328709	0.000899573538898642	0.000326420861364122	9.78420711830382e-05	2.42258969392222e-05	4.95496498504765e-06	3.05902320501826e-07	2.03934880334551e-07	1.359565868897e-07	9.06377245931335e-08	6.04251497287557e-08	4.02834331525038e-08	2.68556221016692e-08	1.79037480677795e-08	1.19358320451863e-08
1.19358320451863e-08	1.19358320451863e-08	1.79037480677795e-08	2.68556221016692e-08	2.68556221016692e-08	4.02834331525038e-08	6.04251497287557e-08	9.06377245931335e-08	1.359565868897e-07	2.03934880334551e-07	3.05902320501826e-07	2.05134861925823e-07	3.06823988976935e-06	1.30599906467231e-05	4.62094358347776e-05	0.000134972917142765	0.000327145209340501	0.00065818008225956	0.00110475327061557	0.0015594788175527	0.00188819039703434	0.00205478469839478	0.00217921597298519	0.00250728068533102	0.00328094340081219	0.00465149331034411	0.00662149181973907	0.00893568805513884	0.0109695645486735	0.0118922654456076	0.011202497166848	0.0092404134676027	0.00708700635890599	0.00583251649321454	0.0058137768714024	0.0064979389489103	0.00702407655203856	0.00693956384615976	0.0064735306349733	0.00612198499444766	0.00603623004103338	0.00585713301098577	0.00516004438630591	0.00391474783721424	0.00249449215011848	0.00132140881031004	0.000579121376364342	0.000210141017196509	6.29881076751451e-05	1.55959842885995e-05	3.18987388789927e-06	3.05902320501826e-07	2.03934880334551e-07	1.359565868897e-07	9.06377245931335e-08	6.04251497287557e-08	4.02834331525038e-08	2.68556221016692e-08	1.79037480677795e-08	1.19358320451863e-08
7.95722136345754e-09	7.95722136345756e-09	1.19358320451863e-08	1.79037480677795e-08	2.68556221016692e-08	4.02834331525038e-08	6.04251497287557e-08	9.06377245931335e-08	1.359565868897e-07	2.03934880334551e-07	3.05902320501826e-07	5.00470817843374e-08	9.19289916189171e-07	3.93175507046141e-06	1.3959734106381e-05	4.0927417559247e-05	9.95135562520369e-05	0.000200667742932537	0.000337254980709067	0.000476015818592143	0.000575745503092756	0.000633263027920119	0.000699935225143691	0.000899915725513464	0.00140732818088223	0.00242320721072464	0.00408580970464323	0.00627066817460684	0.00841043417150812	0.00964318951790886	0.0093660991369409	0.00776232249005255	0.00573292804205172	0.00424658780514303	0.00369291549268054	0.00378121876272179	0.00393978259060482	0.00382263091725839	0.00350094886692338	0.0032339567794689	0.00312112840503414	0.00298806144984429	0.00261563285941626	0.00197914579932841	0.00125982238918838	0.000667105957853553	0.000292297630894929	0.000106063640520406	3.17917372754974e-05	7.87169917237553e-06	1.61001237105079e-06	3.05902320501826e-07	2.03934880334551e-07	1.359565868897e-07	9.06377245931335e-08	6.04251497287557e-08	4.02834331525038e-08	2.68556221016692e-08	1.79037480677795e-08	1.19358320451863e-08
5.30481424230502e-09	7.95722136345754e-09	1.19358320451863e-08	1.79037480677795e-08	2.68556221016692e-08	4.02834331525038e-08	6.04251497287557e-08	9.06377245931335e-08	1.359565868897e-07	2.03934880334551e-07	3.05902320501826e-07	9.57284045181114e-09	2.19546691037049e-07	9.42906688602932e-07	3.35803268442497e-06	9.87706799901561e-06	2.40816013797854e-05	4.86578237172825e-05	8.18792540143054e-05	0.000115585058778659	0.000140025192630351	0.000160450908127463	0.000200579700881694	0.000330741719550666	0.000678475293972612	0.00142481391624467	0.00271677905657214	0.00447494478967511	0.00623446217222024	0.00727788867175707	0.00709878873340714	0.00581930562756614	0.00412176670061306	0.00274393868893447	0.00201522609227216	0.00179844352504775	0.00175704595331915	0.00165896458653564	0.0014885737550671	0.00134255194371236	0.00126755148504194	0.00119628249616702	0.00103992926803761	0.00078459641541784	0.000498869235757771	0.000264049631482503	0.00011566548170254	4.19705833206963e-05	1.2580350360256e-05	3.11492047952174e-06	6.37100122482959e-07	3.05902320501826e-07	2.03934880334551e-07	1.359565868897e-07	9.06377245931335e-08	6.04251497287557e-08	4.02834331525038e-08	2.68556221016692e-08	1.79037480677795e-08	1.19358320451863e-08
3.53654282820335e-09	5.30481424230502e-09	7.95722136345753e-09	1.19358320451863e-08	1.79037480677795e-08	2.68556221016692e-08	4.02834331525038e-08	6.04251497287556e-08	9.06377245931337e-08	1.359565868897e-07	2.03934880334551e-07	3.05902320501826e-07	3.46947890888127e-08	1.51497012484841e-07	5.46449939579257e-07	1.62818291261162e-06	4.01473014322051e-06	8.1845074034664e-06	1.38639076229811e-05	1.96451271617349e-05	2.47214223521486e-05	3.67680283338657e-05	7.45216394616434e-05	0.000198520475441267	0.000530177753738982	0.00124529802739403	0.00247401424060423	0.00410845793508007	0.005677694363506	0.00651763325937385	0.006213927637086	0.00493488263203212	0.00330540019772997	0.00194868680117726	0.00113462949305733	0.00077683234948275	0.000647358645267612	0.000573244465095843	0.000498510021830294	0.000437996713108959	0.000404352845883681	0.000375879749905909	0.000324303047243861	0.000243902585022271	0.000154887758749679	8.19427406164831e-05	3.5884344902808e-05	1.30210574968698e-05	3.90295898725055e-06	9.66380627882032e-07	1.9765551654896e-07	3.05902320501826e-07	2.03934880334551e-07	1.359565868897e-07	9.06377245931335e-08	6.04251497287557e-08	4.02834331525038e-08	2.68556221016692e-08	1.79037480677795e-08	1.19358320451863e-08
3.53654282820335e-09	5.30481424230502e-09	7.95722136345754e-09	1.19358320451863e-08	1.79037480677795e-08	2.68556221016692e-08	4.02834331525038e-08	6.04251497287557e-08	9.06377245931335e-08	1.359565868897e-07	2.03934880334551e-07	3.05902320501826e-07	5.45970693228748e-09	2.38401590269656e-08	8.59914875294907e-08	2.56217194814539e-07	6.30619766028269e-07	1.2821338988685e-06	2.15808827344849e-06	3.01127965657629e-06	5.66384515129871e-06	2.16635662715649e-05	7.92720531729886e-05	0.000266822421175329	0.000760728390657321	0.00180500014187308	0.00355151082469813	0.00579017948275446	0.00782005260152915	0.00874861513884027	0.0081084325468134	0.00623043356475524	0.00398055519876519	0.00213758344885873	0.00100197101191374	0.000457601632855441	0.000246771875956952	0.000170232189584776	0.000133341208262584	0.000112292253659236	0.000101328299742084	9.26975590906172e-05	7.93297942385251e-05	5.94560034107459e-05	3.77053923678097e-05	1.99375013847612e-05	8.72828763190856e-06	3.16716204272703e-06	9.49331769843723e-07	2.35056487861333e-07	4.80765137316965e-08	3.05902320501826e-07	2.03934880334551e-07	1.359565868897e-07	9.06377245931335e-08	6.04251497287557e-08	4.02834331525038e-08	2.68556221016692e-08	1.79037480677795e-08	1.19358320451863e-08
2.35769521880224e-09	3.53654282820335e-09	5.30481424230502e-09	7.95722136345753e-09	1.19358320451863e-08	1.79037480677795e-08	2.68556221016692e-08	4.02834331525038e-08	6.04251497287556e-08	9.06377245931337e-08	1.359565868897e-07	2.03934880334551e-07	3.05902320501826e-07	3.05902320501826e-07	3.05902320501826e-07	3.05902320501826e-07	3.05902320501826e-07	3.05902320501826e-07	3.05902320501826e-07	3.05902320501826e-07	3.92769688025387e-06	3.02624236013526e-05	0.000125820251429809	0.000432952168234027	0.00123307482274	0.002906791549233	0.00567185465901008	0.00916077571703592	0.0122473236370913	0.0135536876248103	0.0124163117093306	0.00941652679360274	0.00591464625690219	0.00308174006136877	0.00133999862386956	0.00049714225255741	0.000169567629417415	6.41324955399399e-05	3.15713255311385e-05	2.26234874101945e-05	1.9948431981125e-05	1.79442951921272e-05	1.5222253058318e-05	1.13656069048894e-05	7.19696102429967e-06	3.80336119641936e-06	1.6644695432151e-06	6.03972391935638e-07	1.8103594702067e-07	4.48248707512802e-08	9.16810905243661e-09	3.05902320501826e-07	2.03934880334551e-07	1.359565868897e-07	9.06377245931335e-08	6.04251497287557e-08	4.02834331525038e-08	2.68556221016692e-08	1.79037480677795e-08	1.19358320451863e-08
1.57179681253482e-09	2.35769521880224e-09	3.53654282820335e-09	5.30481424230504e-09	7.95722136345756e-09	1.19358320451863e-08	1.79037480677795e-08	2.68556221016692e-08	4.02834331525039e-08	6.04251497287558e-08	9.06377245931337e-08	1.359565868897e-07	2.03934880334551e-07	2.03934880334551e-07	2.03934880334551e-07	2.03934880334551e-07	2.03934880334551e-07	3.05902320501826e-07	3.05902320501826e-07	7.09847756474384e-09	5.68469298322834e-06	4.2176392607829e-05	0.000174800708034239	0.00059956553972081	0.0017020116113535	0.00399881686722053	0.00777592808171033	0.0125150014648413	0.0166713635444907	0.0183812099693189	0.0167741039275442	0.0126697447143483	0.00792090308454585	0.00409954710452716	0.00175778723203085	0.000626160937573203	0.000187263956675293	4.87853038576492e-05	9.67945909131501e-06	2.15627684319354e-06	1.11472878379153e-06	4.7603666992967e-07	1.67926059971589e-07	4.89330498476694e-08	1.17785808707451e-08	2.34201756582614e-09	3.05902320501826e-07	3.05902320501826e-07	3.05902320501826e-07	3.05902320501826e-07	3.05902320501826e-07	2.03934880334551e-07	1.359565868897e-07	9.06377245931337e-08	6.04251497287556e-08	4.02834331525038e-08	2.68556221016692e-08	1.79037480677795e-08	1.19358320451863e-08	7.95722136345753e-09
1.04786454168988e-09	1.57179681253482e-09	2.35769521880224e-09	3.53654282820336e-09	5.30481424230504e-09	7.95722136345756e-09	1.19358320451863e-08	1.79037480677795e-08	2.68556221016693e-08	4.02834331525039e-08	6.04251497287558e-08	9.06377245931337e-08	1.359565868897e-07	1.359565868897e-07	1.359565868897e-07	2.03934880334551e-07	3.05902320501826e-07	1.12255779339445e-08	5.22792963427267e-08	2.37375061777608e-07	7.19352647963295e-06	4.87549885801696e-05	0.000198071489390662	0.000671256394749742	0.00189091109740859	0.00441902125308901	0.00855854116809254	0.0137293309258483	0.0182366177709759	0.0200545239476883	0.0182562392396973	0.0137566803297181	0.00858022089363745	0.00442942507070467	0.0018925272768543	0.000669209784101247	0.00019583544387996	4.7424710499021e-05	6.51163480344224e-06	3.05902320501826e-07	3.05902320501826e-07	3.05902320501826e-07	3.05902320501826e-07	3.05902320501826e-07	3.05902320501826e-07	3.05902320501826e-07	2.03934880334551e-07	2.03934880334551e-07	2.03934880334551e-07	2.03934880334551e-07	2.03934880334551e-07	1.359565868897e-07	9.06377245931337e-08	6.04251497287558e-08	4.02834331525039e-08	2.68556221016692e-08	1.79037480677795e-08	1.19358320451863e-08	7.95722136345756e-09	5.30481424230504e-09
6.9857636112659e-10	1.04786454168989e-09	1.57179681253483e-09	2.35769521880224e-09	3.53654282820336e-09	5.30481424230504e-09	7.95722136345758e-09	1.19358320451864e-08	1.79037480677795e-08	2.68556221016693e-08	4.02834331525039e-08	6.04251497287556e-08	9.06377245931335e-08	9.06377245931335e-08	1.359565868897e-07	2.03934880334551e-07	3.05902320501826e-07	6.06448804051639e-08	2.82432823773264e-07	1.2317010353103e-06	9.82794200653102e-06	5.23185786732914e-05	0.000196547658782262	0.000634706109456321	0.0017355825894795	0.00398038883675059	0.00761306338184352	0.0121047987443823	0.0159715259653519	0.0174700901573327	0.0158328619600816	0.0118848887927266	0.00738773946984317	0.0038023006379116	0.00162013932844763	0.000571452129374714	0.000166846711088578	4.03194915463278e-05	5.39583410868874e-06	3.05902320501826e-07	2.03934880334551e-07	2.03934880334551e-07	2.03934880334551e-07	2.03934880334551e-07	2.03934880334551e-07	2.03934880334551e-07	1.359565868897e-07	1.359565868897e-07	1.359565868897e-07	1.359565868897e-07	1.359565868897e-07	9.06377245931337e-08	6.04251497287558e-08	4.02834331525039e-08	2.68556221016693e-08	1.79037480677795e-08	1.19358320451863e-08	7.95722136345756e-09	5.30481424230504e-09	3.53654282820336e-09
4.65717574084395e-10	6.98576361126592e-10	1.04786454168989e-09	1.57179681253483e-09	2.35769521880224e-09	3.53654282820338e-09	5.30481424230506e-09	7.95722136345758e-09	1.19358320451864e-08	1.79037480677795e-08	2.68556221016692e-08	4.02834331525038e-08	6.04251497287556e-08	9.06377245931335e-08	1.359565868897e-07	2.03934880334551e-07	3.05902320501826e-07	2.56863475480059e-07	1.19625393305039e-06	5.05777860215862e-06	2.08680905467686e-05	7.55879536196077e-05	0.000230699410541057	0.000634924488503373	0.00155063013250089	0.00329438331996913	0.00598501225422457	0.00918494974103677	0.0118148199989317	0.0126788613027122	0.0113197936914203	0.00839449350261004	0.00516557534469641	0.00263594940605452	0.00111496857874305	0.000390748334956121	0.000113470567954592	2.72913954671678e-05	3.5130837619986e-06	3.05902320501826e-07	2.03934880334551e-07	1.359565868897e-07	1.359565868897e-07	1.359565868897e-07	1.359565868897e-07	1.359565868897e-07	9.06377245931337e-08	9.06377245931335e-08	9.06377245931335e-08	9.06377245931335e-08	9.06377245931335e-08	6.04251497287556e-08	4.02834331525039e-08	2.68556221016693e-08	1.79037480677795e-08	1.19358320451864e-08	7.95722136345758e-09	5.30481424230504e-09	3.53654282820336e-09	2.35769521880224e-09
4.65717574084392e-10	6.98576361126588e-10	1.04786454168988e-09	1.57179681253482e-09	2.35769521880223e-09	3.53654282820335e-09	5.30481424230502e-09	7.95722136345754e-09	1.19358320451863e-08	1.79037480677795e-08	2.68556221016692e-08	4.02834331525038e-08	6.04251497287557e-08	9.06377245931335e-08	1.359565868897e-07	2.03934880334551e-07	3.05902320501826e-07	8.52969183199252e-07	3.97241273118294e-06	1.64037456544167e-05	5.64493311702263e-05	0.000166502768218715	0.000422289008463525	0.000948719909661232	0.00190650626084428	0.00342464256062585	0.00544158599379386	0.00753321283384049	0.00895417771125207	0.0090344663178975	0.00767686193243986	0.00546577374018062	0.00325016527519062	0.00161083546809908	0.000664499484085818	0.000227755376865382	6.49395392989984e-05	1.53732604062707e-05	1.79446489541318e-06	3.05902320501826e-07	2.03934880334551e-07	1.359565868897e-07	9.06377245931335e-08	9.06377245931335e-08	9.06377245931335e-08	9.06377245931335e-08	6.04251497287556e-08	6.04251497287557e-08	6.04251497287557e-08	6.04251497287557e-08	6.04251497287557e-08	4.02834331525038e-08	2.68556221016692e-08	1.79037480677795e-08	1.19358320451864e-08	7.95722136345758e-09	5.30481424230506e-09	3.53654282820338e-09	2.35769521880224e-09	1.57179681253483e-09
4.65717574084392e-10	6.98576361126588e-10	1.04786454168988e-09	1.57179681253482e-09	2.35769521880223e-09	3.53654282820335e-09	5.30481424230502e-09	7.95722136345754e-09	1.19358320451863e-08	1.79037480677795e-08	2.68556221016692e-08	4.02834331525038e-08	6.04251497287557e-08	9.06377245931335e-08	1.359565868897e-07	2.03934880334551e-07	3.05902320501826e-07	2.2206857371502e-06	1.03420855852317e-05	4.19509782472185e-05	0.000138464430295235	0.000385228228080565	0.000910483797720344	0.00185476261462753	0.00329778247859587	0.00516633020192172	0.0071518490522749	0.00870731768477043	0.00923072655423625	0.00842289382059043	0.00654834049087179	0.00430436702633006	0.00237973987479117	0.00110294007134082	0.000427654558903145	0.000138077786893298	3.74041414960849e-05	8.44824558644187e-06	7.18628115906629e-07	3.05902320501826e-07	2.03934880334551e-07	1.359565868897e-07	9.06377245931335e-08	6.04251497287556e-08	6.04251497287557e-08	6.04251497287557e-08	4.02834331525038e-08	4.02834331525038e-08	4.02834331525038e-08	4.02834331525038e-08	4.02834331525038e-08	2.68556221016692e-08	1.79037480677795e-08	1.19358320451863e-08	7.95722136345758e-09	5.30481424230506e-09	3.53654282820338e-09	2.35769521880225e-09	1.57179681253484e-09	1.04786454168989e-09
4.65717574084392e-10	6.98576361126588e-10	1.04786454168988e-09	1.57179681253482e-09	2.35769521880223e-09	3.53654282820335e-09	5.30481424230502e-09	7.95722136345754e-09	1.19358320451863e-08	1.79037480677795e-08	2.68556221016692e-08	4.02834331525038e-08	6.04251497287557e-08	9.06377245931335e-08	1.359565868897e-07	2.03934880334551e-07	3.05902320501826e-07	4.53276956835351e-06	2.11098265863609e-05	8.44851217863624e-05	0.000275208900645823	0.000750933753583759	0.00172794793902087	0.00338573059173845	0.00571083539660105	0.0083797825265039	0.0107727002719591	0.0121461515122131	0.0119478319007328	0.0101576398555789	0.00738617410313726	0.00455189768730932	0.00236105507263079	0.00102594484249615	0.000372386290454497	0.000111762674974061	2.82961991421169e-05	5.96153486427659e-06	2.25629675381427e-07	3.05902320501826e-07	2.03934880334551e-07	1.359565868897e-07	9.06377245931335e-08	6.04251497287557e-08	4.02834331525038e-08	4.02834331525038e-08	2.68556221016692e-08	2.68556221016692e-08	2.68556221016692e-08	2.68556221016692e-08	2.68556221016692e-08	1.79037480677795e-08	1.19358320451863e-08	7.95722136345756e-09	5.30481424230504e-09	3.53654282820338e-09	2.35769521880225e-09	1.57179681253484e-09	1.04786454168989e-09	6.98576361126595e-10
4.65717574084392e-10	6.98576361126588e-10	1.04786454168988e-09	1.57179681253482e-09	2.35769521880223e-09	3.53654282820335e-09	5.30481424230502e-09	7.95722136345754e-09	1.19358320451863e-08	1.79037480677795e-08	2.68556221016692e-08	4.02834331525038e-08	6.04251497287557e-08	9.06377245931335e-08	1.359565868897e-07	2.03934880334551e-07	3.05902320501826e-07	7.25375621394693e-06	3.37818928288867e-05	0.00013384463553917	0.000433039685968162	0.001169429453573	0.00265034937689064	0.00507970646531922	0.00831296409799505	0.0117393114411353	0.0144374464386214	0.0155389684077721	0.0146177390847638	0.0119362300619919	0.00837640182167819	0.00500066781168742	0.00251791166184532	0.00106243129434334	0.000374018189754118	0.000108000053476135	2.64173841847821e-05	5.35097747582984e-06	5.55406564290137e-08	3.05902320501826e-07	2.03934880334551e-07	1.359565868897e-07	9.06377245931335e-08	6.04251497287557e-08	4.02834331525038e-08	2.68556221016692e-08	1.79037480677795e-08	1.79037480677795e-08	1.79037480677795e-08	1.79037480677795e-08	1.79037480677795e-08	1.19358320451863e-08	7.95722136345756e-09	5.30481424230504e-09	3.53654282820336e-09	2.35769521880224e-09	1.57179681253484e-09	1.04786454168989e-09	6.98576361126595e-10	4.65717574084397e-10
4.65717574084392e-10	6.98576361126588e-10	1.04786454168988e-09	1.57179681253482e-09	2.35769521880223e-09	3.53654282820335e-09	5.30481424230502e-09	7.95722136345754e-09	1.19358320451863e-08	1.79037480677795e-08	2.68556221016692e-08	4.02834331525038e-08	6.04251497287557e-08	9.06377245931335e-08	1.359565868897e-07	2.03934880334551e-07	3.05902320501826e-07	9.10091473741423e-06	4.2384402954297e-05	0.000166666752647182	0.00053674681248271	0.00143915399623265	0.00322647775797708	0.00608592203455215	0.00973897888595349	0.0133553147988992	0.0158563506025727	0.0164268018694143	0.0148885144474141	0.0117637926297203	0.00803538981974907	0.00469614227695874	0.00232540383212318	0.000967914334603919	0.000336697189075402	9.5557988063162e-05	2.31502588905114e-05	4.63558485889529e-06	1.07188593925163e-08	3.05902320501826e-07	2.03934880334551e-07	1.359565868897e-07	9.06377245931335e-08	6.04251497287557e-08	4.02834331525038e-08	2.68556221016692e-08	1.79037480677795e-08	1.19358320451863e-08	1.19358320451863e-08	1.19358320451863e-08	1.19358320451863e-08	7.95722136345753e-09	5.30481424230504e-09	3.53654282820336e-09	2.35769521880224e-09	1.57179681253483e-09	1.04786454168989e-09	6.98576361126595e-10	4.65717574084397e-10	3.10478382722931e-10
4.65717574084392e-10	6.98576361126588e-10	1.04786454168988e-09	1.57179681253482e-09	2.35769521880223e-09	3.53654282820335e-09	5.30481424230502e-09	7.95722136345754e-09	1.19358320451863e-08	1.79037480677795e-08	2.68556221016692e-08	4.02834331525038e-08	6.04251497287557e-08	9.06377245931335e-08	1.359565868897e-07	2.03934880334551e-07	3.05902320501826e-07	8.95220279267478e-06	4.1691827848188e-05	0.000163023829886649	0.000523236272635379	0.00139547865116733	0.00310299373088666	0.00578126416614828	0.00908815794852261	0.0121637442533138	0.0140051906744711	0.0140066262153238	0.0122420245303894	0.00935343890752364	0.00621201161100931	0.00355246747224913	0.00173124222096838	0.000712391119708633	0.000245755743663511	6.88057686878104e-05	1.6626588285563e-05	3.31895716649539e-06	3.05902320501826e-07	2.03934880334551e-07	1.359565868897e-07	9.06377245931337e-08	6.04251497287556e-08	4.02834331525038e-08	2.68556221016692e-08	1.79037480677795e-08	1.19358320451863e-08	7.95722136345756e-09	7.95722136345754e-09	7.95722136345754e-09	7.95722136345754e-09	5.30481424230502e-09	3.53654282820335e-09	2.35769521880224e-09	1.57179681253483e-09	1.04786454168989e-09	6.98576361126592e-10	4.65717574084395e-10	3.10478382722931e-10	2.06985588481954e-10
4.65717574084392e-10	6.98576361126588e-10	1.04786454168988e-09	1.57179681253482e-09	2.35769521880223e-09	3.53654282820335e-09	5.30481424230502e-09	7.95722136345754e-09	1.19358320451863e-08	1.79037480677795e-08	2.68556221016692e-08	4.02834331525038e-08	6.04251497287557e-08	9.06377245931335e-08	1.359565868897e-07	2.03934880334551e-07	3.05902320501826e-07	6.90394866527269e-06	3.21527836099516e-05	0.00012519854602636	0.000400816630170234	0.00106471308443715	0.00235275591416468	0.00434180654359802	0.00672942212460717	0.00882825695899328	0.00989842842817691	0.00958426377047827	0.00808374638506574	0.00596352684209088	0.00383996218904359	0.0021422177874953	0.00102498751323318	0.000416389569084284	0.000142405221423962	3.92714266417202e-05	9.48769743595804e-06	1.89343966725909e-06	3.05902320501826e-07	2.03934880334551e-07	1.359565868897e-07	9.06377245931335e-08	6.04251497287557e-08	4.02834331525038e-08	2.68556221016692e-08	1.79037480677795e-08	1.19358320451863e-08	7.95722136345754e-09	5.30481424230502e-09	5.30481424230502e-09	5.30481424230502e-09	3.53654282820335e-09	2.35769521880224e-09	1.57179681253482e-09	1.04786454168989e-09	6.98576361126592e-10	4.65717574084395e-10	3.1047838272293e-10	2.06985588481954e-10	1.37990392321303e-10
4.65717574084392e-10	6.98576361126588e-10	1.04786454168988e-09	1.57179681253482e-09	2.35769521880223e-09	3.53654282820335e-09	5.30481424230502e-09	7.95722136345754e-09	1.19358320451863e-08	1.79037480677795e-08	2.68556221016692e-08	4.02834331525038e-08	6.04251497287557e-08	9.06377245931335e-08	1.359565868897e-07	2.03934880334551e-07	3.05902320501826e-07	4.17434145920894e-06	1.94405700504572e-05	7.54633724674556e-05	0.00024113538468033	0.000638617499093758	0.00140451714231442	0.00257294588890228	0.00394377676188472	0.00509062935903117	0.005581174519823	0.00525030453921574	0.00428075102431378	0.00304703255077105	0.00189692120574774	0.00102839586858264	0.000481276082869783	0.000192415031617218	6.50904853300326e-05	1.75993573996202e-05	4.25187960697859e-06	8.48538600920331e-07	3.05902320501826e-07	2.03934880334551e-07	1.359565868897e-07	9.06377245931335e-08	6.04251497287557e-08	4.02834331525038e-08	2.68556221016692e-08	1.79037480677795e-08	1.19358320451863e-08	7.95722136345754e-09	5.30481424230502e-09	3.53654282820335e-09	3.53654282820335e-09	2.35769521880224e-09	1.57179681253482e-09	1.04786454168988e-09	6.9857636112659e-10	4.65717574084395e-10	3.1047838272293e-10	2.06985588481954e-10	1.37990392321302e-10	9.19935948808684e-11
4.65717574084392e-10	6.98576361126588e-10	1.04786454168988e-09	1.57179681253482e-09	2.35769521880223e-09	3.53654282820335e-09	5.30481424230502e-09	7.95722136345754e-09	1.19358320451863e-08	1.79037480677795e-08	2.68556221016692e-08	4.02834331525038e-08	6.04251497287557e-08	9.06377245931335e-08	1.359565868897e-07	2.03934880334551e-07	3.05902320501826e-07	1.9787966431556e-06	9.21556972106592e-06	3.56897477784363e-05	0.000113881934827902	0.000300922667588229	0.000659458951447127	0.00120131782406389	0.00182556691425401	0.00232629464249357	0.0025038402482404	0.00229748401769995	0.00181599156404273	0.00124810850946991	0.000749944608717915	0.000393738466892793	0.000179493811595913	7.03603292762619e-05	2.34727048858917e-05	6.18357623028883e-06	1.49390804872966e-06	2.98136062811402e-07	3.05902320501826e-07	2.03934880334551e-07	1.359565868897e-07	9.06377245931335e-08	6.04251497287557e-08	4.02834331525038e-08	2.68556221016692e-08	1.79037480677795e-08	1.19358320451863e-08	7.95722136345754e-09	5.30481424230502e-09	3.53654282820335e-09	2.35769521880224e-09	1.57179681253482e-09	1.04786454168988e-09	6.9857636112659e-10	4.65717574084393e-10	3.10478382722929e-10	2.06985588481954e-10	1.37990392321302e-10	9.19935948808684e-11	6.13290632539123e-11
4.65717574084392e-10	6.98576361126588e-10	1.04786454168988e-09	1.57179681253482e-09	2.35769521880223e-09	3.53654282820335e-09	5.30481424230502e-09	7.95722136345754e-09	1.19358320451863e-08	1.79037480677795e-08	2.68556221016692e-08	4.02834331525038e-08	6.04251497287557e-08	9.06377245931335e-08	1.359565868897e-07	2.03934880334551e-07	3.05902320501826e-07	7.35422875443633e-07	3.42498093806634e-06	1.32413529008825e-05	4.2207214219779e-05	0.00011134080422859	0.000243343719887037	0.000441415115540842	0.00066637274288743	0.000840644940860561	0.000891481846796135	0.000801150630475939	0.000616174056162323	0.000409787569440513	0.000237599994972435	0.00012050588315221	5.33079836659269e-05	2.04056188076803e-05	6.69000628748775e-06	1.7033559160626e-06	4.11518677556329e-07	8.21259102287631e-08	3.05902320501826e-07	2.03934880334551e-07	1.359565868897e-07	9.06377245931335e-08	6.04251497287557e-08	4.02834331525038e-08	2.68556221016692e-08	1.79037480677795e-08	1.19358320451863e-08	7.95722136345754e-09	5.30481424230502e-09	3.53654282820335e-09	2.35769521880223e-09	1.57179681253482e-09	1.04786454168988e-09	6.98576361126588e-10	4.65717574084392e-10	3.10478382722928e-10	2.06985588481952e-10	1.37990392321301e-10	9.19935948808675e-11	6.13290632539117e-11
4.65717574084392e-10	6.98576361126588e-10	1.04786454168988e-09	1.57179681253482e-09	2.35769521880223e-09	3.53654282820335e-09	5.30481424230502e-09	7.95722136345754e-09	1.19358320451863e-08	1.79037480677795e-08	2.68556221016692e-08	4.02834331525038e-08	6.04251497287557e-08	9.06377245931335e-08	1.359565868897e-07	2.03934880334551e-07	3.05902320501826e-07	2.14287027253799e-07	9.97968662827399e-07	3.85333299187274e-06	1.22730016961619e-05	3.2334948832533e-05	7.05284171257785e-05	0.000127527194210781	0.000191553592894761	0.000239779299468212	0.000251320604585349	0.000222054460314235	0.000166854009000832	0.000107725418949982	6.03515548023136e-05	2.95349932812446e-05	1.26386265499973e-05	4.7052780083436e-06	1.51012476811606e-06	3.67869568831435e-07	8.88746720818419e-08	1.77365299294466e-08	3.05902320501826e-07	2.03934880334551e-07	1.359565868897e-07	9.06377245931335e-08	6.04251497287557e-08	4.02834331525038e-08	2.68556221016692e-08	1.79037480677795e-08	1.19358320451863e-08	7.95722136345754e-09	5.30481424230502e-09	3.53654282820335e-09	2.35769521880223e-09	1.57179681253482e-09	1.04786454168988e-09	6.98576361126588e-10	4.65717574084392e-10	3.10478382722928e-10	2.06985588481952e-10	1.37990392321301e-10	9.19935948808675e-11	6.13290632539117e-11
4.65717574084392e-10	6.98576361126588e-10	1.04786454168988e-09	1.57179681253482e-09	2.35769521880223e-09	3.53654282820335e-09	5.30481424230502e-09	7.95722136345754e-09	1.19358320451863e-08	1.79037480677795e-08	2.68556221016692e-08	4.02834331525038e-08	6.04251497287557e-08	9.06377245931335e-08	1.359565868897e-07	2.03934880334551e-07	3.05902320501826e-07	4.89527846514016e-08	2.27980879973549e-07	8.79440712346415e-07	2.7994197745058e-06	7.36855974408461e-06	1.60480397402645e-05	2.89480339592776e-05	4.33169001432928e-05	5.39014379795177e-05	5.59840532697753e-05	4.87996164547132e-05	3.59688801449298e-05	2.26319575962764e-05	1.2283405373141e-05	5.80265774642709e-06	2.39717775682913e-06	8.64854406110744e-07	2.70613677741288e-07	6.22881022458828e-08	1.50483626011471e-08	3.00316982794181e-09	3.05902320501826e-07	2.03934880334551e-07	1.359565868897e-07	9.06377245931335e-08	6.04251497287557e-08	4.02834331525038e-08	2.68556221016692e-08	1.79037480677795e-08	1.19358320451863e-08	7.95722136345754e-09	5.30481424230502e-09	3.53654282820335e-09	2.35769521880223e-09	1.57179681253482e-09	1.04786454168988e-09	6.98576361126588e-10	4.65717574084392e-10	3.10478382722928e-10	2.06985588481952e-10	1.37990392321301e-10	9.19935948808675e-11	6.13290632539117e-11
