4.02834331525038e-08	4.02834331525038e-08	4.02834331525039e-08	6.04251497287556e-08	9.06377245931335e-08	9.06377245931335e-08	9.06377245931335e-08	9.06377245931337e-08	1.359565868897e-07	1.359565868897e-07	1.359565868897e-07	1.359565868897e-07	1.359565868897e-07	1.359565868897e-07	1.359565868897e-07	1.359565868897e-07	1.359565868897e-07	1.359565868897e-07	1.359565868897e-07	1.359565868897e-07	1.359565868897e-07	1.359565868897e-07	9.06377245931337e-08	9.06377245931337e-08	1.359565868897e-07	1.359565868897e-07	1.359565868897e-07	1.359565868897e-07	1.359565868897e-07	1.359565868897e-07	1.359565868897e-07	1.359565868897e-07	1.359565868897e-07	1.359565868897e-07	1.359565868897e-07	1.359565868897e-07	1.359565868897e-07	1.359565868897e-07	9.06377245931337e-08	6.04251497287558e-08	4.02834331525039e-08	2.68556221016693e-08	1.79037480677795e-08	1.19358320451863e-08	7.95722136345756e-09	5.30481424230504e-09	3.53654282820336e-09	2.35769521880224e-09	1.57179681253482e-09	1.04786454168988e-09	6.9857636112659e-10	4.65717574084393e-10	3.10478382722929e-10	2.06985588481952e-10	1.37990392321302e-10	9.19935948808677e-11	6.13290632539119e-11	4.08860421692746e-11	2.7257361446183e-11	1.81715742974553e-11
6.04251497287557e-08	6.04251497287557e-08	6.04251497287558e-08	9.06377245931337e-08	1.359565868897e-07	1.359565868897e-07	1.359565868897e-07	1.359565868897e-07	2.03934880334551e-07	2.03934880334551e-07	2.03934880334551e-07	2.03934880334551e-07	2.03934880334551e-07	2.03934880334551e-07	2.03934880334551e-07	2.03934880334551e-07	2.03934880334551e-07	2.03934880334551e-07	2.03934880334551e-07	2.03934880334551e-07	2.03934880334551e-07	2.03934880334551e-07	1.359565868897e-07	1.359565868897e-07	2.03934880334551e-07	2.03934880334551e-07	2.03934880334551e-07	2.03934880334551e-07	2.03934880334551e-07	2.03934880334551e-07	2.03934880334551e-07	2.03934880334551e-07	2.03934880334551e-07	2.03934880334551e-07	2.03934880334551e-07	2.03934880334551e-07	2.03934880334551e-07	2.03934880334551e-07	1.359565868897e-07	9.06377245931337e-08	6.04251497287558e-08	4.02834331525039e-08	2.68556221016692e-08	1.79037480677795e-08	1.19358320451863e-08	7.95722136345756e-09	5.30481424230504e-09	3.53654282820335e-09	2.35769521880224e-09	1.57179681253482e-09	1.04786454168988e-09	6.9857636112659e-10	4.65717574084392e-10	3.10478382722928e-10	2.06985588481952e-10	1.37990392321302e-10	9.19935948808677e-11	6.13290632539117e-11	4.08860421692745e-11	2.7257361446183e-11
9.06377245931335e-08	9.06377245931335e-08	9.06377245931337e-08	1.359565868897e-07	2.03934880334551e-07	2.03934880334551e-07	2.03934880334551e-07	2.03934880334551e-07	3.05902320501826e-07	3.05902320501826e-07	3.05902320501826e-07	3.05902320501826e-07	3.05902320501826e-07	3.05902320501826e-07	3.05902320501826e-07	3.05902320501826e-07	3.05902320501826e-07	3.05902320501826e-07	3.05902320501826e-07	3.05902320501826e-07	3.05902320501826e-07	3.05902320501826e-07	2.03934880334551e-07	2.03934880334551e-07	3.05902320501826e-07	3.05902320501826e-07	3.05902320501826e-07	3.05902320501826e-07	3.05902320501826e-07	3.05902320501826e-07	3.05902320501826e-07	3.05902320501826e-07	3.05902320501826e-07	3.05902320501826e-07	3.05902320501826e-07	3.05902320501826e-07	3.05902320501826e-07	3.05902320501826e-07	2.03934880334551e-07	1.359565868897e-07	9.06377245931337e-08	6.04251497287556e-08	4.02834331525038e-08	2.68556221016692e-08	1.79037480677795e-08	1.19358320451863e-08	7.95722136345753e-09	5.30481424230502e-09	3.53654282820335e-09	2.35769521880224e-09	1.57179681253482e-09	1.04786454168988e-09	6.98576361126587e-10	4.65717574084392e-10	3.10478382722928e-10	2.06985588481952e-10	1.37990392321301e-10	9.19935948808674e-11	6.13290632539117e-11	4.08860421692745e-11
1.359565868897e-07	1.359565868897e-07	1.359565868897e-07	2.03934880334551e-07	3.05902320501826e-07	3.05902320501826e-07	3.05902320501826e-07	3.05902320501826e-07	4.09164247080319e-09	3.15415241430862e-08	1.75365890168172e-07	7.03209977273697e-07	2.03377252051089e-06	4.24225897647892e-06	6.38218561482881e-06	6.92498975749349e-06	5.41933865818815e-06	3.05879870918002e-06	1.24518235105301e-06	3.65588449331692e-07	7.74157679836907e-08	1.18234396305277e-08	3.05902320501826e-07	3.05902320501826e-07	1.26942731618063e-08	8.21753453357793e-08	3.83665446241938e-07	1.29193685713635e-06	3.13767054074532e-06	5.49605213004991e-06	6.94339380640765e-06	6.32659746874658e-06	4.15763212948677e-06	1.9706040358752e-06	6.73643505272412e-07	1.66088031316907e-07	2.95341175309618e-08	3.78780062618624e-09	3.05902320501826e-07	2.03934880334551e-07	1.359565868897e-07	9.06377245931335e-08	6.04251497287557e-08	4.02834331525038e-08	2.68556221016692e-08	1.79037480677795e-08	1.19358320451863e-08	7.95722136345754e-09	5.30481424230502e-09	3.53654282820335e-09	2.35769521880223e-09	1.57179681253482e-09	1.04786454168988e-09	6.98576361126588e-10	4.65717574084392e-10	3.10478382722928e-10	2.06985588481952e-10	1.37990392321301e-10	9.19935948808675e-11	6.13290632539117e-11
2.03934880334551e-07	2.03934880334551e-07	2.03934880334551e-07	3.05902320501826e-07	5.91359424013317e-09	4.30103901494524e-08	2.42587135111683e-07	9.60208712885558e-07	2.84602129684549e-06	6.45275992030927e-06	1.18953240691089e-05	1.99680555826131e-05	3.39996056825171e-05	5.71153362252402e-05	8.3369160618242e-05	9.60451051040547e-05	8.36077117016282e-05	5.40986108887814e-05	2.58559349343868e-05	9.10085060417837e-06	2.35325922939482e-06	4.46181035171088e-07	5.11441578643852e-08	3.05902320501826e-07	1.04563352115049e-07	6.76882359470056e-07	3.16027114261852e-06	1.06417474069808e-05	2.58451464996114e-05	4.5271251594471e-05	5.71930761374562e-05	5.21124943809383e-05	3.42466202498598e-05	1.62319623231769e-05	5.54883467087708e-06	1.36807527924772e-06	2.43273978071367e-07	3.12002999753598e-08	3.05902320501826e-07	2.03934880334551e-07	1.359565868897e-07	9.06377245931335e-08	6.04251497287557e-08	4.02834331525038e-08	2.68556221016692e-08	1.79037480677795e-08	1.19358320451863e-08	7.95722136345754e-09	5.30481424230502e-09	3.53654282820335e-09	2.35769521880223e-09	1.57179681253482e-09	1.04786454168988e-09	6.98576361126588e-10	4.65717574084392e-10	3.10478382722928e-10	2.06985588481952e-10	1.37990392321301e-10	9.19935948808675e-11	6.13290632539117e-11
3.05902320501826e-07	3.05902320501826e-07	3.05902320501826e-07	3.05902320501826e-07	4.88503752711753e-08	3.55295546843792e-07	2.01182761230693e-06	7.99856014957559e-06	2.38275889545937e-05	5.43200489630363e-05	9.95341298297361e-05	0.000159990984569514	0.000249233442189203	0.00038246265864905	0.000527697487341529	0.000592289356717779	0.000510805064006661	0.000330039386865537	0.000158044613649264	5.58081494864128e-05	1.447537876437e-05	2.75409176976071e-06	3.20221450035224e-07	3.05902320501826e-07	6.12260328992628e-07	3.96341746621182e-06	1.85046539762476e-05	6.23116956052214e-05	0.00015133368985057	0.000265081319931686	0.000334888380141933	0.000305139537982617	0.000200527685436043	9.50446441430971e-05	3.24906506189556e-05	8.01062899778954e-06	1.42446663038726e-06	1.82690259456909e-07	3.05902320501826e-07	2.03934880334551e-07	1.359565868897e-07	9.06377245931335e-08	6.04251497287557e-08	4.02834331525038e-08	2.68556221016692e-08	1.79037480677795e-08	1.19358320451863e-08	7.95722136345754e-09	5.30481424230502e-09	3.53654282820335e-09	2.35769521880223e-09	1.57179681253482e-09	1.04786454168988e-09	6.98576361126588e-10	4.65717574084392e-10	3.10478382722928e-10	2.06985588481952e-10	1.37990392321301e-10	9.19935948808675e-11	6.13290632539117e-11
8.49237847288876e-07	2.3495865228033e-06	4.78307338937652e-06	7.3766121171126e-06	1.00757088570142e-05	1.60717288307089e-05	3.45558047646725e-05	8.13957762727766e-05	0.00018149172674087	0.000356205996331125	0.000600638184682889	0.000898078214166307	0.00128106509396394	0.00180736185259097	0.0023646823743604	0.00259074261900043	0.00221663041558174	0.00143138527203428	0.000687086123526219	0.000243449176060421	6.33502319403996e-05	1.20934653038014e-05	1.42524580883546e-06	3.05902320501826e-07	2.54845933748362e-06	1.64972443449538e-05	7.70233771151936e-05	0.000259364873044838	0.000629908123575614	0.00110336883345666	0.00139393225230137	0.00127010630606544	0.000834672161781716	0.000395611800037432	0.000135238391301672	3.33432713207516e-05	5.9291695268206e-06	7.60426040253657e-07	3.05902320501826e-07	2.03934880334551e-07	1.359565868897e-07	9.06377245931335e-08	6.04251497287557e-08	4.02834331525038e-08	2.68556221016692e-08	1.79037480677795e-08	1.19358320451863e-08	7.95722136345754e-09	5.30481424230502e-09	3.53654282820335e-09	2.35769521880223e-09	1.57179681253482e-09	1.04786454168988e-09	6.98576361126588e-10	4.65717574084392e-10	3.10478382722928e-10	2.06985588481952e-10	1.37990392321301e-10	9.19935948808675e-11	6.13290632539117e-11
6.97625761966446e-06	1.93033572820261e-05	3.91779615398217e-05	5.98903937345306e-05	7.8466023462893e-05	0.000113517446881922	0.00021288241367882	0.000440411829621008	0.00088155518482783	0.00160937362017949	0.00259160538451296	0.00369772497297482	0.00490872271813634	0.00634784456714858	0.00776143368427821	0.00819895730424659	0.00691298153479632	0.00444887647134685	0.00213913775081102	0.000760890137764772	0.000198848536458583	3.8154709922335e-05	4.57545325436726e-06	8.38352735695043e-09	7.5405714849214e-06	4.8813276499115e-05	0.000227902510589266	0.000767428122986377	0.001863819118042	0.00326472996470471	0.00412447067097202	0.00375808522956175	0.00246969022021108	0.00117056568829004	0.000400153434711251	9.86585570494208e-05	1.75436688377201e-05	2.25000526050782e-06	3.05902320501826e-07	2.03934880334551e-07	1.359565868897e-07	9.06377245931335e-08	6.04251497287557e-08	4.02834331525038e-08	2.68556221016692e-08	1.79037480677795e-08	1.19358320451863e-08	7.95722136345754e-09	5.30481424230502e-09	3.53654282820335e-09	2.35769521880223e-09	1.57179681253482e-09	1.04786454168988e-09	6.98576361126588e-10	4.65717574084392e-10	3.10478382722928e-10	2.06985588481952e-10	1.37990392321301e-10	9.19935948808675e-11	6.13290632539117e-11
4.07380881832971e-05	0.000112735801961492	0.000228273484905241	0.00034655434170128	0.000440574012495723	0.000592259026183503	0.000996030691339318	0.00183342176732058	0.00326747760024733	0.00544313255995579	0.00826793937524233	0.0112772414905109	0.014079149845859	0.0167249549787834	0.018885892581942	0.018979861887402	0.0156519388512262	0.0100211743632154	0.00484046411234787	0.00174273339566879	0.000466028974034334	9.42187373765124e-05	1.34414828894891e-05	9.22270656900788e-07	1.60616853865268e-05	0.000102707705108893	0.000479363594851443	0.0016141698386571	0.00392026368977525	0.00686686932957231	0.00867520482778428	0.00790456805916272	0.00519462259055354	0.00246210918209757	0.000841662672762659	0.000207513462622261	3.6900473476314e-05	4.73254826028313e-06	3.05902320501826e-07	2.03934880334551e-07	1.359565868897e-07	9.06377245931335e-08	6.04251497287557e-08	4.02834331525038e-08	2.68556221016692e-08	1.79037480677795e-08	1.19358320451863e-08	7.95722136345754e-09	5.30481424230502e-09	3.53654282820335e-09	2.35769521880223e-09	1.57179681253482e-09	1.04786454168988e-09	6.98576361126588e-10	4.65717574084392e-10	3.10478382722928e-10	2.06985588481952e-10	1.37990392321301e-10	9.19935948808675e-11	6.13290632539117e-11
0.000169113868803462	0.000468078216777149	0.000946224030010871	0.00142941244714313	0.00177897012794161	0.00226564264335465	0.00350881449927199	0.00588058247176182	0.00940998024076498	0.0141667025931552	0.0200703302745915	0.0262002863988032	0.0311627956319699	0.03431913383813	0.0354806754941229	0.0333434468275434	0.0265927794346447	0.0169254626674155	0.00830466589082254	0.0031208964255344	0.000923990363533122	0.000243650716023377	7.4497230415015e-05	3.8841524809153e-05	5.4205947965159e-05	0.00017562859252219	0.000729346224720641	0.00241884160859373	0.00586319652724148	0.0102676470321781	0.0129711425321376	0.0118188338128728	0.00776694952321661	0.00368132186788227	0.00125844589880524	0.000310272124967457	5.51732315249459e-05	7.07606044771171e-06	3.05902320501826e-07	2.03934880334551e-07	1.359565868897e-07	9.06377245931335e-08	6.04251497287557e-08	4.02834331525038e-08	2.68556221016692e-08	1.79037480677795e-08	1.19358320451863e-08	7.95722136345754e-09	5.30481424230502e-09	3.53654282820335e-09	2.35769521880223e-09	1.57179681253482e-09	1.04786454168988e-09	6.98576361126588e-10	4.65717574084392e-10	3.10478382722928e-10	2.06985588481952e-10	1.37990392321301e-10	9.19935948808675e-11	6.13290632539117e-11
0.000499063651356889	0.00138164588242991	0.00279009751639382	0.00420155201717463	0.00515644531399277	0.00632784934721745	0.00925366509609254	0.0145205828731633	0.0213780198909668	0.0293356891777237	0.0386668870685605	0.0484851401168409	0.055877142930611	0.0583166821543107	0.0556891906855319	0.0486292005099846	0.0373939793896201	0.0240383097465504	0.0125572597103637	0.00544969635243413	0.00215680859567714	0.00091663820641808	0.000474525668774861	0.00031381934514846	0.000262149520689342	0.000327149006700885	0.000852416742171318	0.00260292299800836	0.00624159665799306	0.0109153633787329	0.0137870274985622	0.0125619214609128	0.00825528232703065	0.00391277827481671	0.00133756839243995	0.000329779919665722	5.86421479593223e-05	7.52095485935424e-06	3.05902320501826e-07	2.03934880334551e-07	1.359565868897e-07	9.06377245931335e-08	6.04251497287557e-08	4.02834331525038e-08	2.68556221016692e-08	1.79037480677795e-08	1.19358320451863e-08	7.95722136345754e-09	5.30481424230502e-09	3.53654282820335e-09	2.35769521880223e-09	1.57179681253482e-09	1.04786454168988e-09	6.98576361126588e-10	4.65717574084392e-10	3.10478382722928e-10	2.06985588481952e-10	1.37990392321301e-10	9.19935948808675e-11	6.13290632539117e-11
0.00104705774258689	0.00290000901288852	0.00585554152999283	0.00881283714988195	0.0107562923944929	0.012961811213816	0.0183836047888527	0.0278585221306514	0.0391334222581285	0.0504761466716096	0.0628393029104396	0.0763732321768214	0.0868641855957307	0.0888700048956431	0.0816112845685707	0.0684565297529572	0.0524006782409127	0.0357339232447686	0.0215298003853516	0.0119540526453588	0.00659651461458018	0.00382892013711469	0.00241374182455058	0.00170779190698856	0.00129286452243642	0.000982753538801746	0.00104129846398325	0.00212944320098664	0.00476520096668436	0.00825800816059142	0.0104186124006553	0.00949123458137927	0.00623732456141407	0.00295632142791415	0.00101060725196757	0.000249167055868825	4.43074016503471e-05	5.68249935146798e-06	3.05902320501826e-07	2.03934880334551e-07	1.359565868897e-07	9.06377245931335e-08	6.04251497287557e-08	4.02834331525038e-08	2.68556221016692e-08	1.79037480677795e-08	1.19358320451863e-08	7.95722136345754e-09	5.30481424230502e-09	3.53654282820335e-09	2.35769521880223e-09	1.57179681253482e-09	1.04786454168988e-09	6.98576361126588e-10	4.65717574084392e-10	3.10478382722928e-10	2.06985588481952e-10	1.37990392321301e-10	9.19935948808675e-11	6.13290632539117e-11
0.00156214498830438	0.00433089808165628	0.00876026660609853	0.0132466783132586	0.0163170524781786	0.0199056520889992	0.028452093586129	0.0432587916185233	0.0606120038564903	0.0769150604594021	0.0930194241103647	0.110365812610219	0.124646977655123	0.128249426483005	0.119187122106115	0.102381219749394	0.0827515314836116	0.0626763650387996	0.0445379509005277	0.0304636614154346	0.0205339239224941	0.0137721124875962	0.00944874454036491	0.00686032233696978	0.0050452157429983	0.00338569481004475	0.0020933076289038	0.00179468102182979	0.00278858153176367	0.00451429481867347	0.00562725025396849	0.00510974098305493	0.00335425732704708	0.00158890575690605	0.000542992035885227	0.000133853265962742	2.37972985928746e-05	3.0520438749231e-06	3.05902320501826e-07	2.03934880334551e-07	1.359565868897e-07	9.06377245931335e-08	6.04251497287557e-08	4.02834331525038e-08	2.68556221016692e-08	1.79037480677795e-08	1.19358320451863e-08	7.95722136345754e-09	5.30481424230502e-09	3.53654282820335e-09	2.35769521880223e-09	1.57179681253482e-09	1.04786454168988e-09	6.98576361126588e-10	4.65717574084392e-10	3.10478382722928e-10	2.06985588481952e-10	1.37990392321301e-10	9.19935948808675e-11	6.13290632539117e-11
0.00165839128349825	0.00460942043474659	0.00938461383350259	0.0144383453033992	0.0185166229642342	0.0241694088247072	0.0368459529730415	0.0587303848510551	0.0855978690854422	0.111220059685656	0.133650500403144	0.154181706931531	0.170383928967593	0.175973870568441	0.169138778862515	0.154431044863214	0.135845155038332	0.114599875711939	0.0924796022318237	0.0718415868668855	0.0537954898947373	0.0390672323361765	0.0283253514005309	0.0209506737933529	0.01516073580323	0.00982535466956347	0.0053974576248876	0.00275880973500805	0.00193726795940097	0.00212689969287361	0.00234994655525831	0.00203820800410025	0.00131115774215475	0.000614464778706567	0.000208769720826742	5.12986145973949e-05	9.08581736098552e-06	1.16527147470297e-06	3.05902320501826e-07	2.03934880334551e-07	1.359565868897e-07	9.06377245931335e-08	6.04251497287557e-08	4.02834331525038e-08	2.68556221016692e-08	1.79037480677795e-08	1.19358320451863e-08	7.95722136345754e-09	5.30481424230502e-09	3.53654282820335e-09	2.35769521880223e-09	1.57179681253482e-09	1.04786454168988e-09	6.98576361126588e-10	4.65717574084392e-10	3.10478382722928e-10	2.06985588481952e-10	1.37990392321301e-10	9.19935948808675e-11	6.13290632539117e-11
0.00125523147847613	0.00351248385816271	0.0072886322811434	0.0117682418617494	0.0167489836934473	0.0253963770461574	0.0436268809588505	0.07492618402259	0.115633840628466	0.15610358662012	0.188389282579884	0.211316340523897	0.225770624720965	0.230972947711698	0.228522712284384	0.222393821851057	0.212860388352388	0.196906943511342	0.173532852439429	0.144893035902256	0.114785547908999	0.0877072237261884	0.0664295046113224	0.0501289412263136	0.0361538514975038	0.0233585304037627	0.0130534286062264	0.00662847931023355	0.00359840218116463	0.00233272664590618	0.00160689283922806	0.000991447483073003	0.000509320046531538	0.000206561276547689	6.42288718371948e-05	1.49581197756384e-05	2.48100290311809e-06	3.1626302670737e-07	3.05902320501826e-07	2.03934880334551e-07	1.359565868897e-07	9.06377245931337e-08	6.04251497287558e-08	4.02834331525039e-08	2.68556221016693e-08	1.79037480677795e-08	1.19358320451863e-08	7.95722136345756e-09	5.30481424230504e-09	3.53654282820336e-09	2.35769521880224e-09	1.57179681253482e-09	1.04786454168988e-09	6.9857636112659e-10	4.65717574084393e-10	3.10478382722929e-10	2.06985588481952e-10	1.37990392321302e-10	9.19935948808677e-11	6.13290632539119e-11
0.00068193897218981	0.00194097965042937	0.00423714000797566	0.00767402118532892	0.0133120043706195	0.0248450845757942	0.0484190262910333	0.089076384537929	0.144655707823156	0.202841808525592	0.24919829124688	0.278513233135214	0.293700821595744	0.299846614285426	0.303973921403751	0.311422229902996	0.318378349070395	0.314183140213345	0.291178614820507	0.251200701972736	0.204379511242647	0.161615106183569	0.127119529120721	0.0984438835489444	0.0721378257773421	0.0480307252087708	0.0289810216657903	0.0169308522130069	0.0104976773858911	0.00673526967828198	0.00392573005914683	0.00186099966282339	0.000691574776500516	0.000198398019938473	4.40842697011448e-05	7.54111633682711e-06	6.81322435406153e-07	7.03886217282284e-08	3.05902320501826e-07	2.03934880334551e-07	2.03934880334551e-07	1.359565868897e-07	9.06377245931337e-08	6.04251497287558e-08	4.02834331525039e-08	2.68556221016692e-08	1.79037480677795e-08	1.19358320451863e-08	7.95722136345756e-09	5.30481424230504e-09	3.53654282820335e-09	2.35769521880224e-09	1.57179681253482e-09	1.04786454168988e-09	6.9857636112659e-10	4.65717574084392e-10	3.10478382722928e-10	2.06985588481952e-10	1.37990392321302e-10	9.19935948808677e-11
0.000275457474379859	0.00080433854312666	0.00197591696760467	0.00442539842197534	0.00988545272488412	0.0221723333009792	0.0475321041759931	0.092570405156951	0.157611219828866	0.230698594526914	0.294403300077012	0.339895593627149	0.368535890497964	0.386605297142663	0.404376305888676	0.429778845419016	0.456825097601954	0.466519364303714	0.442523140679625	0.387211168882844	0.320426677601284	0.260794117150229	0.212341071496334	0.169600358985059	0.128552048556267	0.0906466727015929	0.0604802507189881	0.0404200544218059	0.0279641082177031	0.0187654186407675	0.0109595023142404	0.00514351943719472	0.00187632264183589	0.000525031650196971	0.000112293196064753	1.7995344538947e-05	1.36065162688341e-06	7.29781843569061e-08	3.05902320501826e-07	3.05902320501826e-07	3.05902320501826e-07	2.03934880334551e-07	1.359565868897e-07	9.06377245931337e-08	6.04251497287556e-08	4.02834331525038e-08	2.68556221016692e-08	1.79037480677795e-08	1.19358320451863e-08	7.95722136345753e-09	5.30481424230502e-09	3.53654282820335e-09	2.35769521880224e-09	1.57179681253482e-09	1.04786454168988e-09	6.98576361126587e-10	4.65717574084392e-10	3.10478382722928e-10	2.06985588481952e-10	1.37990392321301e-10
0.000106893306964592	0.000271208555062721	0.00081662161940566	0.0023869106578635	0.00659438125190175	0.0168094132131098	0.03906800714311	0.081088277234551	0.146087105691463	0.225638648296275	0.304283286800165	0.372180955105163	0.427137728039124	0.4715877489073	0.514194479011759	0.563494475275772	0.612833635354911	0.637987430037675	0.616357299153245	0.551245919857741	0.47020833756263	0.396756773947793	0.33385375088361	0.274505277835425	0.215685615238203	0.160873174978619	0.11626260873902	0.0844910400667379	0.061746809180376	0.0423979035038577	0.0251077003276119	0.012086739052746	0.00460801367385511	0.00138195538483507	0.000327544768396615	6.23419608751933e-05	9.08683988002945e-06	1.43896995075999e-06	2.7966492598725e-07	5.02620269585826e-08	6.51507539226465e-09	3.05902320501826e-07	2.03934880334551e-07	1.359565868897e-07	9.06377245931335e-08	6.04251497287557e-08	4.02834331525038e-08	2.68556221016692e-08	1.79037480677795e-08	1.19358320451863e-08	7.95722136345754e-09	5.30481424230502e-09	3.53654282820335e-09	2.35769521880223e-09	1.57179681253482e-09	1.04786454168988e-09	6.98576361126588e-10	4.65717574084392e-10	3.10478382722928e-10	2.06985588481952e-10
9.17992176829028e-05	8.99807780906013e-05	0.000314224680798801	0.00114823613401528	0.0036816318421489	0.0104758971688961	0.0268463674011376	0.0605876481583706	0.116990123870336	0.192278387348634	0.276170275026323	0.360917654380427	0.442130255341229	0.517822579586178	0.592697391427415	0.672811114263327	0.750223523830827	0.79959615598499	0.797066976216693	0.745116716125486	0.669827242581197	0.591859520995937	0.513433917587696	0.431035705398889	0.346262536546809	0.266219917181612	0.19988471541588	0.150679987367162	0.112873126960974	0.0788707383498382	0.0478485828002261	0.0240266344580635	0.00976326614294789	0.00319792899970945	0.00085810043207901	0.000199728344180249	4.38425802023586e-05	9.70939575037196e-06	2.14453865118285e-06	3.85421443604226e-07	4.99591822062048e-08	3.05902320501826e-07	2.03934880334551e-07	1.359565868897e-07	9.06377245931335e-08	6.04251497287556e-08	4.02834331525039e-08	2.68556221016693e-08	1.79037480677795e-08	1.19358320451864e-08	7.95722136345758e-09	5.30481424230504e-09	3.53654282820336e-09	2.35769521880224e-09	1.57179681253483e-09	1.04786454168989e-09	6.9857636112659e-10	4.65717574084393e-10	3.10478382722929e-10	2.06985588481953e-10
0.000141318201869489	4.30266598011373e-05	0.000106295850481552	0.000458785815450977	0.00169295287264163	0.00551830143938265	0.0160614935844969	0.0400265814376474	0.0833369369283222	0.146143214641793	0.223774472850739	0.311820413557797	0.406046062634815	0.503579040867719	0.607779459248216	0.72191006033366	0.83581431770385	0.925408547165379	0.968543038589935	0.962484693783136	0.920068690684751	0.850641947262797	0.75678665707388	0.643775667993656	0.521397032002726	0.403218846007287	0.304559323564811	0.231643574930135	0.175851172302974	0.125451762435345	0.078659031252561	0.0414737375082261	0.0180036559990799	0.00646488187330351	0.00201143520868961	0.00059830058286578	0.000180196136778121	4.96449950529072e-05	1.1690005564734e-05	2.10095482215538e-06	2.72330422992361e-07	3.05902320501826e-07	2.03934880334551e-07	1.359565868897e-07	1.359565868897e-07	9.06377245931337e-08	6.04251497287558e-08	4.02834331525039e-08	2.68556221016693e-08	1.79037480677795e-08	1.19358320451863e-08	7.95722136345756e-09	5.30481424230504e-09	3.53654282820336e-09	2.35769521880224e-09	1.57179681253482e-09	1.04786454168988e-09	6.9857636112659e-10	4.65717574084393e-10	3.10478382722929e-10
0.000184773469385764	3.36585168689988e-05	2.80931822006913e-05	0.000150913466595273	0.000686148239728443	0.00267649037438145	0.00898911914509579	0.024703679265688	0.055281414570004	0.103186632232675	0.167658711514937	0.246767121918441	0.337766384408733	0.440565112716313	0.561118682416348	0.702584120631679	0.854675698916869	0.996309429069701	1.10597659948475	1.1695427198991	1.17870671779256	1.1283551095731	1.02309027428472	0.8784063966109	0.712811858198907	0.548991243198522	0.412753713858815	0.314942822217921	0.242505558319797	0.17702074033279	0.114401951272483	0.0627074612971407	0.0287640091748645	0.0113885531173978	0.004257402628211	0.00163492510071816	0.000609470343749711	0.000189247411513412	4.60731250125065e-05	8.30448954049743e-06	1.0823408590461e-06	3.05902320501826e-07	3.05902320501826e-07	2.03934880334551e-07	2.03934880334551e-07	1.359565868897e-07	9.06377245931337e-08	6.04251497287558e-08	4.02834331525039e-08	2.68556221016692e-08	1.79037480677795e-08	1.19358320451863e-08	7.95722136345756e-09	5.30481424230504e-09	3.53654282820335e-09	2.35769521880224e-09	1.57179681253482e-09	1.04786454168988e-09	6.9857636112659e-10	4.65717574084393e-10
0.000175781447537689	2.86909921246361e-05	6.11977695315138e-06	4.95813823970206e-05	0.000302052650539345	0.00141819781785087	0.00537027149597247	0.0158670010411972	0.037388742470369	0.0727952287671761	0.122679403790159	0.186280259042713	0.262946588730688	0.356457477397962	0.476257274572447	0.628194884843365	0.80669596706154	0.996237495023942	1.17337647477141	1.30804843841675	1.37004007450108	1.34297871341462	1.23436183421076	1.06648179682728	0.864887283955621	0.663757675435913	0.500732008250267	0.388617677687278	0.306490587180789	0.228489958772589	0.150153097789485	0.0839362010150329	0.0402420335297281	0.0178348190860539	0.00817213319265002	0.00386952666425719	0.00164725770269963	0.000557742729166907	0.000146359072157573	2.95749366546928e-05	4.730848357542e-06	3.20423798067402e-07	4.61822845258655e-08	3.05902320501826e-07	3.05902320501826e-07	2.03934880334551e-07	1.359565868897e-07	9.06377245931337e-08	6.04251497287556e-08	4.02834331525038e-08	2.68556221016692e-08	1.79037480677795e-08	1.19358320451863e-08	7.95722136345753e-09	5.30481424230502e-09	3.53654282820335e-09	2.35769521880224e-09	1.57179681253482e-09	1.04786454168988e-09	6.9857636112659e-10
0.000119132652993824	1.89771843075894e-05	1.02681825286299e-06	2.37487516427892e-05	0.000183925686862931	0.000962920699444326	0.00384894141183607	0.0116567927113188	0.0277436596079615	0.0539488461868181	0.0902378806603359	0.136221842125986	0.193582899195783	0.269138074734547	0.374235929904652	0.518259897134796	0.703479741686097	0.921636503808998	1.14709688140726	1.33529035633323	1.43911434658259	1.43518058948286	1.33191115636025	1.15360665027065	0.932583490872202	0.716373528449433	0.551093870264877	0.444174340410438	0.362778027508657	0.275535072556061	0.182227689292588	0.10286170560413	0.0516244130909219	0.0258934378538349	0.0141403663087922	0.00767433141697513	0.00356545438361675	0.00132047136517609	0.000395280925612067	9.95850754568346e-05	2.24716732951806e-05	3.94861002026508e-06	7.87994415660141e-07	9.42981074006816e-08	1.28460876066698e-08	3.05902320501826e-07	2.03934880334551e-07	1.359565868897e-07	9.06377245931335e-08	6.04251497287557e-08	4.02834331525038e-08	2.68556221016692e-08	1.79037480677795e-08	1.19358320451863e-08	7.95722136345754e-09	5.30481424230502e-09	3.53654282820335e-09	2.35769521880224e-09	1.57179681253482e-09	1.04786454168988e-09
5.74188891346748e-05	9.08780776409806e-06	6.72100388608503e-08	1.6393457596118e-05	0.000136369059322872	0.000736924705107188	0.00297479479846242	0.0090021267364198	0.021161785255496	0.0400371693095285	0.0644199703630922	0.0938567094236643	0.131797520908995	0.186795884280811	0.270641277225017	0.395323244617042	0.570045476706309	0.793561518942278	1.04116161887633	1.26082554506611	1.3950297680888	1.41366606049999	1.32173217210964	1.14379180421712	0.920856125994525	0.712380558220236	0.566066491642561	0.478455206563479	0.405407096883036	0.313803434094727	0.210017102599464	0.121465720867358	0.0651144048035861	0.0367438832926052	0.0225737086190903	0.0133551032798722	0.00678807182033445	0.00287863662959722	0.00104897349918536	0.000337731300179035	9.73256065465807e-05	2.30055728995679e-05	4.90930544033592e-06	6.84871489342831e-07	9.32990003078769e-08	3.05902320501826e-07	2.03934880334551e-07	1.359565868897e-07	9.06377245931335e-08	6.04251497287557e-08	4.02834331525038e-08	2.68556221016692e-08	1.79037480677795e-08	1.19358320451863e-08	7.95722136345754e-09	5.30481424230502e-09	3.53654282820335e-09	3.53654282820335e-09	2.35769521880224e-09	1.57179681253482e-09
1.96755795211095e-05	3.11409515282816e-06	9.98035295516116e-09	1.09469803746755e-05	9.21094678261051e-05	0.00050235208817916	0.00204170726820549	0.00621977697747409	0.0146138113682479	0.0272336836796104	0.0424715834798558	0.0598113812753172	0.083165138876412	0.121087492186439	0.184586252697607	0.286505159110689	0.440217265446324	0.650675674394557	0.898461011842107	1.13209126379239	1.28841749764741	1.328358742988	1.25042078675052	1.0812955108181	0.871339637790354	0.68508508458299	0.564315688197705	0.495949196872833	0.432104812786959	0.342297231925622	0.237068247099112	0.146184711399214	0.0868674115837326	0.0546154465332656	0.0360748594193762	0.0227823142805477	0.0128614789463975	0.00640504411494536	0.00283981766524119	0.00111315491007114	0.00037804285008832	0.000104254780571109	2.36166693330886e-05	3.68505610530645e-06	5.0075439765096e-07	3.05902320501826e-07	2.03934880334551e-07	1.359565868897e-07	9.06377245931335e-08	6.04251497287557e-08	4.02834331525038e-08	2.68556221016692e-08	1.79037480677795e-08	1.19358320451863e-08	7.95722136345754e-09	5.30481424230502e-09	5.30481424230502e-09	5.30481424230502e-09	3.53654282820335e-09	2.35769521880224e-09
4.79275517270375e-06	7.58559392672322e-07	3.05902320501826e-07	5.44915755123359e-06	4.8147880142384e-05	0.000269324331481444	0.00112306051381173	0.00353327769932979	0.00859212012305508	0.0165300134284066	0.0265210045982308	0.038459294890993	0.0554670683415126	0.0839830130272585	0.132473654571114	0.212568977124732	0.339201062367246	0.522709176191601	0.752169666766091	0.982755213023018	1.15001217841142	1.20630755217769	1.14430398695026	0.99457491143042	0.813029016384321	0.659399486165702	0.563998973643685	0.509190442996919	0.45257274153948	0.369938821147904	0.272204449077032	0.185574522914344	0.124672113676128	0.0859682534769293	0.0594854879513428	0.0393507168734382	0.0241566775963061	0.0135871614218859	0.00690860880838833	0.00308546010968754	0.00116558012134907	0.000351440975544214	8.31598526641911e-05	1.39240687730992e-05	1.88888526931168e-06	3.05902320501826e-07	2.03934880334551e-07	1.359565868897e-07	9.06377245931335e-08	6.04251497287557e-08	4.02834331525038e-08	2.68556221016692e-08	1.79037480677795e-08	1.19358320451863e-08	7.95722136345753e-09	7.95722136345754e-09	7.95722136345754e-09	7.95722136345754e-09	5.30481424230502e-09	3.53654282820335e-09
8.29904121261051e-07	1.31350662304935e-07	3.05902320501826e-07	1.95529814185643e-06	1.88842850491789e-05	0.000112654424763199	0.000499017378421961	0.00170528254498835	0.00461035230660837	0.01007477525718	0.0186651348678255	0.0309730108418862	0.0485207233114117	0.0740475242207503	0.112017553574631	0.171317267890794	0.266412552874247	0.411472815536788	0.604895344785125	0.812716444814156	0.975102477571057	1.04092289171869	0.999461700298365	0.883109024459235	0.746170868634363	0.636021187575893	0.569491217981208	0.52802761087775	0.479121377819714	0.406328724088465	0.319693708264388	0.239930712415233	0.177741148597957	0.130444689157718	0.0926842328035583	0.0627771207457507	0.0404827788837981	0.024702121385285	0.0138857771627033	0.00684288011970515	0.00279540153675521	0.00089396322845461	0.000217936816388562	3.81303667277575e-05	5.1584726168277e-06	3.05902320501826e-07	2.03934880334551e-07	1.359565868897e-07	9.06377245931335e-08	6.04251497287557e-08	4.02834331525038e-08	2.68556221016692e-08	1.79037480677795e-08	1.19358320451863e-08	1.19358320451863e-08	1.19358320451863e-08	1.19358320451863e-08	1.19358320451863e-08	7.95722136345753e-09	5.30481424230504e-09
1.02154043784711e-07	1.61681343235895e-08	3.05902320501826e-07	5.00270030573483e-07	5.52651986008019e-06	4.01329552603295e-05	0.00020564391503254	0.000845088499312746	0.00281822529991714	0.00760924745054493	0.0170019170304362	0.0320462673711393	0.052296840200248	0.0763816778918907	0.104683253067486	0.143379796113451	0.20560785177079	0.307040204566683	0.453357878287137	0.623149105602368	0.767456061023609	0.838306953289778	0.822759502491256	0.749611119146874	0.66508648501438	0.602310506581242	0.566813422242806	0.54095341599275	0.501475247393452	0.438663690516064	0.362465275641505	0.2897645454511	0.227678468981132	0.173222011379712	0.1248338006471	0.0854787550938857	0.0568730437001535	0.0369713276873547	0.022562794778141	0.0120024462425806	0.00518270970023173	0.00171975350657457	0.000426611304227066	7.65250922776251e-05	1.03093650308238e-05	3.05902320501826e-07	2.03934880334551e-07	1.359565868897e-07	9.06377245931337e-08	6.04251497287556e-08	4.02834331525038e-08	2.68556221016692e-08	1.79037480677795e-08	1.79037480677795e-08	1.79037480677795e-08	1.79037480677795e-08	1.79037480677795e-08	1.79037480677795e-08	1.19358320451863e-08	7.95722136345756e-09
3.05902320501826e-07	3.05902320501826e-07	3.05902320501826e-07	9.09873362108975e-08	1.20493859169321e-06	1.5352889742873e-05	0.000101220250833023	0.000527056458373505	0.00214779001461592	0.00677341566800294	0.0168910533170502	0.0338207235888627	0.055601672234985	0.0775593259428205	0.0969531033244039	0.118208306337774	0.15300971788186	0.215781827256514	0.315216044092194	0.441176670560784	0.559768694071824	0.631612526849677	0.641733964953292	0.610197974164795	0.571297420943873	0.545848118762924	0.533176468135765	0.519256283403174	0.488466816442953	0.43527700168267	0.369501221359657	0.305919355736231	0.249058040160986	0.194665137556861	0.14270851955427	0.0991932757059739	0.067849204999234	0.0463362924198478	0.0299986970266635	0.0167751890083635	0.00748730123513176	0.00253556222270414	0.000634977963672282	0.000115684881405191	1.55870428123767e-05	4.14597292073669e-08	3.05902320501826e-07	2.03934880334551e-07	1.359565868897e-07	9.06377245931335e-08	6.04251497287557e-08	4.02834331525038e-08	2.68556221016692e-08	2.68556221016692e-08	2.68556221016692e-08	2.68556221016692e-08	2.68556221016692e-08	2.68556221016692e-08	1.79037480677795e-08	1.19358320451863e-08
2.03934880334551e-07	2.03934880334551e-07	3.05902320501826e-07	1.17636577185604e-08	1.97459894537793e-07	7.26052020543428e-06	5.93841952267401e-05	0.000362470560445126	0.00165417847782453	0.00568706298857595	0.0151883965621718	0.031931425426566	0.0537209472792745	0.0743025526087708	0.088976020425044	0.100770302657265	0.119218187345947	0.15477376167647	0.214677731480987	0.296989099479848	0.384100012356905	0.44913439767673	0.477036136124703	0.477265180638452	0.469939825609223	0.465149857056708	0.460953154969815	0.450629633564479	0.425801175789939	0.382580718039654	0.329048087184064	0.278137166126403	0.23310429465559	0.188575553689128	0.14335360715194	0.103032844286985	0.0724197309614585	0.0506028691580094	0.0334542990815776	0.0190408920066838	0.00861150929847552	0.00294874920918809	0.000745985888036889	0.000138651368511189	1.90405031937056e-05	2.64630780698399e-07	3.05902320501826e-07	2.03934880334551e-07	1.359565868897e-07	9.06377245931335e-08	6.04251497287557e-08	4.02834331525038e-08	4.02834331525038e-08	4.02834331525038e-08	4.02834331525038e-08	4.02834331525038e-08	4.02834331525038e-08	4.02834331525038e-08	2.68556221016692e-08	1.79037480677795e-08
1.359565868897e-07	1.359565868897e-07	2.03934880334551e-07	3.05902320501826e-07	1.65872163919254e-08	3.34189483791781e-06	3.16275160894839e-05	0.000220195827622048	0.0011013937559913	0.00409533693494698	0.0117769168716561	0.0264249855018659	0.0467934734849928	0.0670429027933445	0.0818111348254501	0.0924463609336538	0.10509787276323	0.124718138590915	0.154737418390224	0.198079265768242	0.251276147316553	0.301278599023966	0.336511754703483	0.357801654732246	0.370706249419693	0.374957314195896	0.369641121052458	0.357199291036234	0.336489946899391	0.30385872772003	0.263640227124287	0.226056658800692	0.19457773885013	0.16439200338107	0.132043148511786	0.0997220761457715	0.07175025452521	0.0498749459047258	0.0325520545897166	0.0184879624731796	0.00846887523675657	0.00298305596694501	0.000789076805612214	0.000156985932142596	2.35220791680447e-05	1.20071301965088e-06	3.05902320501826e-07	2.03934880334551e-07	1.359565868897e-07	9.06377245931335e-08	6.04251497287556e-08	6.04251497287557e-08	6.04251497287557e-08	6.04251497287557e-08	6.04251497287557e-08	6.04251497287557e-08	6.04251497287557e-08	6.04251497287557e-08	4.02834331525038e-08	2.68556221016692e-08
9.06377245931335e-08	9.06377245931337e-08	1.359565868897e-07	2.03934880334551e-07	3.05902320501826e-07	1.22883521800308e-06	1.32627158242471e-05	0.000111031093896334	0.000619864169621797	0.00251565924358618	0.00784921675042631	0.0189581308513227	0.0358265917634823	0.0545003232114766	0.0704426671813105	0.0833984528049406	0.0955850995731018	0.106984821536275	0.117741647354963	0.133088917114139	0.158605854057762	0.192153394483427	0.227458991031704	0.260775637458958	0.28641488644999	0.295534430676634	0.287874081172799	0.273083982004502	0.256228824201771	0.233834356383678	0.205334785562921	0.176974002153772	0.153435868758543	0.133059378429533	0.11187074549483	0.0884796191293722	0.0653071932850585	0.0455713922900335	0.0299228625890082	0.0175341580684041	0.00854720330087628	0.0032981883272141	0.000980030175519394	0.000222967396875482	3.84507737700781e-05	3.87278195965324e-06	3.05902320501826e-07	2.03934880334551e-07	1.359565868897e-07	9.06377245931335e-08	9.06377245931335e-08	9.06377245931335e-08	9.06377245931335e-08	9.06377245931335e-08	9.06377245931335e-08	9.06377245931335e-08	9.06377245931335e-08	9.06377245931335e-08	6.04251497287556e-08	4.02834331525039e-08
6.04251497287556e-08	9.06377245931335e-08	1.359565868897e-07	2.03934880334551e-07	3.05902320501826e-07	3.33396229109658e-07	4.23138802897955e-06	4.69767548729772e-05	0.000297511732195146	0.00131379988840191	0.00441556027030785	0.0114188059146551	0.0230417213863375	0.0375668128607268	0.0523125096451355	0.0661972747370154	0.0783271482464661	0.0856833830539193	0.0869980300046803	0.0881555028539368	0.0981349434412963	0.120239667108627	0.152186169959571	0.189188023782662	0.220610715126417	0.233598199488827	0.227297193919202	0.2135439567753	0.200671051568626	0.185986787926338	0.16509888349425	0.140339275159807	0.117635528392859	0.0996122468458497	0.0842562732787583	0.0688316977086443	0.05354064295792	0.0402855379680706	0.0292048999255078	0.0191699496915947	0.0105183647752526	0.00456443410002715	0.00151660075809558	0.000380253565170324	7.10146843471919e-05	8.87956801807812e-06	3.05902320501826e-07	2.03934880334551e-07	1.359565868897e-07	1.359565868897e-07	1.359565868897e-07	1.359565868897e-07	1.359565868897e-07	1.359565868897e-07	1.359565868897e-07	1.359565868897e-07	1.359565868897e-07	1.359565868897e-07	9.06377245931337e-08	6.04251497287558e-08
6.04251497287557e-08	9.06377245931335e-08	1.359565868897e-07	2.03934880334551e-07	3.05902320501826e-07	6.43002530682936e-08	1.01399600668469e-06	1.66112287257584e-05	0.000119306619019467	0.000565506021602598	0.0020202209516007	0.00555607867768265	0.0119868766353036	0.0211534703990602	0.0321985929093169	0.0441446457333371	0.0547378232774545	0.0600428915515118	0.0585840243482011	0.0556063332344952	0.0596031959740748	0.0749457516969379	0.101056185132047	0.134000236608846	0.164103084373879	0.179793939767843	0.179141911306504	0.170916601780606	0.162375383930807	0.151725846250199	0.134070918073866	0.110349400855302	0.0869816265826041	0.0688545506052589	0.0561071554498419	0.0469105519437069	0.040396631783493	0.0357560608133521	0.0305468603629868	0.0227498766083175	0.013650456200553	0.0063196977879324	0.00220478874306149	0.00057251239515208	0.000109603777774941	1.447256787313e-05	3.05902320501826e-07	2.03934880334551e-07	2.03934880334551e-07	2.03934880334551e-07	2.03934880334551e-07	2.03934880334551e-07	2.03934880334551e-07	2.03934880334551e-07	2.03934880334551e-07	2.03934880334551e-07	2.03934880334551e-07	2.03934880334551e-07	1.359565868897e-07	9.06377245931337e-08
6.04251497287557e-08	9.06377245931335e-08	1.359565868897e-07	2.03934880334551e-07	3.05902320501826e-07	8.81555472797782e-09	1.83000935338144e-07	4.76644470370873e-06	3.83882232375869e-05	0.000192921255796073	0.000726158353442458	0.00212635644127092	0.0049526349574154	0.00962255797940833	0.0162973660621221	0.0245437930777386	0.0323342335865783	0.0362800822293031	0.0350027729869376	0.0321749506463354	0.0340796419541721	0.0443138899252251	0.0628684737498752	0.087293561071124	0.111484520106143	0.127857142335162	0.133959736736651	0.13350393348821	0.129745789642167	0.12098323971988	0.104613544636331	0.0832230725380478	0.0629127127932561	0.0473504332950614	0.036760724046898	0.0308703253674706	0.0295083326221695	0.0304858203320809	0.0294125019690244	0.023538153771737	0.0147074131101204	0.00697692136257727	0.00247396549917356	0.000649271289988349	0.000125170488924685	1.67681178112401e-05	3.05902320501826e-07	3.05902320501826e-07	3.05902320501826e-07	3.05902320501826e-07	3.05902320501826e-07	3.05902320501826e-07	3.05902320501826e-07	3.05902320501826e-07	3.05902320501826e-07	3.05902320501826e-07	3.05902320501826e-07	3.05902320501826e-07	2.03934880334551e-07	1.359565868897e-07
4.02834331525038e-08	6.04251497287556e-08	9.06377245931337e-08	1.359565868897e-07	2.03934880334551e-07	3.05902320501826e-07	1.81377223890959e-08	1.02884338742802e-06	9.39807195564823e-06	5.03342744194112e-05	0.000200388920417315	0.000633748958628293	0.00162451144122446	0.00354830949651251	0.00678517666627663	0.011312751749723	0.01596642071733	0.0185643484324685	0.018005266003714	0.0162639151064988	0.0171846531220149	0.0233704802306942	0.0353514344796202	0.0520392864741517	0.0700222268757276	0.0847154133860415	0.09393304185818	0.0984621423169046	0.0983639000362373	0.0913269435607929	0.0770575177924496	0.0604770326326025	0.0468995176651429	0.0369166179447704	0.0288735732847004	0.0232366458837876	0.0215747185162121	0.0227537621398595	0.0227012027937377	0.0186089444427291	0.0117986284639274	0.00564711246026118	0.00201583529666294	0.00053496796098291	0.000111973779832949	2.89007460725281e-05	1.76886261646345e-05	1.57505058531942e-05	1.21707385870681e-05	1.04173380392027e-05	1.02827552274742e-05	9.23753983353376e-06	6.41560078790761e-06	3.26386004123643e-06	1.20558862335008e-06	3.21176829006452e-07	6.17115879994053e-08	8.55198025271821e-09	3.05902320501826e-07	2.03934880334551e-07
2.68556221016692e-08	4.02834331525039e-08	6.04251497287558e-08	9.06377245931337e-08	1.359565868897e-07	2.03934880334551e-07	3.05902320501826e-07	1.60233174827779e-07	1.68104163433329e-06	9.72639970187928e-06	4.14575372884861e-05	0.000145784727557758	0.000422539365028029	0.00105760328285709	0.00229603726111107	0.00422979974940162	0.00639161423247346	0.00772931314998091	0.00759355623482706	0.00682116725487424	0.00742866777141693	0.0113087399361154	0.0195737519534625	0.031925080660031	0.0456299920941972	0.0567964572470859	0.0637953147202607	0.0676389271731114	0.0681666568914832	0.0629816273107402	0.0525218174806672	0.0422328601840093	0.0362651502990726	0.0326865829696604	0.0276385595981335	0.0211576800828522	0.0163456237294007	0.0144693751153173	0.0133880546901248	0.0107795504016002	0.00682973131767302	0.00327824362171576	0.00118191040008331	0.000339764202485525	0.000127208738195422	0.000116184842357108	0.000126914835430186	0.000113733943005621	8.96618538425234e-05	7.93562061105233e-05	8.01332137784675e-05	7.25488526209394e-05	5.04859953811304e-05	2.569963263738e-05	9.49280432998121e-06	2.52894622098366e-06	4.85917018811034e-07	6.7338289032065e-08	3.05902320501826e-07	2.03934880334551e-07
2.68556221016692e-08	4.02834331525038e-08	6.04251497287557e-08	9.06377245931335e-08	1.359565868897e-07	2.03934880334551e-07	3.05902320501826e-07	2.06106578722085e-08	2.34407291159781e-07	1.47253752260567e-06	6.70283506644263e-06	2.67309767915478e-05	8.84287786290129e-05	0.000253403658731516	0.000618164775773229	0.00124344958299511	0.00199524338324617	0.00250011483479037	0.00250049121931127	0.00231312407699941	0.00292356347806407	0.00572406262873484	0.0120436224497383	0.0218239336604325	0.0322483404547486	0.0393304620124031	0.0418870986709867	0.042085750291303	0.0411681148891455	0.0376840989446281	0.0318365264895164	0.0276254011213769	0.0277560675081406	0.0293604130454947	0.0274089057860271	0.0209274943008565	0.0135936235133614	0.00876368422532741	0.0063375648522197	0.00461457196036127	0.00284571342896336	0.00136754523121973	0.000535590340755788	0.000282718261637233	0.000367572217991365	0.000553859515671159	0.000647446060622458	0.000584254424765315	0.000470459625260566	0.000430593033469061	0.000444290670891363	0.000405124847177953	0.000282431466247479	0.000143849139516165	5.31342900394992e-05	1.4155328323333e-05	2.71983440458056e-06	3.76914139996863e-07	3.05902320501826e-07	2.03934880334551e-07
1.79037480677795e-08	2.68556221016692e-08	4.02834331525038e-08	6.04251497287556e-08	9.06377245931337e-08	1.359565868897e-07	2.03934880334551e-07	3.05902320501826e-07	1.21541648206029e-08	1.1564097966638e-07	6.59242788662632e-07	3.49645300241817e-06	1.41146324807349e-05	4.71756806993913e-05	0.000128543540208229	0.000278918396443642	0.00047025360500113	0.000606286630327792	0.000625444988778752	0.000656633680634596	0.00117949366874057	0.00311454752481777	0.00752252704714232	0.0143580503203606	0.0212687617379181	0.0249728643233403	0.0246749926807444	0.0227286167405585	0.0211918974831361	0.0197549961415737	0.0182246126432201	0.0184507463067023	0.0217843562171733	0.0258295219848353	0.0258954029559977	0.0202725745851565	0.0122716207439189	0.00611954505461265	0.00296215964672283	0.00160272206674639	0.000882666152018485	0.000445115893880764	0.000324670162599896	0.000596375598065663	0.00124746034538041	0.00199392182844619	0.00234842144389134	0.00213528873635248	0.00175828803205167	0.00166412789434617	0.00175245373432275	0.00160850626283238	0.00112321187928538	0.00057236436398645	0.000211417143172496	5.63229333178831e-05	1.08220062654687e-05	1.49971159189701e-06	3.05902320501826e-07	2.03934880334551e-07
1.19358320451863e-08	1.79037480677795e-08	2.68556221016692e-08	4.02834331525039e-08	6.04251497287558e-08	9.06377245931337e-08	1.359565868897e-07	2.03934880334551e-07	3.05902320501826e-07	5.05487407651538e-09	4.02654297466578e-08	3.35975171517949e-07	1.69852335180501e-06	6.63862769206258e-06	2.00568184553069e-05	4.64661528523723e-05	8.15407425879512e-05	0.000107485375439972	0.000119789242115864	0.000173515332681228	0.000485362686680311	0.00153855314357445	0.00392579890504892	0.00760285916484609	0.0111857494904232	0.0127748094758319	0.0120191437352073	0.0106868095096688	0.0107118227388422	0.0123543356594985	0.0147469395224442	0.0174530464940053	0.0206749437287188	0.0234826023364807	0.023115652206415	0.018076668562256	0.010746619342326	0.00484371081380622	0.0017501699583369	0.000596923614482258	0.000244694969220732	0.000198450870101746	0.000497243101452236	0.00144442998563042	0.00319158389376014	0.0051292921742828	0.006056738104424	0.0055524123725417	0.00468098537742441	0.00458046272224567	0.00491728405217772	0.00454071577141423	0.00317551973819641	0.00161891060943136	0.000597985265388963	0.000159307252582159	3.06096288673112e-05	4.24187660863307e-06	3.05902320501826e-07	2.03934880334551e-07
7.95722136345756e-09	1.19358320451863e-08	1.79037480677795e-08	2.68556221016693e-08	4.02834331525039e-08	6.04251497287558e-08	9.06377245931337e-08	1.359565868897e-07	2.03934880334551e-07	3.05902320501826e-07	3.05902320501826e-07	1.40628986745119e-08	9.94441495415846e-08	5.07178785657051e-07	1.86560790062612e-06	4.94945199315177e-06	9.47990340896446e-06	1.31331555507285e-05	1.81625678805872e-05	4.44665577656166e-05	0.000171931310168142	0.000589073205203601	0.0015307061343498	0.00297225539744101	0.00435491960707461	0.00495669106512652	0.00485391834971434	0.00539538106694914	0.00834653588309669	0.0140963551354462	0.0205714567671591	0.0246861364561109	0.025354454186005	0.0236187272745898	0.020007334220943	0.0144366124205224	0.00824704114620621	0.00357288432509484	0.00116338789390158	0.000300842345737015	0.000102270980891566	0.000217663534059311	0.000858832866462996	0.00262755988640672	0.00583362541984138	0.00938430743424439	0.0111071269192189	0.0102732195320718	0.00887744035688536	0.00897847243540789	0.00981475599152592	0.00911352437933355	0.00638220440365296	0.00325505339537099	0.00120233566766843	0.000320310219973739	6.15450759264493e-05	8.52890504098045e-06	3.05902320501826e-07	2.03934880334551e-07
5.30481424230504e-09	7.95722136345758e-09	1.19358320451864e-08	1.79037480677795e-08	2.68556221016693e-08	4.02834331525039e-08	6.04251497287558e-08	9.06377245931337e-08	1.359565868897e-07	2.03934880334551e-07	2.03934880334551e-07	3.05902320501826e-07	3.05902320501826e-07	3.05902320501826e-07	3.05902320501826e-07	3.05902320501826e-07	3.05902320501826e-07	3.05902320501826e-07	1.38291567162439e-06	9.7033337264808e-06	4.67983208010578e-05	0.000165571632834359	0.000432331446705813	0.000838576972120646	0.00123864298443323	0.00151443947878994	0.00204099191229553	0.00418409686895948	0.00994040193018668	0.0198510802642839	0.0305799851291905	0.0363055585321697	0.0342071965507456	0.0268514259208875	0.0183911295191244	0.0110541156823821	0.00558496168734654	0.00224061123570938	0.000683207126130145	0.000159457646995594	6.91212103076306e-05	0.000263483687362173	0.00111042042229185	0.00341347167766712	0.00758295244985275	0.0122061060838835	0.0144835686470102	0.0135257634617491	0.0119939357343285	0.0125323371003297	0.0139343513106279	0.0130047581444445	0.0091185916112569	0.00465241374236301	0.00171848578310535	0.000457816044229683	8.7965732734886e-05	1.21902746899315e-05	3.05902320501826e-07	2.03934880334551e-07
3.53654282820338e-09	5.30481424230506e-09	7.95722136345758e-09	1.19358320451864e-08	1.79037480677795e-08	2.68556221016693e-08	4.02834331525039e-08	6.04251497287558e-08	9.06377245931337e-08	1.359565868897e-07	1.359565868897e-07	2.03934880334551e-07	2.03934880334551e-07	2.03934880334551e-07	2.03934880334551e-07	2.03934880334551e-07	2.03934880334551e-07	3.05902320501826e-07	2.80570825369697e-07	1.96583539795901e-06	9.47327960099775e-06	3.34808385824238e-05	8.72781092003289e-05	0.000168846619750278	0.000266670623982275	0.000465729334837476	0.00126775927407001	0.00416431827881078	0.0115151328516108	0.0242772077144722	0.0386157092504935	0.0467323872526722	0.0437208403614	0.0323247915185998	0.0193723698712339	0.00960957948660847	0.0039669630850059	0.00134274458909409	0.000361361321171556	7.92351297916423e-05	5.13625018785973e-05	0.000241982346123186	0.00102591599160953	0.00315370206700366	0.00700725509976884	0.0112868243536832	0.0134298753763629	0.01267299497532	0.0115445158151684	0.0124555596216267	0.014071034679535	0.0131936826464484	0.00926156817555228	0.00472697720133237	0.00174602766808674	0.000465153385601239	8.93755448596684e-05	1.23856461889002e-05	3.05902320501826e-07	2.03934880334551e-07
2.35769521880225e-09	3.53654282820338e-09	5.30481424230506e-09	7.95722136345758e-09	1.19358320451864e-08	1.79037480677795e-08	2.68556221016693e-08	4.02834331525039e-08	6.04251497287556e-08	9.06377245931335e-08	9.06377245931337e-08	1.359565868897e-07	1.359565868897e-07	1.359565868897e-07	1.359565868897e-07	1.359565868897e-07	2.03934880334551e-07	3.05902320501826e-07	4.04645100476621e-08	2.83118232517704e-07	1.36351037331512e-06	4.8150363577313e-06	1.25352598142939e-05	2.42003904072289e-05	5.40536784055914e-05	0.00022262475396437	0.00102743600933226	0.00396265114060715	0.0115946401001169	0.0254127146235066	0.041892931824207	0.0523529831976423	0.0500658957572436	0.036995305402663	0.0213042802619619	0.00962624382565108	0.00343881715478568	0.000992867677390044	0.000252559251164615	7.45717404504338e-05	5.29658354009168e-05	0.000168976631667827	0.00067725683171744	0.00207206622371861	0.00460324844955903	0.00741974450770733	0.00885530578060961	0.00845068751893005	0.00791666717357136	0.00881374349118448	0.0101059633245884	0.00951638688592211	0.00668712850088399	0.00341407966162758	0.00126107601038857	0.000335959038023449	6.45518725722371e-05	8.94558635436627e-06	3.05902320501826e-07	2.03934880334551e-07
1.57179681253484e-09	2.35769521880225e-09	3.53654282820338e-09	5.30481424230506e-09	7.95722136345758e-09	1.19358320451864e-08	1.79037480677795e-08	2.68556221016692e-08	4.02834331525038e-08	6.04251497287557e-08	6.04251497287556e-08	9.06377245931335e-08	9.06377245931335e-08	9.06377245931335e-08	9.06377245931335e-08	9.06377245931337e-08	1.359565868897e-07	2.03934880334551e-07	3.05902320501826e-07	3.05902320501826e-07	3.05902320501826e-07	3.05902320501826e-07	3.05902320501826e-07	3.05902320501826e-07	1.54020192585638e-05	0.000159534576774465	0.000884351022537474	0.00359607186670278	0.0108444082160048	0.0243703596270434	0.0410508121427595	0.052189561262489	0.0504583372589696	0.0373637372102822	0.0213048094278092	0.0094037989371669	0.00328908124040446	0.00104081289814414	0.000433974617256272	0.000265024113324033	0.000167090662518461	0.000144318192452962	0.000337877395001696	0.000972559187342841	0.00215051168374996	0.00346772027129905	0.00415225476775437	0.00401082937940761	0.00386785449757014	0.00444004853325896	0.00516206567530834	0.0048799502022111	0.00343235325993777	0.00175286616516046	0.000647465111945241	0.000172489012851687	3.31423998688074e-05	4.59286753743013e-06	3.05902320501826e-07	2.03934880334551e-07
1.04786454168989e-09	1.57179681253484e-09	2.35769521880225e-09	3.53654282820338e-09	5.30481424230506e-09	7.95722136345758e-09	1.19358320451863e-08	1.79037480677795e-08	2.68556221016692e-08	4.02834331525038e-08	4.02834331525038e-08	6.04251497287557e-08	6.04251497287557e-08	6.04251497287557e-08	6.04251497287557e-08	6.04251497287558e-08	9.06377245931337e-08	1.359565868897e-07	2.03934880334551e-07	2.03934880334551e-07	2.03934880334551e-07	2.03934880334551e-07	2.03934880334551e-07	3.05902320501826e-07	1.44740217030763e-05	0.000143921639707566	0.000801331559454586	0.00326875002638621	0.00984744312403493	0.0220336433747131	0.0368549561353033	0.046465825035434	0.044595816781688	0.0329295483401223	0.0189188037372327	0.00866021948609321	0.00353581111153449	0.00184886299954865	0.00147221321089145	0.00118473629905287	0.000745629841837423	0.000364278833571329	0.000216934510997489	0.000347809002198281	0.0007182092780756	0.00115270017475148	0.00138461187953301	0.00135500398405705	0.00134636566429169	0.00159224323149273	0.00187519509282852	0.00177906293301527	0.00125239221504253	0.000639747843723579	0.000236306922619672	6.2953736132943e-05	1.20960625935485e-05	1.67627007810375e-06	3.05902320501826e-07	2.03934880334551e-07
6.98576361126595e-10	1.04786454168989e-09	1.57179681253484e-09	2.35769521880225e-09	3.53654282820338e-09	5.30481424230504e-09	7.95722136345756e-09	1.19358320451863e-08	1.79037480677795e-08	2.68556221016692e-08	2.68556221016692e-08	4.02834331525038e-08	4.02834331525038e-08	4.02834331525038e-08	4.02834331525038e-08	4.02834331525039e-08	6.04251497287558e-08	9.06377245931337e-08	1.359565868897e-07	1.359565868897e-07	1.359565868897e-07	1.359565868897e-07	2.03934880334551e-07	3.05902320501826e-07	1.43125319031341e-05	0.000127487178931161	0.000697581148215161	0.0027969122365981	0.00824575143291838	0.01802809506095	0.0295240425974386	0.0367378511844295	0.035398725706655	0.0269825310291992	0.0166806992748837	0.00892815226792668	0.00527321985654392	0.00464253924762028	0.00476920721469661	0.00406580665541367	0.00257421328545103	0.00118674893214223	0.00041611582908434	0.000169316650783616	0.000184537809983643	0.000274154577402744	0.000328361097179593	0.00032587171414501	0.000333903333351739	0.000406434058234857	0.00048442967661929	0.000461100537517373	0.000324850700120908	0.000165979276963636	6.13086117330657e-05	1.63330219992428e-05	3.13826102437249e-06	4.34899622232495e-07	3.05902320501826e-07	2.03934880334551e-07
4.65717574084397e-10	6.98576361126595e-10	1.04786454168989e-09	1.57179681253484e-09	2.35769521880224e-09	3.53654282820336e-09	5.30481424230504e-09	7.95722136345756e-09	1.19358320451863e-08	1.79037480677795e-08	1.79037480677795e-08	2.68556221016692e-08	2.68556221016692e-08	2.68556221016692e-08	2.68556221016692e-08	2.68556221016693e-08	4.02834331525039e-08	6.04251497287556e-08	9.06377245931335e-08	9.06377245931335e-08	9.06377245931335e-08	1.359565868897e-07	2.03934880334551e-07	3.05902320501826e-07	1.16922488653765e-05	9.52714413175565e-05	0.000511130299939442	0.00201487199034672	0.00582101568602629	0.0125140213953772	0.0203955531269507	0.0259215307789212	0.0265970196759781	0.0226641823285861	0.0164252877841951	0.011119393236014	0.00928813281085548	0.0105543678634817	0.0117153632760735	0.0101483511630686	0.00644627178190663	0.00296340455685698	0.000987102141438372	0.000247951141245405	6.88600453723629e-05	5.07593305745069e-05	5.53824435890674e-05	5.57940980705614e-05	5.89981745467096e-05	7.38405625365624e-05	8.89942122437774e-05	8.49619525137679e-05	5.98992536152268e-05	3.06114478338554e-05	1.13071065506811e-05	3.01228840157301e-06	5.78787396800429e-07	8.02082485384617e-08	3.05902320501826e-07	2.03934880334551e-07
3.10478382722931e-10	4.65717574084397e-10	6.98576361126595e-10	1.04786454168989e-09	1.57179681253483e-09	2.35769521880224e-09	3.53654282820336e-09	5.30481424230504e-09	7.95722136345753e-09	1.19358320451863e-08	1.19358320451863e-08	1.79037480677795e-08	1.79037480677795e-08	1.79037480677795e-08	1.79037480677795e-08	1.79037480677795e-08	2.68556221016692e-08	4.02834331525038e-08	6.04251497287557e-08	6.04251497287556e-08	9.06377245931335e-08	1.359565868897e-07	2.03934880334551e-07	3.05902320501826e-07	7.06522068045677e-06	5.45269288074656e-05	0.000288419172024522	0.00113142324133727	0.00325185471065614	0.00705380822955998	0.0119546998640672	0.0165630484001751	0.0194472266814605	0.019399511744447	0.0165057274016905	0.0135591642092932	0.0141992423371606	0.0182775584376712	0.0209968614994698	0.0183316389969969	0.0116712786073954	0.00537098508064657	0.00178444390225305	0.000428906022387563	7.72232090512263e-05	1.46617952457631e-05	6.64366583908784e-06	6.80144485763577e-06	7.42689751950814e-06	9.54751174871163e-06	1.16258847770034e-05	1.11294667735104e-05	7.85149467891884e-06	4.01327424938393e-06	1.48240357010169e-06	3.94922172233245e-07	7.58811725617935e-08	1.05155986150902e-08	3.05902320501826e-07	2.03934880334551e-07
2.06985588481954e-10	3.10478382722931e-10	4.65717574084395e-10	6.98576361126592e-10	1.04786454168989e-09	1.57179681253483e-09	2.35769521880224e-09	3.53654282820335e-09	5.30481424230502e-09	7.95722136345754e-09	7.95722136345753e-09	1.19358320451863e-08	1.19358320451863e-08	1.19358320451863e-08	1.19358320451863e-08	1.19358320451863e-08	1.79037480677795e-08	2.68556221016692e-08	4.02834331525038e-08	6.04251497287557e-08	9.06377245931335e-08	1.359565868897e-07	2.03934880334551e-07	3.05902320501826e-07	3.06082808449654e-06	2.29029415706639e-05	0.00012007591841425	0.000478484752018901	0.00140339373511852	0.00320952450470487	0.00603006512265023	0.00970097050954762	0.0133576544459958	0.0151979594644961	0.014453695630456	0.0136984918416008	0.0167920365847228	0.0233067014702389	0.027318894856688	0.0239708690081283	0.0152895758448059	0.00704475527910581	0.00234241711594736	0.000561785435277706	9.71818577156116e-05	1.21256609486859e-05	3.05902320501826e-07	3.05902320501826e-07	3.05902320501826e-07	3.05902320501826e-07	3.05902320501826e-07	3.05902320501826e-07	3.05902320501826e-07	3.05902320501826e-07	3.05902320501826e-07	3.05902320501826e-07	3.05902320501826e-07	3.05902320501826e-07	2.03934880334551e-07	1.359565868897e-07
1.37990392321303e-10	2.06985588481954e-10	3.1047838272293e-10	4.65717574084395e-10	6.98576361126592e-10	1.04786454168989e-09	1.57179681253482e-09	2.35769521880224e-09	3.53654282820335e-09	5.30481424230502e-09	5.30481424230502e-09	7.95722136345754e-09	7.95722136345754e-09	7.95722136345754e-09	7.95722136345753e-09	1.19358320451863e-08	1.79037480677795e-08	2.68556221016692e-08	4.02834331525038e-08	6.04251497287557e-08	9.06377245931335e-08	1.359565868897e-07	2.03934880334551e-07	3.05902320501826e-07	9.45960235263645e-07	6.95497762889913e-06	3.62893336464632e-05	0.000154752434635128	0.000490448451721643	0.00128766673971909	0.0029187101704416	0.00564827672886577	0.00891555917074446	0.0110530998857227	0.011232468765838	0.011569859320994	0.0153092451143613	0.0218917141216666	0.025839233701511	0.0227133210994066	0.0145021502720303	0.0066886174920141	0.00222620738469552	0.000534461600239473	9.25544889752985e-05	1.15606818062304e-05	3.05902320501826e-07	2.03934880334551e-07	2.03934880334551e-07	2.03934880334551e-07	2.03934880334551e-07	2.03934880334551e-07	2.03934880334551e-07	2.03934880334551e-07	2.03934880334551e-07	2.03934880334551e-07	2.03934880334551e-07	2.03934880334551e-07	1.359565868897e-07	9.06377245931337e-08
9.19935948808684e-11	1.37990392321302e-10	2.06985588481954e-10	3.1047838272293e-10	4.65717574084395e-10	6.9857636112659e-10	1.04786454168988e-09	1.57179681253482e-09	2.35769521880224e-09	3.53654282820335e-09	3.53654282820335e-09	5.30481424230502e-09	5.30481424230502e-09	5.30481424230502e-09	7.95722136345754e-09	1.19358320451863e-08	1.79037480677795e-08	2.68556221016692e-08	4.02834331525038e-08	6.04251497287557e-08	9.06377245931335e-08	1.359565868897e-07	2.03934880334551e-07	3.05902320501826e-07	2.0782212856063e-07	1.50840284666611e-06	8.01221128565033e-06	4.80746406518149e-05	0.000199946009721878	0.000711733881013881	0.0020807925062688	0.00474347959137757	0.0081873716009734	0.010631422098424	0.0108969997728794	0.0104510498693046	0.0120405512614474	0.0157599393008172	0.0180098658990749	0.015671679011441	0.00997728231093314	0.0045995366411379	0.00153149913520882	0.000367906127733416	6.377758190897e-05	7.97448431332259e-06	3.05902320501826e-07	2.03934880334551e-07	1.359565868897e-07	1.359565868897e-07	1.359565868897e-07	1.359565868897e-07	1.359565868897e-07	1.359565868897e-07	1.359565868897e-07	1.359565868897e-07	1.359565868897e-07	1.359565868897e-07	9.06377245931337e-08	6.04251497287558e-08
6.13290632539123e-11	9.19935948808684e-11	1.37990392321302e-10	2.06985588481954e-10	3.10478382722929e-10	4.65717574084393e-10	6.9857636112659e-10	1.04786454168988e-09	1.57179681253482e-09	2.35769521880223e-09	2.35769521880224e-09	3.53654282820335e-09	3.53654282820335e-09	5.30481424230502e-09	7.95722136345754e-09	1.19358320451863e-08	1.79037480677795e-08	2.68556221016692e-08	4.02834331525038e-08	6.04251497287557e-08	9.06377245931335e-08	1.359565868897e-07	2.03934880334551e-07	3.05902320501826e-07	3.24560498424367e-08	2.32679301082843e-07	2.12630427206591e-06	3.48384640166585e-05	0.000204357412554618	0.000895056016878654	0.00291296023975166	0.0069977338598764	0.0124361660474965	0.0165030240573056	0.0168158490015235	0.0141683551897764	0.0115848732551188	0.0106485597701595	0.0100909938988993	0.00815425769252576	0.00504954785810857	0.00230352899867571	0.000763972000098036	0.000183081884906537	3.17684544485632e-05	3.97601617134784e-06	3.05902320501826e-07	2.03934880334551e-07	1.359565868897e-07	9.06377245931335e-08	9.06377245931335e-08	9.06377245931335e-08	9.06377245931335e-08	9.06377245931335e-08	9.06377245931335e-08	9.06377245931335e-08	9.06377245931335e-08	9.06377245931335e-08	6.04251497287556e-08	4.02834331525039e-08
4.08860421692749e-11	6.13290632539123e-11	9.19935948808684e-11	1.37990392321302e-10	2.06985588481953e-10	3.10478382722929e-10	4.65717574084393e-10	6.9857636112659e-10	1.04786454168988e-09	1.57179681253482e-09	1.57179681253482e-09	2.35769521880223e-09	2.35769521880224e-09	3.53654282820335e-09	5.30481424230502e-09	7.95722136345753e-09	1.19358320451863e-08	1.79037480677795e-08	2.68556221016692e-08	4.02834331525038e-08	6.04251497287556e-08	9.06377245931337e-08	1.359565868897e-07	2.03934880334551e-07	3.05902320501826e-07	3.05902320501826e-07	3.45863914174402e-06	5.63104166375643e-05	0.000347531069725899	0.00153630317727919	0.004981462994313	0.0119239150181114	0.0212607279885569	0.0286182772122519	0.0296970390591912	0.0245511116206672	0.0170506062927285	0.0107577442649222	0.00662841404546127	0.00395494667850035	0.00208231783147506	0.000880013924338768	0.000281658629467663	6.57728416424397e-05	1.14228978167026e-05	1.43088475370762e-06	3.05902320501826e-07	2.03934880334551e-07	1.359565868897e-07	9.06377245931335e-08	6.04251497287556e-08	6.04251497287557e-08	6.04251497287557e-08	6.04251497287557e-08	6.04251497287557e-08	6.04251497287557e-08	6.04251497287557e-08	6.04251497287557e-08	4.02834331525038e-08	2.68556221016692e-08
2.72573614461833e-11	4.08860421692749e-11	6.13290632539121e-11	9.19935948808681e-11	1.37990392321302e-10	2.06985588481953e-10	3.10478382722929e-10	4.65717574084392e-10	6.98576361126587e-10	1.04786454168988e-09	1.04786454168988e-09	1.57179681253482e-09	1.57179681253482e-09	2.35769521880224e-09	3.53654282820335e-09	5.30481424230504e-09	7.95722136345756e-09	1.19358320451863e-08	1.79037480677795e-08	2.68556221016692e-08	4.02834331525039e-08	6.04251497287558e-08	9.06377245931337e-08	1.359565868897e-07	2.03934880334551e-07	3.05902320501826e-07	9.35286868802023e-06	0.000101635709414428	0.000606836962413132	0.00260371455814537	0.00822657818692514	0.0193137407404687	0.0340984657141666	0.0460287643673062	0.0485311193760072	0.0409251537105102	0.0281811387973376	0.0160632372993431	0.00765510897168581	0.00310160162473713	0.00109222154331942	0.000337955356780685	8.81158646581345e-05	1.7029729448633e-05	2.95985089168102e-06	3.71045970684223e-07	3.05902320501826e-07	2.03934880334551e-07	1.359565868897e-07	9.06377245931335e-08	6.04251497287557e-08	4.02834331525038e-08	4.02834331525038e-08	4.02834331525038e-08	4.02834331525038e-08	4.02834331525038e-08	4.02834331525038e-08	4.02834331525038e-08	2.68556221016692e-08	1.79037480677795e-08
1.81715742974555e-11	2.72573614461832e-11	4.08860421692747e-11	6.13290632539121e-11	9.19935948808681e-11	1.37990392321302e-10	2.06985588481952e-10	3.10478382722928e-10	4.65717574084392e-10	6.98576361126588e-10	6.98576361126587e-10	1.04786454168988e-09	1.57179681253482e-09	2.35769521880223e-09	3.53654282820335e-09	5.30481424230502e-09	7.95722136345754e-09	1.19358320451863e-08	1.79037480677795e-08	2.68556221016692e-08	4.02834331525038e-08	6.04251497287557e-08	9.06377245931335e-08	1.359565868897e-07	2.03934880334551e-07	3.05902320501826e-07	1.83201261616467e-05	0.000164109979603859	0.000954824503963127	0.00400273267554483	0.0123725508685437	0.0285098254794794	0.0496896572200506	0.0667758509743495	0.0707536668550089	0.0603289207289968	0.041861931403754	0.0235784669815289	0.0106363085064964	0.00378469908803754	0.00105024127017896	0.000230381067860756	3.88914959747324e-05	3.17199041526552e-06	5.51668436640127e-07	6.9201793820997e-08	3.05902320501826e-07	2.03934880334551e-07	1.359565868897e-07	9.06377245931335e-08	6.04251497287557e-08	4.02834331525038e-08	2.68556221016692e-08	2.68556221016692e-08	2.68556221016692e-08	2.68556221016692e-08	2.68556221016692e-08	2.68556221016692e-08	1.79037480677795e-08	1.19358320451863e-08
1.21143828649703e-11	1.81715742974555e-11	2.72573614461832e-11	4.08860421692747e-11	6.13290632539121e-11	9.19935948808677e-11	1.37990392321302e-10	2.06985588481952e-10	3.10478382722928e-10	4.65717574084392e-10	6.98576361126588e-10	1.04786454168988e-09	1.57179681253482e-09	2.35769521880223e-09	3.53654282820335e-09	5.30481424230502e-09	7.95722136345754e-09	1.19358320451863e-08	1.79037480677795e-08	2.68556221016692e-08	4.02834331525038e-08	6.04251497287557e-08	9.06377245931335e-08	1.359565868897e-07	2.03934880334551e-07	3.05902320501826e-07	2.60823697582807e-05	0.000215800320630883	0.00123940455821188	0.00513519722661885	0.0157091062991404	0.0359314443206894	0.0624678363656422	0.0842505774032858	0.090026777726316	0.0774049794116546	0.0537715018135549	0.0299388237364757	0.0131521534424015	0.00447938381057847	0.00115850860699853	0.000226354421192389	2.94995232997983e-05	3.67636771370697e-07	6.41103284150189e-08	8.063331428119e-09	3.05902320501826e-07	2.03934880334551e-07	1.359565868897e-07	9.06377245931335e-08	6.04251497287557e-08	4.02834331525038e-08	2.68556221016692e-08	1.79037480677795e-08	1.79037480677795e-08	1.79037480677795e-08	1.79037480677795e-08	1.79037480677795e-08	1.19358320451863e-08	7.95722136345756e-09
1.21143828649702e-11	1.81715742974553e-11	2.7257361446183e-11	4.08860421692744e-11	6.13290632539117e-11	9.19935948808675e-11	1.37990392321301e-10	2.06985588481952e-10	3.10478382722928e-10	4.65717574084392e-10	6.98576361126588e-10	1.04786454168988e-09	1.57179681253482e-09	2.35769521880223e-09	3.53654282820335e-09	5.30481424230502e-09	7.95722136345754e-09	1.19358320451863e-08	1.79037480677795e-08	2.68556221016692e-08	4.02834331525038e-08	6.04251497287557e-08	9.06377245931335e-08	1.359565868897e-07	2.03934880334551e-07	3.05902320501826e-07	2.70695964074265e-05	0.00021698117615195	0.00124299556756461	0.00513766449302434	0.0157305562229111	0.0362221302013403	0.0639012517421126	0.0881699594448839	0.0967923750998778	0.0851540848862243	0.059755858517675	0.0330273400599096	0.0141660797619465	0.00465234798265538	0.00115047847554676	0.000213284719727427	2.40290969664201e-05	3.05902320501826e-07	3.05902320501826e-07	3.05902320501826e-07	2.03934880334551e-07	1.359565868897e-07	9.06377245931337e-08	6.04251497287556e-08	4.02834331525038e-08	2.68556221016692e-08	1.79037480677795e-08	1.19358320451863e-08	1.19358320451863e-08	1.19358320451863e-08	1.19358320451863e-08	1.19358320451863e-08	7.95722136345753e-09	5.30481424230504e-09
1.21143828649702e-11	1.81715742974553e-11	2.7257361446183e-11	4.08860421692744e-11	6.13290632539117e-11	9.19935948808675e-11	1.37990392321301e-10	2.06985588481952e-10	3.10478382722928e-10	4.65717574084392e-10	6.98576361126588e-10	1.04786454168988e-09	1.57179681253482e-09	2.35769521880223e-09	3.53654282820335e-09	5.30481424230502e-09	7.95722136345754e-09	1.19358320451863e-08	1.79037480677795e-08	2.68556221016692e-08	4.02834331525038e-08	6.04251497287557e-08	9.06377245931335e-08	1.359565868897e-07	2.03934880334551e-07	3.05902320501826e-07	2.05206696898647e-05	0.000162090082967631	0.000933158523692228	0.00387513871906995	0.0119898235094151	0.0281772051306211	0.0513659454156229	0.0740684369492968	0.0853686177741351	0.0784058091844305	0.0566212342651768	0.0316266548915253	0.0134711559908671	0.00433015725928789	0.00103804878437501	0.000185249651673227	1.86946605728721e-05	3.05902320501826e-07	2.03934880334551e-07	2.03934880334551e-07	1.359565868897e-07	9.06377245931337e-08	6.04251497287558e-08	4.02834331525039e-08	2.68556221016692e-08	1.79037480677795e-08	1.19358320451863e-08	7.95722136345756e-09	7.95722136345754e-09	7.95722136345754e-09	7.95722136345754e-09	7.95722136345754e-09	5.30481424230502e-09	3.53654282820335e-09
1.21143828649702e-11	1.81715742974553e-11	2.7257361446183e-11	4.08860421692744e-11	6.13290632539117e-11	9.19935948808675e-11	1.37990392321301e-10	2.06985588481952e-10	3.10478382722928e-10	4.65717574084392e-10	6.98576361126588e-10	1.04786454168988e-09	1.57179681253482e-09	2.35769521880223e-09	3.53654282820335e-09	5.30481424230502e-09	7.95722136345754e-09	1.19358320451863e-08	1.79037480677795e-08	2.68556221016692e-08	4.02834331525038e-08	6.04251497287557e-08	9.06377245931335e-08	1.359565868897e-07	2.03934880334551e-07	3.05902320501826e-07	1.1369647289692e-05	8.89665850130425e-05	0.000518014899096013	0.00217673701636349	0.00687095646536403	0.0167109453520668	0.0320369573277603	0.0491730897868906	0.0604731674277619	0.0587997415622386	0.0443383763331005	0.0254747012189472	0.0110085504425093	0.00354723131550085	0.000844991728152846	0.000148570092199636	1.46435040728373e-05	3.05902320501826e-07	2.03934880334551e-07	1.359565868897e-07	9.06377245931337e-08	6.04251497287558e-08	4.02834331525039e-08	2.68556221016693e-08	1.79037480677795e-08	1.19358320451863e-08	7.95722136345756e-09	5.30481424230504e-09	5.30481424230502e-09	5.30481424230502e-09	5.30481424230502e-09	5.30481424230502e-09	3.53654282820335e-09	2.35769521880224e-09
