8.04077166041987e-06	6.86924994929278e-06	4.29139442888716e-06	1.96049198394202e-06	6.54951638118614e-07	1.60004028958763e-07	2.85844689535207e-08	3.73427985643246e-09	3.05902320501826e-07	3.05902320501826e-07	3.05902320501826e-07	3.05902320501826e-07	8.31120022254897e-07	6.24890731844444e-06	3.40816756059734e-05	0.000136004536998169	0.000397155231296885	0.00084880660190387	0.00132801150440899	0.00152164298692914	0.00127797625002406	0.000788631102218133	0.000360209749976299	0.000124590805797404	3.48058704030383e-05	8.95787830324364e-06	2.38159374485712e-06	5.53276256915443e-07	1.29675872789266e-07	2.22256182169596e-08	2.78564676131444e-09	3.05902320501826e-07	2.03934880334551e-07	1.359565868897e-07	9.06377245931337e-08	6.04251497287558e-08	4.02834331525039e-08	2.68556221016693e-08	1.79037480677795e-08	1.19358320451864e-08	7.95722136345758e-09	5.30481424230506e-09	3.53654282820338e-09	2.35769521880225e-09	1.57179681253484e-09	1.04786454168989e-09	6.9857636112659e-10	1.04786454168988e-09	1.04786454168988e-09	1.04786454168988e-09	1.04786454168988e-09	1.04786454168988e-09	1.04786454168988e-09	1.04786454168988e-09	1.04786454168988e-09	1.04786454168988e-09	1.04786454168988e-09	1.04786454168988e-09	1.04786454168988e-09	1.04786454168988e-09
8.25274728001379e-05	7.05099232101669e-05	4.40951386736613e-05	2.04010933816919e-05	7.8663284201615e-06	5.06922779674611e-06	7.79965485346118e-06	1.20612903275166e-05	1.40823814909701e-05	1.20619693605426e-05	7.55505900845506e-06	3.46046948945827e-06	3.81678590082581e-06	2.05227709175954e-05	0.00011075337314363	0.000443330625075563	0.00130018617600474	0.00279350943587985	0.0043993454314341	0.005083273526572	0.00431951159783488	0.00271748264679068	0.00129151453699979	0.000490759307263809	0.000168190430129726	5.87148793626995e-05	2.01641267712029e-05	5.67862055681942e-06	1.33094465511678e-06	2.28115432240816e-07	2.85908364313836e-08	3.05902320501826e-07	3.05902320501826e-07	2.03934880334551e-07	1.359565868897e-07	9.06377245931337e-08	6.04251497287558e-08	4.02834331525039e-08	2.68556221016693e-08	1.79037480677795e-08	1.19358320451864e-08	7.95722136345758e-09	5.30481424230506e-09	3.53654282820338e-09	2.35769521880224e-09	1.57179681253483e-09	1.04786454168988e-09	1.57179681253482e-09	1.57179681253482e-09	1.57179681253482e-09	1.57179681253482e-09	1.57179681253482e-09	1.57179681253482e-09	1.57179681253482e-09	1.57179681253482e-09	1.57179681253482e-09	1.57179681253482e-09	1.57179681253482e-09	1.57179681253482e-09	1.57179681253482e-09
0.00054543351333681	0.000466025667102221	0.000291563970083844	0.000135584564674722	5.5067175075479e-05	4.27215957850123e-05	7.17403444646979e-05	0.000112055665166876	0.000130953028673727	0.000112165078083248	7.02550104611435e-05	3.21791424673562e-05	1.62508985022855e-05	4.54935387904328e-05	0.00023632218764323	0.000951615523589893	0.00281609333241873	0.00611704115495763	0.00976381321355329	0.0114787459534427	0.010000582202495	0.00657365996145504	0.00343116922150978	0.00159647512583284	0.000760583653920576	0.000370177381565333	0.000161752914753137	5.70850053561516e-05	1.6305567002927e-05	3.661340068251e-06	6.50212845503782e-07	7.36906702718006e-08	6.54335700439728e-09	3.05902320501826e-07	2.03934880334551e-07	1.359565868897e-07	9.06377245931337e-08	6.04251497287558e-08	4.02834331525039e-08	2.68556221016693e-08	1.79037480677795e-08	1.19358320451864e-08	7.95722136345758e-09	5.30481424230504e-09	3.53654282820336e-09	2.35769521880224e-09	1.57179681253483e-09	2.35769521880223e-09	2.35769521880223e-09	2.35769521880223e-09	2.35769521880223e-09	2.35769521880223e-09	2.35769521880223e-09	2.35769521880223e-09	2.35769521880223e-09	2.35769521880223e-09	2.35769521880223e-09	2.35769521880223e-09	2.35769521880223e-09	2.35769521880223e-09
0.00232157459060056	0.00198458165438161	0.00124490455923821	0.000588279021107268	0.000263045790026724	0.000248414393085832	0.000435482305334556	0.000676051850399006	0.000786536872305103	0.000672403930302297	0.000420863502879422	0.000192718720456296	7.18034683761321e-05	7.61729172071395e-05	0.000339255286213742	0.00137800164689004	0.0041497982356159	0.00920413746215624	0.0150664272989583	0.0182971514999357	0.0167275182600258	0.0119938596675717	0.00743183936804694	0.00456949349372722	0.00289862058080045	0.00170748706283166	0.000846000930432841	0.000340461466251155	0.000113985325567198	3.23009990178084e-05	7.91504258828056e-06	1.59703285438851e-06	2.73960796041027e-07	3.49267384277722e-08	3.05902320501826e-07	2.03934880334551e-07	1.359565868897e-07	9.06377245931337e-08	6.04251497287558e-08	4.02834331525039e-08	2.68556221016693e-08	1.79037480677795e-08	1.19358320451863e-08	7.95722136345756e-09	5.30481424230504e-09	3.53654282820336e-09	2.35769521880224e-09	3.53654282820335e-09	3.53654282820335e-09	3.53654282820335e-09	3.53654282820335e-09	3.53654282820335e-09	3.53654282820335e-09	3.53654282820335e-09	3.53654282820335e-09	3.53654282820335e-09	3.53654282820335e-09	3.53654282820335e-09	3.53654282820335e-09	3.53654282820335e-09
0.00636434561206751	0.00544742504727998	0.00343907292392834	0.00168272998451674	0.000879604964585973	0.0010038230923397	0.00176670446607363	0.00268061856372235	0.0030782700555125	0.00261405561454657	0.00163046172903771	0.000745176815922573	0.000255513002873319	0.000119631039175935	0.000345295643311786	0.00140716926435606	0.00436443543103502	0.010017035642869	0.0170693985496709	0.0218309696748418	0.0216015557324374	0.0178311216329047	0.0139572136912156	0.0112385149996673	0.00872553150847674	0.00588523443629599	0.00329730413145523	0.00154046098866531	0.000617063237892749	0.000214296158212853	6.37899737523721e-05	1.55298029981152e-05	3.00043794832438e-06	4.27449642939094e-07	3.05902320501826e-07	3.05902320501826e-07	2.03934880334551e-07	1.359565868897e-07	9.06377245931337e-08	6.04251497287558e-08	4.02834331525039e-08	2.68556221016692e-08	1.79037480677795e-08	1.19358320451863e-08	7.95722136345756e-09	5.30481424230504e-09	3.53654282820335e-09	5.30481424230502e-09	5.30481424230502e-09	5.30481424230502e-09	5.30481424230502e-09	5.30481424230502e-09	5.30481424230502e-09	5.30481424230502e-09	5.30481424230502e-09	5.30481424230502e-09	5.30481424230502e-09	5.30481424230502e-09	5.30481424230502e-09	5.30481424230502e-09
0.0112850506005696	0.00971026324830056	0.00626279280956464	0.00336099971013754	0.00227406517232989	0.00297178855486275	0.00491967011321847	0.00706763650182027	0.00788780053571843	0.00660480322630279	0.00409432011988069	0.00187446891151666	0.000646164368553006	0.000220173256531503	0.000303621358933658	0.00112607384941071	0.00358903484085949	0.00859471048807086	0.0154186169656282	0.0211390274666555	0.0233840747747587	0.0232223547969877	0.023089715075513	0.0228203438979923	0.0203977947411081	0.0154892952399902	0.00991117896950204	0.00543260435445226	0.00258539377041714	0.00105602236285491	0.000359409710192219	9.84827542313895e-05	2.13043367574043e-05	3.55081295134083e-06	1.68318895576899e-07	2.80937292981704e-08	3.05902320501826e-07	2.03934880334551e-07	1.359565868897e-07	9.06377245931337e-08	6.04251497287556e-08	4.02834331525038e-08	2.68556221016692e-08	1.79037480677795e-08	1.19358320451863e-08	7.95722136345753e-09	5.30481424230502e-09	7.95722136345754e-09	7.95722136345754e-09	7.95722136345754e-09	7.95722136345754e-09	7.95722136345754e-09	7.95722136345754e-09	7.95722136345754e-09	7.95722136345754e-09	7.95722136345754e-09	7.95722136345754e-09	7.95722136345754e-09	7.95722136345754e-09	7.95722136345754e-09
0.0131381200180969	0.01153132678262	0.0079707024754931	0.00536497930349885	0.0051493477310232	0.00706390705503135	0.0102220698436737	0.013130452311514	0.0137217573096327	0.0110968106195591	0.00678739869504557	0.00316605171891813	0.00122888273892551	0.00054655233462864	0.000489448295031714	0.0010552712383205	0.0029866068517842	0.00720091653433244	0.0134813501377469	0.0199027872692975	0.0248927127464181	0.0293434189646573	0.0344640675026642	0.0383946354369339	0.0378122440968616	0.0320773181934151	0.0236081960644975	0.0151901019155567	0.0084479117840402	0.00395087648435239	0.00151767759872135	0.000477126667475192	0.000125258061915573	2.80591256562904e-05	4.21634806898105e-06	8.33211636646612e-07	8.52385514284902e-08	3.05902320501826e-07	2.03934880334551e-07	1.359565868897e-07	9.06377245931335e-08	6.04251497287557e-08	4.02834331525038e-08	2.68556221016692e-08	1.79037480677795e-08	1.19358320451863e-08	7.95722136345753e-09	1.19358320451863e-08	1.19358320451863e-08	1.19358320451863e-08	1.19358320451863e-08	1.19358320451863e-08	1.19358320451863e-08	1.19358320451863e-08	1.19358320451863e-08	1.19358320451863e-08	1.19358320451863e-08	1.19358320451863e-08	1.19358320451863e-08	1.19358320451863e-08
0.0110272211751701	0.0103895843836519	0.0085832599517668	0.0082198638026192	0.010325429864831	0.0138625915277306	0.0171870917593718	0.0187941713349083	0.017412308458699	0.0131029558621593	0.00791825035490714	0.00419647780768449	0.00255249763082575	0.00211313177983613	0.00201075687848425	0.00233336841132742	0.00411866644107308	0.00860796523642007	0.0158902864599472	0.0242652598364348	0.0321079014356083	0.0398466584164191	0.0481420988477629	0.0550011932168501	0.0572411780028903	0.0537080414536321	0.0452878260241736	0.033615660000516	0.0212354805401805	0.0111262975532174	0.0048212302421704	0.00176329555122681	0.000558018326677523	0.000152177862191572	3.14913585577466e-05	6.28042466804647e-06	6.89655517707242e-07	3.05902320501826e-07	2.03934880334551e-07	1.359565868897e-07	9.06377245931335e-08	6.04251497287557e-08	4.02834331525038e-08	2.68556221016692e-08	1.79037480677795e-08	1.19358320451863e-08	1.19358320451863e-08	1.79037480677795e-08	1.79037480677795e-08	1.79037480677795e-08	1.79037480677795e-08	1.79037480677795e-08	1.79037480677795e-08	1.79037480677795e-08	1.79037480677795e-08	1.79037480677795e-08	1.79037480677795e-08	1.79037480677795e-08	1.79037480677795e-08	1.79037480677795e-08
0.00951626158177208	0.0103598428955903	0.0104824077318912	0.0122361372919933	0.0164551521368926	0.0211933339049482	0.0236441327322847	0.0223989278210097	0.017960057691814	0.01231123868538	0.00798989645124567	0.00650762123426923	0.00724561216378173	0.00825313702395874	0.00822948563966614	0.00779167935694886	0.00908149064943982	0.0143373124436804	0.0240129769783966	0.035784007580354	0.0465132443069821	0.0551520160529429	0.0623836123229237	0.0684217601567248	0.0728539644871231	0.0746033739607941	0.0708363331385993	0.0591252216808822	0.0417351369724529	0.0246973878001431	0.0124386867329336	0.0054229897771526	0.00203486863275056	0.000634665588042704	0.000152989914945869	3.06987470773168e-05	3.55181779924148e-06	3.05902320501826e-07	2.03934880334551e-07	1.359565868897e-07	9.06377245931335e-08	6.04251497287557e-08	4.02834331525038e-08	2.68556221016692e-08	1.79037480677795e-08	1.19358320451863e-08	1.79037480677795e-08	2.68556221016692e-08	2.68556221016692e-08	2.68556221016692e-08	2.68556221016692e-08	2.68556221016692e-08	2.68556221016692e-08	2.68556221016692e-08	2.68556221016692e-08	2.68556221016692e-08	2.68556221016692e-08	2.68556221016692e-08	2.68556221016692e-08	2.68556221016692e-08
0.0119455839059284	0.0141162638687484	0.0145038562935561	0.0156757368932739	0.0193081169117977	0.023612235439656	0.0251296088496678	0.0222262495305343	0.016435637333959	0.0112286352610499	0.00981275762404579	0.0132085638058169	0.0192380204704637	0.0238210590644358	0.0244261887014563	0.0223246860522325	0.0213672851094232	0.0253058474270816	0.0353797556369649	0.048998952977173	0.0614333809032441	0.0694947442830975	0.0733776337417933	0.0760670730324334	0.0812083631831791	0.0887825699946737	0.0925570760767517	0.0855312538725239	0.0678767327597502	0.0463041608205915	0.0273084534954173	0.0137565337187139	0.00574368178919216	0.00191753961131838	0.000492679473963017	9.91025586702104e-05	1.19486654052997e-05	3.05902320501826e-07	2.03934880334551e-07	1.359565868897e-07	9.06377245931335e-08	6.04251497287556e-08	4.02834331525039e-08	2.68556221016693e-08	1.79037480677795e-08	1.79037480677795e-08	2.68556221016692e-08	4.02834331525038e-08	4.02834331525038e-08	4.02834331525038e-08	4.02834331525038e-08	4.02834331525038e-08	4.02834331525038e-08	4.02834331525038e-08	4.02834331525038e-08	4.02834331525038e-08	4.02834331525038e-08	4.02834331525038e-08	4.02834331525038e-08	4.02834331525038e-08
0.0158586820759483	0.0190982381703877	0.0186533555804185	0.0171482613629397	0.0176593609052109	0.0199401984013236	0.0211613794961402	0.0193346551518675	0.0153882428013321	0.0127536114151688	0.0153759772140718	0.024890664653119	0.0382062818142695	0.0488209539363313	0.0522717324024372	0.0496324810538852	0.0454738293674719	0.0444858369267433	0.0493804380668025	0.0592770573843054	0.0699107287197756	0.0765674422667255	0.0777162744261739	0.0771720607612639	0.0815765270536499	0.0930938821729234	0.10507802254233	0.107662670869871	0.0965725373896634	0.0748721332026543	0.0493250988410495	0.0268696895353302	0.0117564948603855	0.00402885482304451	0.00105866975338574	0.000212591825222603	2.64657593555602e-05	3.05902320501826e-07	2.03934880334551e-07	1.359565868897e-07	1.359565868897e-07	9.06377245931337e-08	6.04251497287558e-08	4.02834331525039e-08	2.68556221016693e-08	2.68556221016692e-08	4.02834331525038e-08	6.04251497287557e-08	6.04251497287557e-08	6.04251497287557e-08	6.04251497287557e-08	6.04251497287557e-08	6.04251497287557e-08	6.04251497287557e-08	6.04251497287557e-08	6.04251497287557e-08	6.04251497287557e-08	6.04251497287557e-08	6.04251497287557e-08	6.04251497287557e-08
0.0175211834854574	0.0216989150603174	0.0213759786839289	0.0186443815019417	0.0172648864785829	0.018568524051324	0.0209856599278079	0.0222830167639385	0.0217090639282145	0.0214220624760341	0.0260674246252825	0.0389809440422402	0.0578571771363054	0.0756173895197674	0.0864020940869521	0.0889207226685321	0.0847425119808291	0.0771840177183095	0.0711992361395181	0.0703961154460002	0.0736110288350433	0.0758740042555195	0.0736442779899388	0.0699746638361647	0.0728125058037152	0.0866374238556887	0.106287174452177	0.120070747913388	0.118155026379142	0.0985571330840534	0.0680996710377304	0.0380712601561076	0.0168571534340222	0.0058056374550599	0.00153164479267518	0.000305695422656292	3.9014941493861e-05	3.05902320501826e-07	2.03934880334551e-07	2.03934880334551e-07	2.03934880334551e-07	1.359565868897e-07	9.06377245931337e-08	6.04251497287558e-08	4.02834331525039e-08	4.02834331525039e-08	6.04251497287556e-08	9.06377245931335e-08	9.06377245931335e-08	9.06377245931335e-08	9.06377245931335e-08	9.06377245931335e-08	9.06377245931335e-08	9.06377245931335e-08	9.06377245931335e-08	9.06377245931335e-08	9.06377245931335e-08	9.06377245931335e-08	9.06377245931335e-08	9.06377245931335e-08
0.0169586706678353	0.0216659668820539	0.0234791069753422	0.0238798084490902	0.0255945062703538	0.0296840177242086	0.0352528919467439	0.0402019894690231	0.0422447272078004	0.0420380745911803	0.0448615782356454	0.0561832456602887	0.0761591793445058	0.100106490679251	0.12242659678535	0.137361306775089	0.139220680649815	0.127283686887195	0.108987726771652	0.093848048569185	0.0847473919373192	0.0773000062757376	0.0673842122945127	0.0581183378169483	0.0577656599476693	0.0712391402873495	0.0938434834825125	0.112857263845896	0.115665448183892	0.0983813728497656	0.068308311924275	0.0380937542293759	0.0167845864779854	0.00575202107698532	0.0015109084230661	0.000298540995080608	3.89079851409627e-05	1.75838539173229e-08	3.05902320501826e-07	3.05902320501826e-07	3.05902320501826e-07	2.03934880334551e-07	1.359565868897e-07	9.06377245931337e-08	6.04251497287556e-08	6.04251497287558e-08	9.06377245931337e-08	1.359565868897e-07	1.359565868897e-07	1.359565868897e-07	1.359565868897e-07	1.359565868897e-07	1.359565868897e-07	1.359565868897e-07	1.359565868897e-07	1.359565868897e-07	1.359565868897e-07	1.359565868897e-07	1.359565868897e-07	1.359565868897e-07
0.0169074969186635	0.0217115867964543	0.0275236615191832	0.0354243443854437	0.0449272686107839	0.0541818198976089	0.0623067139056938	0.0689177800442913	0.0722165737945406	0.0721143473251309	0.0735574864831008	0.0825773994897485	0.101443195640275	0.129323047740237	0.162471085949631	0.191017759873221	0.201718656437722	0.189498308493597	0.163130109526787	0.135931288981978	0.113468598314738	0.0926875750590722	0.071016842089108	0.0529814854779632	0.0463416927128666	0.0541687346458312	0.0710885735831734	0.0855286044429412	0.0868160405398421	0.0725124076797559	0.0493242625872478	0.0270323892260865	0.0117692733474767	0.00401017435075159	0.00105602869619433	0.000212853012490964	3.18909639891545e-05	1.91745504114538e-06	5.09750692523339e-07	1.06683381237948e-07	1.63272575385309e-08	3.05902320501826e-07	2.03934880334551e-07	1.359565868897e-07	9.06377245931335e-08	9.06377245931337e-08	1.359565868897e-07	2.03934880334551e-07	2.03934880334551e-07	2.03934880334551e-07	2.03934880334551e-07	2.03934880334551e-07	2.03934880334551e-07	2.03934880334551e-07	2.03934880334551e-07	2.03934880334551e-07	2.03934880334551e-07	2.03934880334551e-07	2.03934880334551e-07	2.03934880334551e-07
0.0185849880456375	0.0242074779732615	0.0352437979638952	0.0518663091464118	0.0690615703139993	0.0809928015128773	0.0872679028955269	0.0918449169672846	0.0969016891146367	0.102776399265109	0.111314704607974	0.124827706705427	0.144924907393842	0.173982360478903	0.211469375498448	0.247019690986923	0.264030051350322	0.254336792394352	0.225067326853633	0.189385971261518	0.154637090278654	0.120929587468275	0.088405965156849	0.0620994472553919	0.0478846063669436	0.0464952966350649	0.0525613897077963	0.057454435617788	0.0544114306054546	0.0429631004645335	0.0280325704246832	0.0150466247461924	0.00658998296814606	0.00235408336819682	0.000709893946216092	0.000201462354248901	6.09630194799435e-05	1.7704078749611e-05	4.8720422374949e-06	1.01964734340456e-06	1.5605096671161e-07	3.05902320501826e-07	2.03934880334551e-07	1.359565868897e-07	9.06377245931337e-08	1.359565868897e-07	2.03934880334551e-07	3.05902320501826e-07	3.05902320501826e-07	3.05902320501826e-07	3.05902320501826e-07	3.05902320501826e-07	3.05902320501826e-07	3.05902320501826e-07	3.05902320501826e-07	3.05902320501826e-07	3.05902320501826e-07	3.05902320501826e-07	3.05902320501826e-07	3.05902320501826e-07
0.0195079542214384	0.0276029492764085	0.0437189749327063	0.0661689290559998	0.0865526800931711	0.0969934842344097	0.0987550528320455	0.101344569433817	0.112934950069926	0.13456902171971	0.161703327475467	0.18856170041514	0.213202358397807	0.240098490533244	0.273897986994165	0.309258666685401	0.330749639163508	0.325780027425545	0.295056551234422	0.249863833908406	0.202128604010586	0.157944740083202	0.119092441824037	0.0876539714844421	0.0662082935930496	0.055068201897367	0.0508771910700708	0.0475355500635103	0.0403270661110317	0.029577122940273	0.0187957031415352	0.0105325152635315	0.00529708753717228	0.00251471440580458	0.00122714200073085	0.000622377487319066	0.000288353930638727	0.000106959754124861	2.99851841957571e-05	6.27546148335951e-06	9.60422088454538e-07	3.05902320501826e-07	2.03934880334551e-07	1.359565868897e-07	1.359565868897e-07	2.03934880334551e-07	3.05902320501826e-07	4.93744271970627e-08	3.35998428880125e-07	1.67205264403776e-06	6.08471401848672e-06	1.61922768055985e-05	3.15103474283683e-05	4.48410721322274e-05	4.66633923431437e-05	3.55102845306729e-05	1.97610273966052e-05	8.04159898968712e-06	2.39305581668636e-06	5.207637772925e-07
0.0171077948460505	0.0278925227893628	0.0468273766118856	0.0705406228917108	0.0902942038762931	0.0993512199039631	0.101125108882747	0.109102904563186	0.135817054282841	0.181326445483484	0.232746528818769	0.275058844730842	0.30268289247259	0.322772040041123	0.347491341982314	0.380462585194284	0.409104598420663	0.413373284711182	0.383882035710662	0.330237597306956	0.271328188690074	0.219660162171555	0.176324637236624	0.137958799397837	0.104357047257344	0.0790765516542496	0.0635308209391299	0.0532056612927069	0.0425491244011067	0.0309199879093161	0.020737263680842	0.0132405553826101	0.00828153984827869	0.00533741846543944	0.00354557063931374	0.00218207118039311	0.00109643179390319	0.000419753645716134	0.000118835132128933	2.4870459013241e-05	3.80627596068564e-06	3.05902320501826e-07	2.03934880334551e-07	1.359565868897e-07	1.359565868897e-07	2.03934880334551e-07	3.05902320501826e-07	3.64825150587963e-07	2.48267543285652e-06	1.2354712596815e-05	4.49596447816849e-05	0.000119643916077995	0.00023282836679303	0.000331328418816345	0.000344793450880689	0.000262383700161586	0.000146013234076936	5.94189690681645e-05	1.76821686498459e-05	3.84789726700455e-06
0.0124143015861237	0.0233769030285363	0.0412118803112055	0.0626122122364607	0.0810204992269197	0.092396599337967	0.101943085775741	0.124770571667634	0.174223547068957	0.246491706013037	0.319773235802309	0.37167217219577	0.396393339470781	0.406870045518523	0.423137318671496	0.455582130969318	0.493593437517527	0.512450800738982	0.49595568303971	0.450373812701125	0.394456390399169	0.340468152182852	0.287681480581488	0.230613187564956	0.170691890909424	0.118655264992813	0.0832732535637765	0.0620504271904473	0.0470045572456104	0.0343359756124741	0.0243398836532854	0.0173114672542797	0.0128895801034532	0.0102596027847593	0.00799891166412488	0.00532383334004299	0.00275615285519418	0.00106643786609033	0.000303454337074192	6.35036648124582e-05	9.71820247686622e-06	3.05902320501826e-07	2.03934880334551e-07	1.359565868897e-07	1.359565868897e-07	2.03934880334551e-07	3.05902320501826e-07	1.73584093810308e-06	1.18125892511242e-05	5.87838197818509e-05	0.000213918343756853	0.000569266694438269	0.00110779920183594	0.00157646322467482	0.0016405299532227	0.00124842371063897	0.000694732117034959	0.000282715922523912	8.41318976155536e-05	1.83083254839116e-05
0.00872899781591399	0.0169552025566417	0.0305588011011379	0.0479654691991865	0.0652845449852978	0.0805553772046977	0.0999330786118951	0.138529734498726	0.208152379231038	0.300612471799093	0.387827972221585	0.443921149088006	0.466183829810521	0.474061852148444	0.490835645176438	0.526461177153077	0.572249791501064	0.609266945874922	0.624045375874058	0.615309566691678	0.586572929035927	0.538346378718207	0.46871779023001	0.378158212063586	0.276288821472777	0.183282195653444	0.116287976432704	0.0760865224932249	0.0521582399121796	0.0360235366823737	0.024972961301231	0.0184552648829896	0.0156170911475926	0.0144614834507093	0.0123972494189511	0.00859122680489969	0.00451231883266901	0.00175416087604403	0.000500275409853978	0.000104650352473191	1.60094209703777e-05	3.05902320501826e-07	2.03934880334551e-07	1.359565868897e-07	1.359565868897e-07	2.03934880334551e-07	3.05902320501826e-07	5.31835764131405e-06	3.61920109892522e-05	0.000180104853077194	0.000655413887968196	0.00174414821534274	0.00339413146723234	0.00483004810703572	0.0050263390043451	0.0038249839805772	0.00212855555033565	0.000866199404491118	0.00025776758154517	5.60939776218386e-05
0.00918333468653265	0.0141154994959773	0.0233758730906683	0.0374508769405116	0.0541069810197442	0.0716497904280363	0.0953052311600803	0.13843019589308	0.2113788227798	0.306172918423215	0.39621713042594	0.45729340589609	0.488516976298615	0.509753271298564	0.540373556865394	0.585581707369368	0.640741495685608	0.7004853897533	0.759679632805785	0.806389477570679	0.82014628357722	0.783990080389975	0.696559312000123	0.569796421996513	0.423791869582807	0.285893574196787	0.18014956174718	0.112271739982976	0.0712857955460176	0.0448756007462408	0.0277010589446338	0.0184599714422768	0.0153899167331105	0.0148932691131224	0.0132012994696374	0.00926727788424113	0.00488122231607442	0.00189567827038446	0.000539912355343152	0.000112667343479114	1.71990908851509e-05	3.05902320501826e-07	2.03934880334551e-07	1.359565868897e-07	1.359565868897e-07	2.03934880334551e-07	3.05902320501826e-07	1.04927084828138e-05	7.14040398048874e-05	0.000355332951849412	0.00129308093322183	0.0034410695949153	0.00669635899649925	0.00952931152117296	0.0099165782870064	0.00754639769763825	0.00419947554967906	0.00170894446223563	0.000508555511284706	0.000110669081420031
0.0137328463914028	0.0166426466580558	0.0235034742105933	0.0362695828469155	0.0533252475102938	0.0717664114394062	0.093799659555043	0.129305163873595	0.188280856394486	0.268229050071089	0.351165757641117	0.418380817089483	0.468203885946326	0.515138178420817	0.571816916182525	0.639040145196493	0.714666063176388	0.802107998663745	0.901210126193624	0.992275307189336	1.03887897956681	1.01357543427608	0.917309868502179	0.770627050469319	0.597822827436411	0.426012110192123	0.282565244461126	0.180499876506299	0.113403804186488	0.0686421224849439	0.0391531386966872	0.0224078049898117	0.0153806164317983	0.0131020051254257	0.0109752224843303	0.0074797495231569	0.00385755471619798	0.00147126642770176	0.00041296742683911	8.50139523325192e-05	1.28111577628419e-05	3.05902320501826e-07	3.05902320501826e-07	2.03934880334551e-07	1.359565868897e-07	2.03934880334551e-07	3.05902320501826e-07	1.33303063876422e-05	9.07142068679013e-05	0.000451427496107066	0.00164277555714985	0.00437165600059824	0.00850729030080153	0.0121063729587635	0.0125983702967975	0.00958720940329981	0.00533516163498924	0.00217110323024589	0.000646086831789235	0.000140597898567781
0.0173606887930306	0.019614568421443	0.0258500679917327	0.0383482087653382	0.0556639281645475	0.0740894200454795	0.09328641814588	0.119906356434358	0.163528946965131	0.226304102554346	0.297935189150335	0.366069547518583	0.431029961137705	0.505334716996168	0.59762308942609	0.702830059774762	0.811806800675524	0.923527717311657	1.03794188609406	1.13822703472268	1.19116805319268	1.17145379373745	1.08082905879737	0.938747773066717	0.764289561567026	0.577417681180783	0.404972199155546	0.268525161767769	0.171308256537965	0.104405132337881	0.0598225387304314	0.0332342202580857	0.0201988227158434	0.0145040392355505	0.0106793506740998	0.00667848570048957	0.00322987221225777	0.00116641605125733	0.000312832283185516	6.19163306578059e-05	8.95930121188213e-06	5.50717083939548e-08	3.7055057187656e-09	3.05902320501826e-07	2.03934880334551e-07	2.03934880334551e-07	3.05902320501826e-07	1.09052370887931e-05	7.42113425189816e-05	0.000369303130047449	0.00134391936789999	0.00357635779484893	0.00695963131045781	0.00990396346201465	0.0103064559075964	0.00784308991275805	0.00436458104147757	0.0017761328795882	0.000528549747899304	0.000115020118328947
0.0152561788234412	0.017599049241572	0.0238909677872411	0.0357068223221084	0.0516830866596065	0.0687150730033523	0.0864045836723169	0.110373032444905	0.149194486676848	0.204630414018536	0.267179977578208	0.328356573605551	0.395772407389391	0.488840528934792	0.616931113414966	0.76527951628987	0.907413439183232	1.02913580654412	1.13204795534851	1.21430908752389	1.2587392242303	1.24523165624328	1.16974599744159	1.04427319862974	0.882478384944936	0.697738068218568	0.512441307915508	0.352653089221745	0.231508093145259	0.145880490586856	0.0877798161373688	0.0515092196551633	0.0318718980435843	0.0218250783310421	0.0149596562220813	0.00881617504057778	0.00409354335860026	0.00144791308165396	0.000390510987984702	8.09842645907798e-05	1.27124790889293e-05	8.77570668230991e-07	9.47758584234427e-08	3.05902320501826e-07	2.03934880334551e-07	2.03934880334551e-07	3.05902320501826e-07	5.74476871277979e-06	3.90937854138496e-05	0.000194545157501296	0.000707963144161692	0.00188398915110869	0.003666263454821	0.00521730788297725	0.00542933683655995	0.00413166052012151	0.00229921719329141	0.000935648855070148	0.000278434666771249	6.05914361821083e-05
0.00907063523041235	0.0114228430876189	0.0173317047628831	0.0277474981806417	0.0416456352150823	0.0569910604142077	0.0743236595180167	0.09959738097138	0.140704652214617	0.196999530259475	0.255583197434761	0.307589153467434	0.367151326749816	0.463990594143265	0.611563875515042	0.785623922695111	0.942220736007597	1.05752575369407	1.14100500862417	1.20845653353918	1.25330613786619	1.25087011964862	1.18675169003679	1.07143950367095	0.924589754818797	0.758331062086902	0.584495493631615	0.423323049561935	0.292603914498311	0.19556340887983	0.126385190231433	0.0797892822498358	0.0514182322289646	0.0347877864778589	0.023172342730054	0.0136121021979976	0.00657268963842667	0.00254626477076535	0.000794391350872679	0.000201065370892848	3.97307729659076e-05	5.77401730839274e-06	6.70742775712828e-07	3.05902320501826e-07	2.03934880334551e-07	2.03934880334551e-07	3.05902320501826e-07	1.94873345534217e-06	1.32613463380099e-05	6.59933717007973e-05	0.000240154396661435	0.000639084508328391	0.00124366542983954	0.00176980883421127	0.00184173303795312	0.0014015368562647	0.000779937659752506	0.000317389666579895	9.44502689998863e-05	2.05537532838584e-05
0.00372525888214639	0.00557186997190002	0.0101967284128241	0.0185744598199246	0.0305012727306067	0.0448976595590896	0.0624546615872111	0.0883998386092562	0.129743278887262	0.185548360311603	0.242533994624823	0.290379854161712	0.342962298858555	0.433154965314132	0.576823543210241	0.74604055907396	0.891119571264787	0.98998786003709	1.0621760822393	1.13110518528206	1.18620678386567	1.19158158325918	1.12864786219509	1.0178780786597	0.892260033453049	0.763035789404378	0.625678071274289	0.485605494045017	0.359191508382884	0.256443988889993	0.177309596254218	0.119328208051682	0.0800712486951039	0.0546937643217365	0.0368861642716527	0.0229051276483626	0.012363956493582	0.00560587655584523	0.00208392360893139	0.000621442181163654	0.000142129167154139	2.49650203301427e-05	3.07049248833299e-06	3.05902320501826e-07	2.03934880334551e-07	2.03934880334551e-07	3.05902320501826e-07	4.25671711650083e-07	2.89674299941347e-06	1.44152661886261e-05	5.24581403408074e-05	0.000139598463711617	0.000271660134323953	0.000386588301076748	0.000402299068925442	0.000306144789022529	0.000170365730468211	6.93290312550163e-05	2.06312502927359e-05	4.48966035718686e-06
0.00111921327492257	0.00220827035920573	0.0051253828426842	0.0110370220438112	0.0207419168996321	0.0342468995421215	0.0518486471734325	0.0763774709710026	0.112639713364059	0.161516832739809	0.21503347877424	0.264720163739192	0.318811736806758	0.402132527161714	0.526920650879816	0.668315930204891	0.785262427219111	0.865375445062844	0.9320142846755	1.00356175978518	1.06066298867155	1.06411252647686	1.00177246937213	0.905005882442638	0.812467699367801	0.730021128818361	0.63870463781706	0.529817749695864	0.415542165613512	0.311834158399574	0.226346214097184	0.160324654976858	0.112640461101672	0.0799652015493625	0.0568224355416703	0.0384813938680715	0.0232887955476845	0.0118837653487251	0.00488732596574604	0.00157204441485457	0.000382820402244637	7.07427263936903e-05	9.09015955802272e-06	3.05902320501826e-07	3.05902320501826e-07	3.05902320501826e-07	3.05902320501826e-07	5.98741821887775e-08	4.07450420956142e-07	2.027624224151e-06	7.37866333629396e-06	1.96356572936039e-05	3.8211203448048e-05	5.4376783181088e-05	5.65866302316516e-05	4.30617501055551e-05	2.39633231563271e-05	9.75169111483401e-06	2.90195285475061e-06	6.31507179910778e-07
0.000273007043051503	0.000769989173748352	0.00228311380017238	0.00590713559640546	0.0130263717583319	0.0245953413536186	0.0407744193377964	0.0621016294610544	0.0908010786321619	0.129427608296282	0.176743244186608	0.228714513352745	0.287833408612803	0.366199907585085	0.468648674867339	0.576640181299406	0.663799723347805	0.72643559503423	0.783518282058846	0.844296400095874	0.888292591226539	0.885306544865711	0.832440131780337	0.761397594247752	0.704277923870753	0.660921434843053	0.607469900648884	0.528604050622797	0.432052235719969	0.336158973997451	0.253453414771487	0.186944022871179	0.135974630279923	0.0994620307321693	0.073878255721542	0.0535697994146985	0.0350359080664143	0.0191558420972979	0.00831889219013495	0.00279414040394038	0.00071424737675525	0.000141280410413792	2.13220072457629e-05	1.12833175509133e-06	2.37386492231578e-07	3.65218458697801e-08	3.05902320501826e-07	5.42309054221115e-09	3.69047299442091e-08	1.83651606605368e-07	6.68320766821533e-07	1.77849522893361e-06	3.46097113063293e-06	4.92516486747935e-06	5.12532126547172e-06	3.90030829969761e-06	2.17047258798944e-06	8.83257222431561e-07	2.62843725045325e-07	5.71986203321286e-08
6.13690346939737e-05	0.000248543714913415	0.000924566263330313	0.00286328697033834	0.00736810937109401	0.0157621216031939	0.0285687047408673	0.0456899412682555	0.0678519938815437	0.0975696484019498	0.136760310348528	0.18471606563108	0.241501591125454	0.311037142597359	0.392998176540835	0.474316837206612	0.539453882185573	0.588169490326187	0.632535630061992	0.675627304994546	0.701795708046307	0.692938270697339	0.65210009306413	0.60448487699137	0.572017857925907	0.551950853679925	0.523445867593395	0.470945282137212	0.398466995514063	0.322206270179398	0.253541982412368	0.193774684622238	0.142848617868039	0.10386381779472	0.0771346932725271	0.05719213394342	0.0387430062377251	0.0219513832346206	0.00988880717511434	0.00349899725752281	0.000992990943929821	0.000242863971850375	5.40849810133413e-05	9.36606325374657e-06	1.97049927186176e-06	3.03160765454354e-07	3.05902320501826e-07	3.05902320501826e-07	3.05902320501826e-07	3.05902320501826e-07	3.05902320501826e-07	3.05902320501826e-07	3.05902320501826e-07	3.05902320501826e-07	3.05902320501826e-07	3.05902320501826e-07	3.05902320501826e-07	3.05902320501826e-07	3.05902320501826e-07	3.05902320501826e-07
1.22674362771719e-05	7.21973612651943e-05	0.000331462323883098	0.00120102864410837	0.00353593395594896	0.00850961517430925	0.0171028511207954	0.029752322495252	0.0467748730300484	0.0693435460216013	0.0987794672807383	0.135251114724886	0.179091469629916	0.232523714920845	0.294625857649921	0.356404956926209	0.407919014943524	0.449218755570094	0.486804265856919	0.519350697306636	0.534089206024018	0.520925725166587	0.486985863875255	0.452567435197522	0.432089094954412	0.422024354230124	0.4068884234779	0.37480211118032	0.328339847878544	0.279042145995499	0.232532870855935	0.185888760443269	0.139094299719165	0.0990254572078681	0.0703066155898173	0.0499614319607321	0.0331077501902487	0.0189060118715849	0.00905958615460805	0.00380061728367588	0.00150303871779459	0.000572129244842497	0.000191228160145002	5.0063339742151e-05	1.05326829251783e-05	1.62045034143462e-06	3.05902320501826e-07	2.03934880334551e-07	2.03934880334551e-07	2.03934880334551e-07	2.03934880334551e-07	2.03934880334551e-07	2.03934880334551e-07	2.03934880334551e-07	2.03934880334551e-07	2.03934880334551e-07	2.03934880334551e-07	2.03934880334551e-07	2.03934880334551e-07	2.03934880334551e-07
2.69093720305251e-06	1.89663439862207e-05	0.000101211134223695	0.000414272926199178	0.00138617449606116	0.00380314234521035	0.00867571075662298	0.0168369310541601	0.0286379420509707	0.0442977020353333	0.063953596014577	0.08735969372799	0.114852639218788	0.148630276173019	0.189444134392342	0.232991144056385	0.273737377759155	0.31108833746459	0.346438240844388	0.374535811033164	0.384220280763386	0.370737030708415	0.343446596721889	0.318131408851869	0.303160567502571	0.294938567383339	0.284172888847773	0.264902132168567	0.239869460151951	0.215575749262408	0.191999485622366	0.16309188537569	0.127598594082432	0.0920871682267261	0.0629691443199955	0.0413043993020441	0.0255768389902548	0.0149765195767563	0.00881735848782847	0.00544784315485168	0.00321824115152241	0.00159480181395547	0.000607834886300137	0.000172315762423401	3.62530206327392e-05	5.57751715110745e-06	3.05902320501826e-07	2.03934880334551e-07	1.359565868897e-07	1.359565868897e-07	1.359565868897e-07	1.359565868897e-07	1.359565868897e-07	1.359565868897e-07	1.359565868897e-07	1.359565868897e-07	1.359565868897e-07	1.359565868897e-07	1.359565868897e-07	1.359565868897e-07
3.9597448144964e-07	3.54244657502152e-06	2.37543590721443e-05	0.000113028679005627	0.00044214122815828	0.00141123915334279	0.00367310354072517	0.00794046091251398	0.0147226256144492	0.0243933466681917	0.0370389912284919	0.0518014949412702	0.0674545465747531	0.0846628467677226	0.105676664600367	0.131363050781594	0.160262883743058	0.190220197026675	0.218109721533562	0.237943265178898	0.243340779185707	0.234080322783456	0.217654497121018	0.202582698228936	0.191696553634594	0.182770337676523	0.173100332036573	0.162064187193465	0.151553424418321	0.143338918238951	0.135195926244767	0.122128393079429	0.101991871424801	0.0774596665416679	0.0532305116435131	0.0333414320788199	0.0201554511182722	0.0136474855727482	0.0111811013151258	0.00930622082172836	0.00644146606538933	0.00340405321438714	0.00133045747149476	0.000381920218213202	8.03511028603568e-05	1.23619948487635e-05	3.05902320501826e-07	2.03934880334551e-07	1.359565868897e-07	9.06377245931335e-08	9.06377245931335e-08	9.06377245931335e-08	9.06377245931335e-08	9.06377245931335e-08	9.06377245931335e-08	9.06377245931335e-08	9.06377245931335e-08	9.06377245931335e-08	9.06377245931335e-08	9.06377245931335e-08
5.14358715220683e-08	5.2318818327738e-07	4.76009625303814e-06	2.61993259573895e-05	0.000117995500142315	0.00043000983124328	0.00125133887243424	0.00301209698545471	0.006314920776542	0.0120034353358846	0.0206332502352186	0.0311083862720543	0.0407362687422647	0.0483768878964055	0.0567487479803897	0.0698535985083594	0.0882293287317562	0.10787868418114	0.123454845136668	0.131577136702537	0.132047836254808	0.127414793335336	0.121231881196042	0.115358948458035	0.108870935195922	0.100808711773922	0.0929247805202958	0.0876852297789041	0.0851508283717697	0.0832602914340989	0.0800324592653498	0.0743289566540767	0.0651814561494523	0.0520486584768732	0.0366075975117322	0.0229893571635131	0.0149609674060165	0.0128814657028591	0.0134032214625908	0.0125017033085007	0.00901276733306821	0.00482567414514558	0.00189525513918597	0.000545083140856487	0.000114678483698279	1.76432528524954e-05	3.05902320501826e-07	2.03934880334551e-07	1.359565868897e-07	9.06377245931335e-08	6.04251497287556e-08	6.04251497287557e-08	6.04251497287557e-08	6.04251497287557e-08	6.04251497287557e-08	6.04251497287557e-08	6.04251497287557e-08	6.04251497287557e-08	6.04251497287557e-08	6.04251497287557e-08
1.36558935814199e-07	7.80060055945354e-07	3.71075319132064e-06	1.35333825041605e-05	4.3093119916211e-05	0.000130088611277401	0.000365422326651114	0.000961744903276928	0.00240575373447979	0.00554952100134336	0.0110967117311275	0.0182718654326716	0.0245957510606119	0.0286047265375291	0.0326640824932916	0.0409670903202627	0.0540825335978989	0.0671672361561342	0.0745754996567412	0.0751203864032112	0.0719959250867534	0.0687788390366636	0.0670751087426487	0.0661702587788816	0.0634565843888888	0.0577026679608815	0.0519926582020652	0.0500258203789301	0.0505877698283958	0.0492771159488118	0.0445273906413289	0.038499116003014	0.0326904666492591	0.0261822137288648	0.0185999438432225	0.0120475758818815	0.00907456131220265	0.00983928832365273	0.0116292165526518	0.0113011491655512	0.00824476711224536	0.00442856564772812	0.00174130895278352	0.000500951066728098	0.00010539366278903	1.62147857354813e-05	3.05902320501826e-07	2.03934880334551e-07	1.359565868897e-07	9.06377245931335e-08	6.04251497287557e-08	4.02834331525038e-08	4.02834331525038e-08	4.02834331525038e-08	4.02834331525038e-08	4.02834331525038e-08	4.02834331525038e-08	4.02834331525038e-08	4.02834331525038e-08	4.02834331525038e-08
1.06556858998068e-06	5.90306425333359e-06	2.39957511554155e-05	7.14552034597269e-05	0.000156882985866696	0.000260227749239307	0.000351491098937553	0.000488882085707146	0.000958332145790383	0.00230537333483969	0.00502664450587634	0.00881433170290575	0.0123995356174634	0.0151260781497379	0.0188448732928487	0.0266864109163237	0.0389895925324791	0.0513124269215671	0.0579892569782369	0.057515349013133	0.0531260641776829	0.0487336784591536	0.046390421045202	0.0457365166457746	0.0440354670377679	0.0396210652234635	0.0353297133443109	0.0346805684022148	0.0358759355821509	0.0338964587344383	0.0273676802487387	0.0196733670795416	0.0138791822644613	0.00993538092892616	0.00678221676834595	0.00457208716167722	0.00411700808453268	0.00532666282261938	0.00672599260214666	0.00664915341957522	0.00487240903321238	0.0026197683246725	0.00103046110489289	0.000296462876276924	6.23719769994123e-05	9.59591133072479e-06	3.05902320501826e-07	2.03934880334551e-07	1.359565868897e-07	9.06377245931335e-08	6.04251497287557e-08	4.02834331525038e-08	2.68556221016692e-08	2.68556221016692e-08	2.68556221016692e-08	2.68556221016692e-08	2.68556221016692e-08	2.68556221016692e-08	2.68556221016692e-08	2.68556221016692e-08
5.35408365787109e-06	2.96606902148921e-05	0.000120167656207429	0.000356031592568942	0.00077151699005552	0.00122406491446729	0.00142836543760736	0.0012580171825706	0.000968731710713899	0.00102793572769989	0.00176536264065006	0.00309821750588838	0.00463849702581527	0.0064486262333507	0.0100034875330682	0.017559944664548	0.0295788151650602	0.0425706491302527	0.0509617540755641	0.0520376400390939	0.0478772543453598	0.0424086901024492	0.0383837837108615	0.0360038046515892	0.0331481310829869	0.0287655687115018	0.0252644435730942	0.0249292225219554	0.0256638614926877	0.023399987565985	0.0173634283918071	0.0105412737948122	0.00569548348624838	0.00311180142586769	0.00182150209233736	0.00124398390855632	0.00132912523047848	0.00193987857850871	0.00253674048526337	0.00252775204913214	0.00185584645898604	0.000998206585274037	0.000392686632533804	0.000112976414089803	2.37687847786483e-05	3.65682093381679e-06	3.05902320501826e-07	2.03934880334551e-07	1.359565868897e-07	9.06377245931335e-08	6.04251497287557e-08	4.02834331525038e-08	2.68556221016692e-08	1.79037480677795e-08	1.79037480677795e-08	1.79037480677795e-08	1.79037480677795e-08	1.79037480677795e-08	1.79037480677795e-08	1.79037480677795e-08
1.73233289184871e-05	9.5968222645635e-05	0.000388777458004324	0.00115173409624279	0.00249505943896891	0.00395280778683887	0.00458075865271741	0.00388936454868979	0.00244804569621268	0.00123676644403034	0.000738406902827316	0.00084748843637709	0.00138516660170161	0.00264523337614786	0.005845388915588	0.0126040886898212	0.0231299085784789	0.0344745320155712	0.0418245431539445	0.0426446354970319	0.0386546890751254	0.0335039226610005	0.0296211112250782	0.026870578671804	0.0236977483063232	0.0200885114208316	0.018013977965722	0.0181025483445438	0.0179717897589085	0.0152078379954236	0.0102565791898142	0.00545600291569991	0.00236811955637569	0.000928580150665969	0.000395009868707908	0.000244036913218071	0.000294854055901962	0.00046453638748342	0.000619333061976396	0.000619605789652793	0.000455320778482222	0.000244939147111289	9.63620525142983e-05	2.77234778203496e-05	5.8326632415836e-06	8.97353619057824e-07	3.05902320501826e-07	2.03934880334551e-07	1.359565868897e-07	9.06377245931337e-08	6.04251497287556e-08	4.02834331525038e-08	2.68556221016692e-08	1.79037480677795e-08	1.19358320451863e-08	1.19358320451863e-08	1.19358320451863e-08	1.19358320451863e-08	1.19358320451863e-08	1.19358320451863e-08
3.60927527259541e-05	0.000199947558912984	0.000810008787756742	0.00239961119120583	0.0051983982865533	0.00823525064794416	0.00954048206336836	0.00808346401650142	0.0050132330817652	0.00228998981571203	0.000817303531947616	0.000362279651884153	0.000592920965922298	0.00178290266521341	0.00497135639194053	0.0111445129685452	0.0196289697962331	0.027359873208916	0.03085320879558	0.0293275456330698	0.0251237784337294	0.0211983286519733	0.0187783160632516	0.0171220443204902	0.0152700045381114	0.0139225798577332	0.0143355283381015	0.0155844880289266	0.0149631542677244	0.0114269017817966	0.00672035172558572	0.00304046094918951	0.00107493700793342	0.000310073510974861	8.41631205376834e-05	3.49410616592643e-05	4.48944485985976e-05	7.53729730425394e-05	0.000102795093408501	0.000104107779827944	7.73885654357165e-05	4.21638445485065e-05	1.68337289108368e-05	4.9263847597924e-06	1.05713117069344e-06	1.6639478957544e-07	3.26606576131587e-09	3.05902320501826e-07	2.03934880334551e-07	1.359565868897e-07	9.06377245931335e-08	6.04251497287557e-08	4.02834331525038e-08	2.68556221016692e-08	1.79037480677795e-08	1.19358320451863e-08	7.95722136345753e-09	7.95722136345754e-09	7.95722136345754e-09	7.95722136345754e-09
4.84229358553095e-05	0.000268254624222853	0.00108672796086226	0.00321937813033271	0.00697430059412203	0.0110485900008728	0.0127994386724803	0.0108431328525864	0.00671762664946015	0.00304454815785873	0.00102366630170951	0.000332669607102364	0.000481158579540254	0.00165326222740212	0.00468572013282243	0.0100273752680496	0.0162965169836199	0.0204883905186952	0.0205897019533892	0.0176079525356997	0.0142493620345829	0.0121979165074869	0.0111748967869265	0.0101853038263255	0.00918509133352972	0.0093842036117816	0.0113734372057164	0.0134048886236028	0.0128381147525409	0.00932366858247812	0.00504649182533811	0.00203382499662103	0.000614230826963494	0.00014048798090754	2.6093742315643e-05	8.27844452520838e-06	1.97174295885025e-05	4.20535626941115e-05	6.65000258113915e-05	7.71663830989e-05	6.56828027047955e-05	4.09953063595711e-05	1.87555707297796e-05	6.28794007605349e-06	1.54436586263608e-06	2.77811612242134e-07	3.49712631448828e-08	3.05902320501826e-07	2.03934880334551e-07	1.359565868897e-07	9.06377245931335e-08	6.04251497287557e-08	4.02834331525038e-08	2.68556221016692e-08	1.79037480677795e-08	1.19358320451863e-08	7.95722136345754e-09	5.30481424230502e-09	5.30481424230502e-09	5.30481424230502e-09
4.18335464721494e-05	0.000231750555611246	0.000938846103614153	0.00278128540221354	0.00602523830621791	0.00954509872417328	0.0110576832347215	0.00936753638785117	0.00580315481623994	0.00262893863462836	0.000879705502707696	0.000272642116279953	0.000359364864095017	0.00122535498172736	0.00341014566275342	0.007056040459459	0.0109039542773262	0.0128396867449387	0.0121314249581629	0.0104592400756807	0.00990819309050825	0.0105094986781031	0.0105162114347689	0.00891574851249235	0.00681083899482814	0.00612530703671026	0.00732656090069954	0.00876796153079705	0.00840431682168623	0.00602500937927597	0.00318443877195004	0.00123667012631263	0.00035370525566164	7.61194054134469e-05	2.02698414121275e-05	3.58842872041802e-05	0.000108295332488005	0.000240395087781577	0.000390326668044989	0.00046345586612626	0.000402407500296922	0.000255506100528207	0.000118635319733802	4.02813725381656e-05	1.00016589032095e-05	1.81600626454562e-06	2.41123850011064e-07	3.05902320501826e-07	2.03934880334551e-07	1.359565868897e-07	9.06377245931335e-08	6.04251497287557e-08	4.02834331525038e-08	2.68556221016692e-08	1.79037480677795e-08	1.19358320451863e-08	7.95722136345754e-09	5.30481424230502e-09	3.53654282820335e-09	3.53654282820335e-09
2.32723750232183e-05	0.000128924901110518	0.000522288461174141	0.00154725387602526	0.00335189380990961	0.00531002355467257	0.00615148780889794	0.00521124404326686	0.00322834678363315	0.00146250201041	0.000488975731277599	0.000148738716235546	0.000182882989383342	0.000612943403561144	0.00168625857223778	0.00343986807303861	0.00522888963808871	0.00617210016091281	0.00643502414386765	0.0075277439583235	0.0104384632997461	0.0136668215399857	0.0142927164847121	0.0113959638104316	0.00719818718270649	0.00444807753345954	0.00381838396326976	0.00406557813663469	0.00378064105814389	0.00267260549680477	0.00139859551375951	0.000536661539867777	0.000151837130560252	3.78604470554001e-05	4.28335342885142e-05	0.000158334533794974	0.000480699872580853	0.00106732552443118	0.00173300386257942	0.0020576887819495	0.00178664131722897	0.00113441661915079	0.000526726673242135	0.000178844490816589	4.44061729071154e-05	8.06285126939687e-06	1.07056114183065e-06	3.05902320501826e-07	2.03934880334551e-07	1.359565868897e-07	9.06377245931335e-08	6.04251497287557e-08	4.02834331525038e-08	2.68556221016692e-08	1.79037480677795e-08	1.19358320451863e-08	7.95722136345754e-09	5.30481424230502e-09	3.53654282820335e-09	2.35769521880224e-09
8.33679621590527e-06	4.61843978812564e-05	0.000187097898791312	0.000554268322241412	0.00120073931443145	0.00190219452173645	0.00220362985025135	0.00186680902042537	0.00115648141724131	0.000523907904284615	0.000175032948981399	5.23567450446899e-05	6.04596791038685e-05	0.000199900242209012	0.000546840225122513	0.00112438374245308	0.00177523184379336	0.00246402757238626	0.00384257673000259	0.00709625673683938	0.012284304850758	0.0168620535295794	0.0174015041180064	0.0134134465226684	0.00796004054357985	0.0041478101243478	0.00255014742181157	0.00203620444035581	0.00159562650268692	0.00100606806264932	0.000486651069237769	0.000175901584905351	4.97576576131282e-05	2.86125271204188e-05	0.000110323522841937	0.000452624397046413	0.00137431265813722	0.00305148091355665	0.00495465356044901	0.00588292690508349	0.00510800290455104	0.00324329417981918	0.00150591019634442	0.000511315936637443	0.000126957133478444	2.30516709234728e-05	3.06073153533234e-06	3.05902320501826e-07	2.03934880334551e-07	1.359565868897e-07	9.06377245931335e-08	6.04251497287557e-08	4.02834331525038e-08	2.68556221016692e-08	1.79037480677795e-08	1.19358320451863e-08	7.95722136345754e-09	5.30481424230502e-09	3.53654282820335e-09	2.35769521880223e-09
1.92309226406022e-06	1.06535959360833e-05	4.31588481317369e-05	0.000127855964702905	0.00027698080017005	0.000438789131310423	0.000508322790688529	0.000430626573168315	0.000266771600196138	0.000120852568746679	4.03479294269886e-05	1.18826027231544e-05	1.29187314477792e-05	4.21962064035791e-05	0.000115113840205996	0.000262095162241093	0.00053225617235946	0.00124439672234393	0.00323808242087944	0.00745658471406738	0.0133482702300741	0.0178650310280702	0.0177912824476573	0.0134382136575949	0.00835096102481489	0.00528363522408534	0.00407754043224879	0.0032708136040486	0.00218602819096325	0.00111212793001384	0.000425302593237209	0.000121293517441923	3.0475238587351e-05	3.95164141963656e-05	0.000200930628023103	0.000833286177432258	0.00253012376038249	0.0056178077950676	0.00912156824251859	0.0108305290321055	0.00940388596465724	0.00597093799411941	0.00277239618380409	0.000941337906399064	0.000233729390515291	4.24383636246574e-05	5.63483828504702e-06	3.05902320501826e-07	2.03934880334551e-07	1.359565868897e-07	9.06377245931335e-08	6.04251497287557e-08	4.02834331525038e-08	2.68556221016692e-08	1.79037480677795e-08	1.19358320451863e-08	7.95722136345754e-09	5.30481424230502e-09	3.53654282820335e-09	2.35769521880223e-09
2.85656106215462e-07	1.58248503681732e-06	6.41081488208327e-06	1.8991723754503e-05	4.11427253656417e-05	6.51777333008272e-05	7.55062623891435e-05	6.39652669937198e-05	3.96262509007268e-05	1.79514393872221e-05	5.98948521936794e-06	1.73847581253112e-06	1.77937384115099e-06	5.7373587555238e-06	1.56117857486401e-05	6.4252563983781e-05	0.000246563048661671	0.000943611157289076	0.00296219423339381	0.00703565309730438	0.0123817241936075	0.016099663708162	0.0156788042975679	0.0121337896897388	0.0089853165826342	0.00813287992545944	0.0082465894167384	0.00722485002400614	0.00483740662497596	0.00239214344689063	0.000869099595285479	0.000231228542197354	5.04724329224153e-05	4.83454402956316e-05	0.000237944099347894	0.000987854203941145	0.00299944180147931	0.00665986691917978	0.0108135473489725	0.0128395069125478	0.0111482327862387	0.00707849999040969	0.00328665385234222	0.00111594867807713	0.000277084352600943	5.03103460136406e-05	6.68005643099094e-06	3.05902320501826e-07	2.03934880334551e-07	1.359565868897e-07	9.06377245931335e-08	6.04251497287557e-08	4.02834331525038e-08	2.68556221016692e-08	1.79037480677795e-08	1.19358320451863e-08	7.95722136345754e-09	5.30481424230502e-09	3.53654282820335e-09	2.35769521880223e-09
2.73230614754818e-08	1.51364997996494e-07	6.13195675918701e-07	1.81656202818312e-06	3.93530959070898e-06	6.23426272032081e-06	7.22218851322687e-06	6.11829008495534e-06	3.79025851660516e-06	1.71705862846318e-06	5.72562076577627e-07	1.63952623159462e-07	1.58257684380709e-07	5.04093742803019e-07	1.3709723115337e-06	2.73968206755035e-05	0.000154698584722353	0.000671282466193792	0.00216856070938461	0.00516035406446554	0.00905458115358927	0.01177727540923	0.0117175814314516	0.00999558629812945	0.00943433271882403	0.0109870753881706	0.0124285222993238	0.0112057407700304	0.00754342739883491	0.00373010922658577	0.0013508974137963	0.00035782360401532	7.34291697927715e-05	4.18042047389392e-05	0.000181620103869389	0.000754108755322022	0.00228971574403419	0.00508401334224842	0.0082548524867494	0.00980143075581503	0.00851034486357409	0.00540358971599095	0.00250896785768175	0.000851893594490526	0.000211520825062516	3.84059431653005e-05	5.09942562430556e-06	3.05902320501826e-07	2.03934880334551e-07	1.359565868897e-07	9.06377245931335e-08	6.04251497287557e-08	4.02834331525038e-08	2.68556221016692e-08	1.79037480677795e-08	1.19358320451863e-08	7.95722136345754e-09	5.30481424230502e-09	3.53654282820335e-09	2.35769521880223e-09
3.05902320501826e-07	3.05902320501826e-07	3.05902320501826e-07	3.05902320501826e-07	3.05902320501826e-07	3.05902320501826e-07	3.05902320501826e-07	3.05902320501826e-07	3.05902320501826e-07	3.05902320501826e-07	3.05902320501826e-07	3.05902320501826e-07	3.05902320501826e-07	3.05902320501826e-07	3.05902320501826e-07	1.22539415076387e-05	8.233118947111e-05	0.00037418883231009	0.00125685135277749	0.00312692034898836	0.00580251361611651	0.0081005721047518	0.00885356116285062	0.00855429248100786	0.00908193620893981	0.0110923526769549	0.012612999422604	0.0113508078606876	0.00763128882633134	0.00377222224252082	0.00136557574899295	0.000361711578592345	7.20877180733519e-05	2.56477412101829e-05	8.92786277693623e-05	0.000370695718313369	0.00112555094537489	0.00249913817406184	0.00405782117042225	0.00481806952761618	0.00418341304226064	0.00265623168688001	0.00123332826421214	0.000418763614276527	0.000103976864916921	1.88791319404374e-05	2.50671435843539e-06	3.05902320501826e-07	2.03934880334551e-07	1.359565868897e-07	9.06377245931335e-08	6.04251497287557e-08	4.02834331525038e-08	2.68556221016692e-08	1.79037480677795e-08	1.19358320451863e-08	7.95722136345754e-09	5.30481424230502e-09	3.53654282820335e-09	2.35769521880223e-09
2.03934880334551e-07	2.03934880334551e-07	2.03934880334551e-07	2.03934880334551e-07	2.03934880334551e-07	2.03934880334551e-07	2.03934880334551e-07	2.03934880334551e-07	2.03934880334551e-07	2.03934880334551e-07	2.03934880334551e-07	2.03934880334551e-07	2.03934880334551e-07	2.03934880334551e-07	3.05902320501826e-07	3.96925333434077e-06	4.49836777633542e-05	0.000228583151090976	0.000867658606462864	0.00245775331824987	0.00520394858482708	0.00824174076095716	0.00993351603846965	0.00966496386677453	0.00877426042067539	0.00865673004305998	0.00873077798745974	0.00752538367232243	0.00499357057607844	0.00245924449850839	0.000888897484238306	0.00023544978187238	4.62470588927085e-05	1.14370279258023e-05	2.82600905626513e-05	0.000117339332295583	0.000356279800036172	0.000791072543252097	0.0012844551560472	0.0015251027551558	0.00132420977325811	0.000840798631230454	0.000390395431817709	0.000132554654562679	3.29126431755163e-05	5.97596526415355e-06	7.93470694543901e-07	3.05902320501826e-07	2.03934880334551e-07	1.359565868897e-07	9.06377245931335e-08	6.04251497287557e-08	4.02834331525038e-08	2.68556221016692e-08	1.79037480677795e-08	1.19358320451863e-08	7.95722136345754e-09	5.30481424230502e-09	3.53654282820335e-09	2.35769521880223e-09
1.359565868897e-07	1.359565868897e-07	1.359565868897e-07	1.359565868897e-07	1.359565868897e-07	1.359565868897e-07	1.359565868897e-07	1.359565868897e-07	1.359565868897e-07	1.359565868897e-07	1.359565868897e-07	1.359565868897e-07	1.359565868897e-07	2.03934880334551e-07	3.05902320501826e-07	8.30412386934219e-07	3.76221912706455e-05	0.000213374136998013	0.000891983558226535	0.00274381171909395	0.00620929721470973	0.0103339613785448	0.0127157768058646	0.0117994907609327	0.00879880240591508	0.00609907863735457	0.00452999209372224	0.00337835877833677	0.00213523306012613	0.00103663417567053	0.000372588987615247	9.86907910277562e-05	1.92468224942519e-05	3.7222058296779e-06	5.76025949060683e-06	2.39172978224769e-05	7.26205775922795e-05	0.000161244462926408	0.000261810732222425	0.000310861976894976	0.000269913923207496	0.000171380140643827	7.95743731334502e-05	2.70186397766854e-05	6.7085901509205e-06	1.21808210600256e-06	1.61733278548138e-07	3.05902320501826e-07	2.03934880334551e-07	1.359565868897e-07	9.06377245931335e-08	6.04251497287557e-08	4.02834331525038e-08	2.68556221016692e-08	1.79037480677795e-08	1.19358320451863e-08	7.95722136345754e-09	5.30481424230502e-09	3.53654282820335e-09	2.35769521880223e-09
9.06377245931335e-08	9.06377245931335e-08	9.06377245931335e-08	9.06377245931335e-08	9.06377245931335e-08	9.06377245931335e-08	9.06377245931335e-08	9.06377245931335e-08	9.06377245931335e-08	9.06377245931335e-08	9.06377245931335e-08	9.06377245931335e-08	1.359565868897e-07	2.03934880334551e-07	3.05902320501826e-07	1.12254218996967e-07	3.30267082898872e-05	0.00019282274272244	0.000824318032512361	0.00257949206192258	0.00590902015168982	0.00990940788744718	0.0121850225776603	0.0110499305663412	0.00754141245485997	0.00412742929602655	0.00209392677391301	0.00113553414214973	0.0006183131892108	0.000285566592072511	0.00010056591471572	2.66377429382674e-05	5.17681494745975e-06	8.63997458761755e-07	7.56054326724116e-07	3.13922949681699e-06	9.53170633846969e-06	2.11639031287763e-05	3.43635798356578e-05	4.08017282951777e-05	3.54271521650858e-05	2.24942464935208e-05	1.04444164715167e-05	3.54629154097558e-06	8.80526062774284e-07	1.59877562469228e-07	2.12280618991203e-08	3.05902320501826e-07	2.03934880334551e-07	1.359565868897e-07	9.06377245931335e-08	6.04251497287557e-08	4.02834331525038e-08	2.68556221016692e-08	1.79037480677795e-08	1.19358320451863e-08	7.95722136345754e-09	5.30481424230502e-09	3.53654282820335e-09	2.35769521880223e-09
6.04251497287557e-08	6.04251497287557e-08	6.04251497287557e-08	6.04251497287557e-08	6.04251497287557e-08	6.04251497287557e-08	6.04251497287557e-08	6.04251497287557e-08	6.04251497287557e-08	6.04251497287557e-08	6.04251497287557e-08	6.04251497287556e-08	9.06377245931337e-08	1.359565868897e-07	2.03934880334551e-07	3.05902320501826e-07	2.0643819975986e-05	0.000121153731889876	0.00051994936632743	0.00163178461548169	0.00374526030919046	0.00628699111965005	0.00772240168878225	0.00695209529080046	0.00461368701996994	0.00230281288410164	0.000920424389456915	0.000340193393736857	0.000134273724357361	5.33128938718362e-05	1.74788983954919e-05	4.62978339747979e-06	8.9677772550306e-07	1.27024202187408e-07	3.05902320501826e-07	3.05902320501826e-07	3.05902320501826e-07	3.05902320501826e-07	3.05902320501826e-07	3.05902320501826e-07	3.05902320501826e-07	3.05902320501826e-07	3.05902320501826e-07	3.05902320501826e-07	3.05902320501826e-07	3.05902320501826e-07	3.05902320501826e-07	2.03934880334551e-07	1.359565868897e-07	9.06377245931337e-08	6.04251497287556e-08	4.02834331525038e-08	2.68556221016692e-08	1.79037480677795e-08	1.19358320451863e-08	7.95722136345753e-09	5.30481424230502e-09	3.53654282820335e-09	2.35769521880224e-09	1.57179681253482e-09
4.02834331525038e-08	4.02834331525038e-08	4.02834331525038e-08	4.02834331525038e-08	4.02834331525038e-08	4.02834331525038e-08	4.02834331525038e-08	4.02834331525038e-08	4.02834331525038e-08	4.02834331525038e-08	4.02834331525038e-08	6.04251497287557e-08	9.06377245931335e-08	1.359565868897e-07	2.03934880334551e-07	3.05902320501826e-07	8.4816295766297e-06	4.97766923423851e-05	0.000213624122324384	0.000670427889482587	0.00153865849275784	0.00258242313954623	0.00317003471146749	0.00284737570595471	0.00187440291580425	0.000909477992783231	0.00033174409068608	9.67753870326762e-05	2.60444026391158e-05	7.47865103104286e-06	1.95622931880218e-06	5.18162976689051e-07	1.00366901814035e-07	1.42164833786409e-08	3.05902320501826e-07	2.03934880334551e-07	2.03934880334551e-07	2.03934880334551e-07	2.03934880334551e-07	2.03934880334551e-07	2.03934880334551e-07	2.03934880334551e-07	2.03934880334551e-07	2.03934880334551e-07	2.03934880334551e-07	2.03934880334551e-07	2.03934880334551e-07	1.359565868897e-07	9.06377245931337e-08	6.04251497287558e-08	4.02834331525039e-08	2.68556221016692e-08	1.79037480677795e-08	1.19358320451863e-08	7.95722136345756e-09	5.30481424230504e-09	3.53654282820335e-09	2.35769521880224e-09	1.57179681253482e-09	1.04786454168988e-09
2.68556221016692e-08	2.68556221016692e-08	2.68556221016692e-08	2.68556221016692e-08	2.68556221016692e-08	2.68556221016692e-08	2.68556221016692e-08	2.68556221016692e-08	2.68556221016692e-08	2.68556221016692e-08	4.02834331525038e-08	6.04251497287557e-08	9.06377245931335e-08	1.359565868897e-07	2.03934880334551e-07	3.05902320501826e-07	2.24393873567476e-06	1.31691495215271e-05	5.65173754202891e-05	0.000177371470552296	0.000407064352247953	0.000683156021452688	0.000838405760449571	0.000752430047766462	0.000493805054921061	0.000236985872024977	8.31700389801281e-05	2.13446421361632e-05	4.00579181293332e-06	5.49750199138627e-07	3.05902320501826e-07	3.05902320501826e-07	3.05902320501826e-07	3.05902320501826e-07	2.03934880334551e-07	1.359565868897e-07	1.359565868897e-07	1.359565868897e-07	1.359565868897e-07	1.359565868897e-07	1.359565868897e-07	1.359565868897e-07	1.359565868897e-07	1.359565868897e-07	1.359565868897e-07	1.359565868897e-07	1.359565868897e-07	9.06377245931337e-08	6.04251497287558e-08	4.02834331525039e-08	2.68556221016693e-08	1.79037480677795e-08	1.19358320451863e-08	7.95722136345756e-09	5.30481424230504e-09	3.53654282820336e-09	2.35769521880224e-09	1.57179681253482e-09	1.04786454168988e-09	6.9857636112659e-10
1.79037480677795e-08	1.79037480677795e-08	1.79037480677795e-08	1.79037480677795e-08	1.79037480677795e-08	1.79037480677795e-08	1.79037480677795e-08	1.79037480677795e-08	1.79037480677795e-08	2.68556221016692e-08	4.02834331525038e-08	6.04251497287557e-08	9.06377245931335e-08	1.359565868897e-07	2.03934880334551e-07	3.05902320501826e-07	3.82283141177707e-07	2.24352998844883e-06	9.62844460202739e-06	3.02174572950857e-05	6.93485239881214e-05	0.000116384206771522	0.000142832949309451	0.000128185907040889	8.41258919076006e-05	4.03735191750695e-05	1.4169060521893e-05	3.63632781653143e-06	6.82436936805053e-07	9.36568497386306e-08	3.05902320501826e-07	2.03934880334551e-07	2.03934880334551e-07	2.03934880334551e-07	1.359565868897e-07	9.06377245931337e-08	9.06377245931335e-08	9.06377245931335e-08	9.06377245931335e-08	9.06377245931335e-08	9.06377245931335e-08	9.06377245931335e-08	9.06377245931335e-08	9.06377245931335e-08	9.06377245931335e-08	9.06377245931335e-08	9.06377245931335e-08	6.04251497287556e-08	4.02834331525039e-08	2.68556221016693e-08	1.79037480677795e-08	1.19358320451864e-08	7.95722136345758e-09	5.30481424230504e-09	3.53654282820336e-09	2.35769521880224e-09	1.57179681253483e-09	1.04786454168989e-09	6.9857636112659e-10	4.65717574084393e-10
1.19358320451863e-08	1.19358320451863e-08	1.19358320451863e-08	1.19358320451863e-08	1.19358320451863e-08	1.19358320451863e-08	1.19358320451863e-08	1.19358320451863e-08	1.79037480677795e-08	2.68556221016692e-08	4.02834331525038e-08	6.04251497287557e-08	9.06377245931335e-08	1.359565868897e-07	2.03934880334551e-07	3.05902320501826e-07	4.19374241760192e-08	2.4612089480938e-07	1.05626464244945e-06	3.31493123186321e-06	7.60770788246387e-06	1.27676408426756e-05	1.56691345661978e-05	1.40623171097743e-05	9.2288223912939e-06	4.42907681962479e-06	1.55438165400574e-06	3.98914327257886e-07	7.48650521286595e-08	1.02743924892383e-08	3.05902320501826e-07	2.03934880334551e-07	1.359565868897e-07	1.359565868897e-07	9.06377245931337e-08	6.04251497287558e-08	6.04251497287557e-08	6.04251497287557e-08	6.04251497287557e-08	6.04251497287557e-08	6.04251497287557e-08	6.04251497287557e-08	6.04251497287557e-08	6.04251497287557e-08	6.04251497287557e-08	6.04251497287557e-08	6.04251497287557e-08	4.02834331525038e-08	2.68556221016692e-08	1.79037480677795e-08	1.19358320451864e-08	7.95722136345758e-09	5.30481424230506e-09	3.53654282820338e-09	2.35769521880224e-09	1.57179681253483e-09	1.04786454168989e-09	6.98576361126592e-10	4.65717574084395e-10	3.10478382722929e-10
7.95722136345754e-09	7.95722136345754e-09	7.95722136345754e-09	7.95722136345754e-09	7.95722136345754e-09	7.95722136345754e-09	7.95722136345754e-09	7.95722136345756e-09	1.19358320451863e-08	1.79037480677795e-08	2.68556221016692e-08	4.02834331525038e-08	6.04251497287556e-08	9.06377245931337e-08	1.359565868897e-07	2.03934880334551e-07	3.05902320501826e-07	3.05902320501826e-07	3.05902320501826e-07	3.05902320501826e-07	3.05902320501826e-07	3.05902320501826e-07	3.05902320501826e-07	3.05902320501826e-07	3.05902320501826e-07	3.05902320501826e-07	3.05902320501826e-07	3.05902320501826e-07	3.05902320501826e-07	3.05902320501826e-07	2.03934880334551e-07	1.359565868897e-07	9.06377245931337e-08	9.06377245931335e-08	6.04251497287556e-08	4.02834331525039e-08	4.02834331525038e-08	4.02834331525038e-08	4.02834331525038e-08	4.02834331525038e-08	4.02834331525038e-08	4.02834331525038e-08	4.02834331525038e-08	4.02834331525038e-08	4.02834331525038e-08	4.02834331525038e-08	4.02834331525038e-08	2.68556221016692e-08	1.79037480677795e-08	1.19358320451863e-08	7.95722136345758e-09	5.30481424230506e-09	3.53654282820338e-09	2.35769521880225e-09	1.57179681253484e-09	1.04786454168989e-09	6.98576361126592e-10	4.65717574084395e-10	3.1047838272293e-10	2.06985588481954e-10
5.30481424230502e-09	5.30481424230502e-09	5.30481424230502e-09	5.30481424230502e-09	5.30481424230502e-09	5.30481424230502e-09	5.30481424230502e-09	5.30481424230504e-09	7.95722136345756e-09	1.19358320451863e-08	1.79037480677795e-08	2.68556221016692e-08	4.02834331525039e-08	6.04251497287558e-08	9.06377245931337e-08	1.359565868897e-07	2.03934880334551e-07	2.03934880334551e-07	2.03934880334551e-07	2.03934880334551e-07	2.03934880334551e-07	2.03934880334551e-07	2.03934880334551e-07	2.03934880334551e-07	2.03934880334551e-07	2.03934880334551e-07	2.03934880334551e-07	2.03934880334551e-07	2.03934880334551e-07	2.03934880334551e-07	1.359565868897e-07	9.06377245931337e-08	6.04251497287558e-08	6.04251497287557e-08	4.02834331525038e-08	2.68556221016692e-08	2.68556221016692e-08	2.68556221016692e-08	2.68556221016692e-08	2.68556221016692e-08	2.68556221016692e-08	2.68556221016692e-08	2.68556221016692e-08	2.68556221016692e-08	2.68556221016692e-08	2.68556221016692e-08	2.68556221016692e-08	1.79037480677795e-08	1.19358320451863e-08	7.95722136345756e-09	5.30481424230504e-09	3.53654282820338e-09	2.35769521880225e-09	1.57179681253484e-09	1.04786454168989e-09	6.98576361126595e-10	4.65717574084395e-10	3.1047838272293e-10	2.06985588481954e-10	1.37990392321302e-10
3.53654282820335e-09	3.53654282820335e-09	3.53654282820335e-09	3.53654282820335e-09	3.53654282820335e-09	3.53654282820335e-09	3.53654282820335e-09	3.53654282820336e-09	5.30481424230504e-09	7.95722136345756e-09	1.19358320451863e-08	1.79037480677795e-08	2.68556221016693e-08	4.02834331525039e-08	6.04251497287558e-08	9.06377245931337e-08	1.359565868897e-07	1.359565868897e-07	1.359565868897e-07	1.359565868897e-07	1.359565868897e-07	1.359565868897e-07	1.359565868897e-07	1.359565868897e-07	1.359565868897e-07	1.359565868897e-07	1.359565868897e-07	1.359565868897e-07	1.359565868897e-07	1.359565868897e-07	9.06377245931337e-08	6.04251497287558e-08	4.02834331525039e-08	4.02834331525038e-08	2.68556221016692e-08	1.79037480677795e-08	1.79037480677795e-08	1.79037480677795e-08	1.79037480677795e-08	1.79037480677795e-08	1.79037480677795e-08	1.79037480677795e-08	1.79037480677795e-08	1.79037480677795e-08	1.79037480677795e-08	1.79037480677795e-08	1.79037480677795e-08	1.19358320451863e-08	7.95722136345756e-09	5.30481424230504e-09	3.53654282820336e-09	2.35769521880224e-09	1.57179681253484e-09	1.04786454168989e-09	6.98576361126595e-10	4.65717574084397e-10	3.10478382722931e-10	2.06985588481954e-10	1.37990392321302e-10	9.19935948808684e-11
2.35769521880223e-09	2.35769521880223e-09	2.35769521880223e-09	2.35769521880223e-09	2.35769521880223e-09	2.35769521880223e-09	2.35769521880223e-09	2.35769521880224e-09	3.53654282820336e-09	5.30481424230504e-09	7.95722136345758e-09	1.19358320451864e-08	1.79037480677795e-08	2.68556221016693e-08	4.02834331525039e-08	6.04251497287556e-08	9.06377245931335e-08	9.06377245931335e-08	9.06377245931335e-08	9.06377245931335e-08	9.06377245931335e-08	9.06377245931335e-08	9.06377245931335e-08	9.06377245931335e-08	9.06377245931335e-08	9.06377245931335e-08	9.06377245931335e-08	9.06377245931335e-08	9.06377245931335e-08	9.06377245931335e-08	6.04251497287556e-08	4.02834331525039e-08	2.68556221016693e-08	2.68556221016692e-08	1.79037480677795e-08	1.19358320451863e-08	1.19358320451863e-08	1.19358320451863e-08	1.19358320451863e-08	1.19358320451863e-08	1.19358320451863e-08	1.19358320451863e-08	1.19358320451863e-08	1.19358320451863e-08	1.19358320451863e-08	1.19358320451863e-08	1.19358320451863e-08	7.95722136345753e-09	5.30481424230504e-09	3.53654282820336e-09	2.35769521880224e-09	1.57179681253483e-09	1.04786454168989e-09	6.98576361126595e-10	4.65717574084397e-10	3.10478382722931e-10	2.06985588481954e-10	1.37990392321303e-10	9.19935948808684e-11	6.13290632539123e-11
1.57179681253482e-09	1.57179681253482e-09	1.57179681253482e-09	1.57179681253482e-09	1.57179681253482e-09	1.57179681253482e-09	1.57179681253482e-09	1.57179681253483e-09	2.35769521880224e-09	3.53654282820338e-09	5.30481424230506e-09	7.95722136345758e-09	1.19358320451864e-08	1.79037480677795e-08	2.68556221016692e-08	4.02834331525038e-08	6.04251497287557e-08	6.04251497287557e-08	6.04251497287557e-08	6.04251497287557e-08	6.04251497287557e-08	6.04251497287557e-08	6.04251497287557e-08	6.04251497287557e-08	6.04251497287557e-08	6.04251497287557e-08	6.04251497287557e-08	6.04251497287557e-08	6.04251497287557e-08	6.04251497287557e-08	4.02834331525038e-08	2.68556221016692e-08	1.79037480677795e-08	1.79037480677795e-08	1.19358320451863e-08	7.95722136345756e-09	7.95722136345754e-09	7.95722136345754e-09	7.95722136345754e-09	7.95722136345754e-09	7.95722136345754e-09	7.95722136345754e-09	7.95722136345754e-09	7.95722136345754e-09	7.95722136345754e-09	7.95722136345754e-09	7.95722136345754e-09	5.30481424230502e-09	3.53654282820335e-09	2.35769521880224e-09	1.57179681253483e-09	1.04786454168989e-09	6.98576361126592e-10	4.65717574084395e-10	3.10478382722931e-10	2.06985588481954e-10	1.37990392321303e-10	9.19935948808687e-11	6.13290632539125e-11	4.08860421692749e-11
1.04786454168988e-09	1.04786454168988e-09	1.04786454168988e-09	1.04786454168988e-09	1.04786454168988e-09	1.04786454168988e-09	1.04786454168988e-09	1.04786454168989e-09	1.57179681253484e-09	2.35769521880225e-09	3.53654282820338e-09	5.30481424230506e-09	7.95722136345758e-09	1.19358320451863e-08	1.79037480677795e-08	2.68556221016692e-08	4.02834331525038e-08	4.02834331525038e-08	4.02834331525038e-08	4.02834331525038e-08	4.02834331525038e-08	4.02834331525038e-08	4.02834331525038e-08	4.02834331525038e-08	4.02834331525038e-08	4.02834331525038e-08	4.02834331525038e-08	4.02834331525038e-08	4.02834331525038e-08	4.02834331525038e-08	2.68556221016692e-08	1.79037480677795e-08	1.19358320451863e-08	1.19358320451863e-08	7.95722136345753e-09	5.30481424230504e-09	5.30481424230502e-09	5.30481424230502e-09	5.30481424230502e-09	5.30481424230502e-09	5.30481424230502e-09	5.30481424230502e-09	5.30481424230502e-09	5.30481424230502e-09	5.30481424230502e-09	5.30481424230502e-09	5.30481424230502e-09	3.53654282820335e-09	2.35769521880224e-09	1.57179681253482e-09	1.04786454168989e-09	6.98576361126592e-10	4.65717574084395e-10	3.1047838272293e-10	2.06985588481954e-10	1.37990392321303e-10	9.19935948808687e-11	6.13290632539125e-11	4.0886042169275e-11	2.72573614461834e-11
6.98576361126588e-10	6.98576361126588e-10	6.98576361126588e-10	6.98576361126588e-10	6.98576361126588e-10	6.98576361126588e-10	6.98576361126588e-10	6.98576361126595e-10	1.04786454168989e-09	1.57179681253484e-09	2.35769521880225e-09	3.53654282820338e-09	5.30481424230504e-09	7.95722136345756e-09	1.19358320451863e-08	1.79037480677795e-08	2.68556221016692e-08	2.68556221016692e-08	2.68556221016692e-08	2.68556221016692e-08	2.68556221016692e-08	2.68556221016692e-08	2.68556221016692e-08	2.68556221016692e-08	2.68556221016692e-08	2.68556221016692e-08	2.68556221016692e-08	2.68556221016692e-08	2.68556221016692e-08	2.68556221016692e-08	1.79037480677795e-08	1.19358320451863e-08	7.95722136345756e-09	7.95722136345754e-09	5.30481424230502e-09	3.53654282820335e-09	3.53654282820335e-09	3.53654282820335e-09	3.53654282820335e-09	3.53654282820335e-09	3.53654282820335e-09	3.53654282820335e-09	3.53654282820335e-09	3.53654282820335e-09	3.53654282820335e-09	3.53654282820335e-09	3.53654282820335e-09	2.35769521880224e-09	1.57179681253482e-09	1.04786454168988e-09	6.9857636112659e-10	4.65717574084395e-10	3.1047838272293e-10	2.06985588481954e-10	1.37990392321302e-10	9.19935948808684e-11	6.13290632539125e-11	4.0886042169275e-11	2.72573614461834e-11	1.81715742974556e-11
