1.359565868897e-07	2.03934880334551e-07	2.03934880334551e-07	2.03934880334551e-07	2.03934880334551e-07	2.03934880334551e-07	2.03934880334551e-07	2.03934880334551e-07	2.03934880334551e-07	2.03934880334551e-07	2.03934880334551e-07	3.05902320501826e-07	5.11394522668196e-08	6.7497926938946e-07	4.63714574102581e-06	1.65820036028745e-05	3.08637870184352e-05	2.99011140980787e-05	1.50782686052916e-05	3.95768777691797e-06	5.40701447511485e-07	3.84502779377818e-08	3.05902320501826e-07	2.03934880334551e-07	1.359565868897e-07	9.06377245931335e-08	9.06377245931335e-08	6.04251497287556e-08	4.02834331525039e-08	4.02834331525038e-08	4.02834331525038e-08	4.02834331525038e-08	4.02834331525038e-08	4.02834331525038e-08	4.02834331525038e-08	4.02834331525038e-08	4.02834331525038e-08	2.68556221016692e-08	1.79037480677795e-08	1.79037480677795e-08	1.19358320451863e-08	7.95722136345756e-09	5.30481424230504e-09	3.53654282820336e-09	2.35769521880224e-09	1.57179681253484e-09	1.04786454168989e-09	1.04786454168988e-09	1.04786454168988e-09	1.04786454168988e-09	1.04786454168988e-09	1.57179681253482e-09	1.57179681253482e-09	1.57179681253482e-09	1.57179681253482e-09	1.57179681253482e-09	1.57179681253482e-09	1.57179681253482e-09	1.57179681253482e-09	1.57179681253482e-09
2.03934880334551e-07	3.05902320501826e-07	3.05902320501826e-07	3.05902320501826e-07	3.05902320501826e-07	3.05902320501826e-07	3.05902320501826e-07	3.05902320501826e-07	3.05902320501826e-07	3.05902320501826e-07	3.05902320501826e-07	3.05902320501826e-07	2.39278356066463e-07	3.15818654286296e-06	2.16969200992629e-05	7.7586176357198e-05	0.000144409763742194	0.00013990547627719	7.05502926659938e-05	1.85177780189033e-05	2.52990886191498e-06	1.79906488775993e-07	3.05902320501826e-07	2.03934880334551e-07	1.359565868897e-07	1.359565868897e-07	1.359565868897e-07	9.06377245931337e-08	6.04251497287558e-08	6.04251497287557e-08	6.04251497287557e-08	6.04251497287557e-08	6.04251497287557e-08	6.04251497287557e-08	6.04251497287557e-08	6.04251497287557e-08	6.04251497287557e-08	4.02834331525038e-08	2.68556221016692e-08	2.68556221016692e-08	1.79037480677795e-08	1.19358320451863e-08	7.95722136345756e-09	5.30481424230504e-09	3.53654282820338e-09	2.35769521880225e-09	1.57179681253484e-09	1.57179681253482e-09	1.57179681253482e-09	1.57179681253482e-09	1.57179681253482e-09	2.35769521880223e-09	2.35769521880223e-09	2.35769521880223e-09	2.35769521880223e-09	2.35769521880223e-09	2.35769521880223e-09	2.35769521880223e-09	2.35769521880223e-09	2.35769521880223e-09
3.05902320501826e-07	5.15013807579468e-09	6.63338435940828e-08	4.44710517557582e-07	1.55183516095454e-06	2.81864073004351e-06	2.70714856460737e-06	1.79026923509614e-06	3.17307708794758e-06	8.94504493037651e-06	1.53127576818811e-05	1.56333366395962e-05	1.15735539331012e-05	1.66607167978743e-05	8.03675177379249e-05	0.000281792143655316	0.000523958112053254	0.000507587035044691	0.000255960848427258	6.71836500402043e-05	9.1786666542282e-06	6.52711927400246e-07	3.05902320501826e-07	3.05902320501826e-07	2.03934880334551e-07	2.03934880334551e-07	2.03934880334551e-07	1.359565868897e-07	9.06377245931337e-08	9.06377245931335e-08	9.06377245931335e-08	9.06377245931335e-08	9.06377245931335e-08	9.06377245931335e-08	9.06377245931335e-08	9.06377245931335e-08	9.06377245931335e-08	6.04251497287556e-08	4.02834331525039e-08	4.02834331525038e-08	2.68556221016692e-08	1.79037480677795e-08	1.19358320451863e-08	7.95722136345758e-09	5.30481424230506e-09	3.53654282820338e-09	2.35769521880225e-09	2.35769521880223e-09	2.35769521880223e-09	2.35769521880223e-09	2.35769521880224e-09	3.53654282820335e-09	3.53654282820335e-09	3.53654282820335e-09	3.53654282820335e-09	3.53654282820335e-09	3.53654282820335e-09	3.53654282820335e-09	3.53654282820335e-09	3.53654282820335e-09
3.05902320501826e-07	3.3616570302279e-08	4.32981850929653e-07	2.90276535456393e-06	1.0129315955811e-05	1.8398154158955e-05	1.76192678991157e-05	1.11354783543018e-05	1.75899398129912e-05	4.94244386017117e-05	8.74550832689301e-05	9.56309622379777e-05	7.73841225923871e-05	8.04768150426875e-05	0.000251945173667252	0.000817566167324624	0.00150121433904406	0.0014557340873121	0.0007420504272431	0.000201026848633439	3.02299050951132e-05	2.87440888967241e-06	1.45511129702553e-07	1.09981860849834e-08	3.05902320501826e-07	3.05902320501826e-07	3.05902320501826e-07	2.03934880334551e-07	1.359565868897e-07	1.359565868897e-07	1.359565868897e-07	1.359565868897e-07	1.359565868897e-07	1.359565868897e-07	1.359565868897e-07	1.359565868897e-07	1.359565868897e-07	9.06377245931337e-08	6.04251497287558e-08	6.04251497287557e-08	4.02834331525038e-08	2.68556221016692e-08	1.79037480677795e-08	1.19358320451864e-08	7.95722136345758e-09	5.30481424230506e-09	3.53654282820338e-09	3.53654282820335e-09	3.53654282820335e-09	3.53654282820335e-09	3.53654282820335e-09	5.30481424230502e-09	5.30481424230502e-09	5.30481424230502e-09	5.30481424230502e-09	5.30481424230502e-09	5.30481424230502e-09	5.30481424230502e-09	5.30481424230502e-09	5.30481424230502e-09
3.05902320501826e-07	1.70143479622651e-07	2.19145017079963e-06	1.46917604476773e-05	5.12674864634266e-05	9.31185406212109e-05	8.89793622683673e-05	5.42397122043534e-05	7.70950288095917e-05	0.000216436751028881	0.000397532040133256	0.000462323503573728	0.000393558379408696	0.000332556046389513	0.000653748123763906	0.00187495117580837	0.00337773609197921	0.00328886408732732	0.00172060526025659	0.000507750974631646	0.000101328934529124	2.09600784959643e-05	5.91434272365461e-06	1.78682071253217e-06	3.55312682399436e-07	3.99832535192373e-08	2.43754409702e-09	3.05902320501826e-07	2.03934880334551e-07	2.03934880334551e-07	2.03934880334551e-07	2.03934880334551e-07	2.03934880334551e-07	2.03934880334551e-07	2.03934880334551e-07	2.03934880334551e-07	2.03934880334551e-07	1.359565868897e-07	9.06377245931337e-08	9.06377245931335e-08	6.04251497287556e-08	4.02834331525039e-08	2.68556221016693e-08	1.79037480677795e-08	1.19358320451864e-08	7.95722136345758e-09	5.30481424230504e-09	5.30481424230502e-09	5.30481424230502e-09	5.30481424230502e-09	5.30481424230502e-09	7.95722136345754e-09	7.95722136345754e-09	7.95722136345754e-09	7.95722136345754e-09	7.95722136345754e-09	7.95722136345754e-09	7.95722136345754e-09	7.95722136345754e-09	7.95722136345754e-09
3.05902320501826e-07	6.67735698462392e-07	8.60044424676038e-06	5.76584712263396e-05	0.00020120154447288	0.000365457579375349	0.000348670749933314	0.000206572767522653	0.000265210706155249	0.000740070879429618	0.00140815226231291	0.00173540394859529	0.00156639330871899	0.00123722511317047	0.00158624887629402	0.00360589923577388	0.00619894301063621	0.00608919537429073	0.00337746164387893	0.0011802901148296	0.000355596357058947	0.000142107984370925	7.00640520948854e-05	2.65926427230493e-05	5.85566064215961e-06	6.94065568734608e-07	4.3560014393139e-08	3.05902320501826e-07	3.05902320501826e-07	3.05902320501826e-07	3.05902320501826e-07	3.05902320501826e-07	3.05902320501826e-07	3.05902320501826e-07	3.05902320501826e-07	3.05902320501826e-07	3.05902320501826e-07	2.03934880334551e-07	1.359565868897e-07	1.359565868897e-07	9.06377245931337e-08	6.04251497287558e-08	4.02834331525039e-08	2.68556221016693e-08	1.79037480677795e-08	1.19358320451863e-08	7.95722136345756e-09	7.95722136345754e-09	7.95722136345754e-09	7.95722136345754e-09	7.95722136345753e-09	1.19358320451863e-08	1.19358320451863e-08	1.19358320451863e-08	1.19358320451863e-08	1.19358320451863e-08	1.19358320451863e-08	1.19358320451863e-08	1.19358320451863e-08	1.19358320451863e-08
8.59188020692415e-09	2.13733260582765e-06	2.68480142379624e-05	0.000177885597913555	0.00061739727677605	0.00111915508489627	0.00106778799402112	0.00062546192079	0.000741121912652779	0.00204294678514794	0.00403354481046956	0.00527168298506377	0.00503655571470886	0.00396299626695402	0.00383330804298771	0.00637104705180409	0.00998911002692111	0.0100158440220655	0.00626267498334148	0.00285461087104499	0.0012522226043951	0.000659135201354045	0.00036072262970747	0.000140149996935568	3.10744247689826e-05	3.68986713575104e-06	2.31682594133869e-07	3.51631637918252e-08	3.77014672773918e-07	2.10404251005434e-06	6.11190670246704e-06	9.24112555568528e-06	7.27275527830632e-06	2.97919565645364e-06	6.35221262526857e-07	7.04980291153153e-08	4.07244167858134e-09	3.05902320501826e-07	2.03934880334551e-07	2.03934880334551e-07	1.359565868897e-07	9.06377245931337e-08	6.04251497287558e-08	4.02834331525039e-08	2.68556221016692e-08	1.79037480677795e-08	1.19358320451863e-08	1.19358320451863e-08	1.19358320451863e-08	1.19358320451863e-08	1.19358320451863e-08	1.79037480677795e-08	1.79037480677795e-08	1.79037480677795e-08	1.79037480677795e-08	1.79037480677795e-08	1.79037480677795e-08	1.79037480677795e-08	1.79037480677795e-08	1.79037480677795e-08
5.6039766802361e-08	5.48021878154174e-06	6.61700822888453e-05	0.000430046072505221	0.00148010327162122	0.00267806607886295	0.00256693575938294	0.00151778504481956	0.00171450221474693	0.0046414828944598	0.00949056257481116	0.013097710358586	0.0131570442408477	0.0106207235552111	0.00912054921196221	0.01157442876283	0.0159949860882693	0.0165426886415474	0.0121415972610658	0.00715248658831042	0.00402383092321356	0.00249436079708426	0.00146644580849961	0.000584110144152801	0.000132503450929304	1.65468870476124e-05	1.18004209778554e-06	2.1792661152015e-07	2.11804884929292e-06	1.18204015363518e-05	3.433637439864e-05	5.19161633826595e-05	4.0857961402587e-05	1.67369664568838e-05	3.56864005913163e-06	3.96054265863157e-07	2.28787658253933e-08	3.05902320501826e-07	3.05902320501826e-07	3.05902320501826e-07	2.03934880334551e-07	1.359565868897e-07	9.06377245931337e-08	6.04251497287556e-08	4.02834331525038e-08	2.68556221016692e-08	1.79037480677795e-08	1.79037480677795e-08	1.79037480677795e-08	1.79037480677795e-08	1.79037480677795e-08	2.68556221016692e-08	2.68556221016692e-08	2.68556221016692e-08	2.68556221016692e-08	2.68556221016692e-08	2.68556221016692e-08	2.68556221016692e-08	2.68556221016692e-08	2.68556221016692e-08
2.83420854342373e-07	1.22316595262685e-05	0.000135224398332323	0.000838026922416477	0.00282090524926504	0.00507333943519806	0.00491845769732579	0.00305371956590506	0.00347070683756859	0.00900488229964707	0.0187651251497273	0.0270614420892926	0.0284277090349377	0.0239859135122255	0.0204649600788528	0.0226908654494266	0.0282271777907005	0.0298506306923048	0.0248214068128519	0.017191500743355	0.0111661835143213	0.00769605226958495	0.0047632079094392	0.00195131597832887	0.000469758792626602	7.55895864595643e-05	1.44172816324139e-05	5.45869190102936e-06	1.07808104874987e-05	5.18402548436301e-05	0.000149690157078592	0.000226899144916231	0.000181976302327019	8.41122092022526e-05	3.19105822990732e-05	1.41680908683235e-05	5.0239999712476e-06	1.01438508240386e-06	1.08763698643914e-07	6.07003269816972e-09	3.05902320501826e-07	2.03934880334551e-07	1.359565868897e-07	9.06377245931335e-08	6.04251497287557e-08	4.02834331525038e-08	2.68556221016692e-08	2.68556221016692e-08	2.68556221016692e-08	2.68556221016692e-08	2.68556221016692e-08	4.02834331525038e-08	4.02834331525038e-08	4.02834331525038e-08	4.02834331525038e-08	4.02834331525038e-08	4.02834331525038e-08	4.02834331525038e-08	4.02834331525038e-08	4.02834331525038e-08
1.41862872965779e-06	2.75047011468913e-05	0.00025108617950156	0.00139375474680955	0.00444522461680559	0.00787580376282721	0.00784709741704611	0.00545045107448531	0.00655712161996033	0.0155860610369917	0.0319803634938784	0.0473112930020354	0.0517832621273833	0.0464691762741193	0.0419690854105459	0.0455240023860227	0.0537562622207223	0.0568632950832405	0.0498994978905678	0.0373050948079062	0.0263088364960076	0.0193844782915492	0.0124050060303893	0.00524012261002533	0.00137058903383728	0.000285949102678312	8.21294420289844e-05	3.41861438241973e-05	4.16912595127229e-05	0.000176249545108537	0.000505890026240774	0.000767766819435428	0.000621903118857209	0.000304391351483405	0.000137408512392733	7.03788459632791e-05	2.5883273427005e-05	5.2624597014536e-06	5.64247829570075e-07	3.14903117314437e-08	3.05902320501826e-07	2.03934880334551e-07	1.359565868897e-07	9.06377245931335e-08	6.04251497287557e-08	4.02834331525038e-08	4.02834331525038e-08	4.02834331525038e-08	4.02834331525038e-08	4.02834331525038e-08	4.02834331525038e-08	6.04251497287557e-08	6.04251497287557e-08	6.04251497287557e-08	6.04251497287557e-08	6.04251497287557e-08	6.04251497287557e-08	6.04251497287557e-08	6.04251497287557e-08	6.04251497287557e-08
5.24110511159726e-06	6.40205590981592e-05	0.000463640071878552	0.00216524708538934	0.00624683631702543	0.0107506201715371	0.0113193228005485	0.00938312301045997	0.012029668269996	0.0249515238483859	0.0481101839393692	0.0713217576717775	0.0814391448087494	0.0793989325142971	0.0784465986805655	0.087530952665418	0.101525016679861	0.106149366849369	0.0940235735272623	0.0723984033818722	0.0533446871853541	0.0405896046106832	0.0264824805495066	0.0116885871102209	0.00349137617694811	0.00099846515424811	0.000401738618908505	0.000189090113195838	0.000146598257945981	0.000470257431807203	0.00132663586901119	0.00201636237717714	0.00165792184413609	0.000878817489406029	0.000479049524249779	0.000274930995433183	0.000103647120342142	2.11690851450824e-05	2.26977706713792e-06	1.26674811420215e-07	3.05902320501826e-07	2.03934880334551e-07	1.359565868897e-07	9.06377245931335e-08	6.04251497287557e-08	6.04251497287557e-08	6.04251497287557e-08	6.04251497287557e-08	6.04251497287557e-08	6.04251497287557e-08	6.04251497287556e-08	9.06377245931335e-08	9.06377245931335e-08	9.06377245931335e-08	9.06377245931335e-08	9.06377245931335e-08	9.06377245931335e-08	9.06377245931335e-08	9.06377245931335e-08	9.06377245931335e-08
1.67149998086795e-05	0.000151840245474401	0.000882494765311837	0.00339677688141504	0.00858069152588559	0.0141832392438134	0.0161597984773178	0.0160106260768928	0.0209807565171483	0.0373437534440703	0.0651578797565305	0.0946741691804446	0.113553845433793	0.122899730472354	0.134313374432544	0.155633394741209	0.179779040934172	0.186340845470599	0.164659688459576	0.128286955741476	0.0963615097010527	0.0734822631319329	0.0484240775633949	0.0228979929351415	0.00825099202006441	0.00318552706505216	0.00157407642089156	0.000789021509975717	0.000452729061668772	0.000992582471827086	0.00270140561560786	0.00411235014979754	0.00345774723479683	0.00203922359830704	0.00134456936833637	0.000840948743352008	0.000322334644474051	6.60302244520955e-05	7.07984724763375e-06	3.95121762380306e-07	3.05902320501826e-07	2.03934880334551e-07	1.359565868897e-07	9.06377245931335e-08	6.04251497287556e-08	9.06377245931335e-08	9.06377245931335e-08	9.06377245931335e-08	9.06377245931335e-08	9.06377245931335e-08	9.06377245931337e-08	1.359565868897e-07	1.359565868897e-07	1.359565868897e-07	1.359565868897e-07	1.359565868897e-07	1.359565868897e-07	1.359565868897e-07	1.359565868897e-07	1.359565868897e-07
4.64350452042511e-05	0.000342695293086056	0.00164170127939012	0.00531665876212546	0.0118594987339545	0.0188965015049391	0.023157522138227	0.0256906571807445	0.0330417172383966	0.0515167517321289	0.080489249128948	0.113144383403493	0.143994348803261	0.175276833000641	0.2106370588871	0.252077480901536	0.29184623699009	0.302923017672168	0.269075335906615	0.212837582808644	0.161834022999211	0.121684728333812	0.0807937125719172	0.0419370017520162	0.0185377869868808	0.00904428864108348	0.00513386885335372	0.00271621488732989	0.0012917152071114	0.00170708295111991	0.00428020728322779	0.00651885253863688	0.00566450671733729	0.00382668307152003	0.00301630606702029	0.00200777906191774	0.000778094690701409	0.000159702176379774	1.71234767603093e-05	9.55650323935014e-07	3.05902320501826e-07	2.03934880334551e-07	1.359565868897e-07	9.06377245931335e-08	9.06377245931337e-08	1.359565868897e-07	1.359565868897e-07	1.359565868897e-07	1.359565868897e-07	1.359565868897e-07	1.359565868897e-07	2.03934880334551e-07	2.03934880334551e-07	2.03934880334551e-07	2.03934880334551e-07	2.03934880334551e-07	2.03934880334551e-07	2.03934880334551e-07	2.03934880334551e-07	2.03934880334551e-07
0.000110678436964579	0.000701833088648489	0.00281982795919225	0.00777115976420044	0.0155673808367861	0.0241147867477648	0.0309468975273704	0.0361123159885692	0.0451131473321287	0.064083170156928	0.0912299898420556	0.124352294575762	0.169547588651374	0.231589212414806	0.30117261470448	0.369951926504365	0.431360538116333	0.452752540300819	0.410363529310287	0.335106132272687	0.260630920353167	0.194045391187668	0.130333314014444	0.0745652837986514	0.0392209858856231	0.0225364610360801	0.0140798650520076	0.00777962296605827	0.00337919224095854	0.00255805679764256	0.00531848854371957	0.00804938036948663	0.00733022653271701	0.00582714930976264	0.00536903262890588	0.00373346300351822	0.00145739876801383	0.000299506514434908	3.21134812044859e-05	1.79223291772632e-06	3.05902320501826e-07	2.03934880334551e-07	1.359565868897e-07	9.06377245931337e-08	1.359565868897e-07	2.03934880334551e-07	2.03934880334551e-07	2.03934880334551e-07	2.03934880334551e-07	2.03934880334551e-07	2.03934880334551e-07	3.05902320501826e-07	3.05902320501826e-07	3.05902320501826e-07	3.05902320501826e-07	3.05902320501826e-07	3.05902320501826e-07	3.05902320501826e-07	3.05902320501826e-07	3.05902320501826e-07
0.000219911277940198	0.00125801404668245	0.00434869741396081	0.010185410299683	0.0182530089685822	0.0274023968314863	0.0358871065761358	0.0427227537009713	0.0525379734944794	0.0709250752597262	0.0950172821274728	0.127831904563088	0.187908676365059	0.283098052135068	0.390981379636601	0.492178098417157	0.580948909274185	0.620640222537512	0.582173377792618	0.499540077647856	0.403338061978884	0.302044171925862	0.206273248211582	0.127738046961233	0.0763286393954323	0.0491204260331709	0.032799513936776	0.0187209128995226	0.00790961474763434	0.0037410622715775	0.00532510551502064	0.00779591835269293	0.00755668862038329	0.00720049489406474	0.00753606143179428	0.00539906905058514	0.00211760542270218	0.000435541044782904	4.66992819231574e-05	2.60625715922611e-06	3.05902320501826e-07	2.03934880334551e-07	1.359565868897e-07	1.359565868897e-07	2.03934880334551e-07	3.05902320501826e-07	3.05902320501826e-07	3.05902320501826e-07	3.05902320501826e-07	3.05902320501826e-07	3.05902320501826e-07	7.83928678618672e-09	1.0549973469823e-07	7.39013089933034e-07	2.69450406483937e-06	5.11365593499576e-06	5.05138084551909e-06	2.59725547836268e-06	6.95096621280674e-07	9.6828149623679e-08
0.000354327990269062	0.00190349288270053	0.00588852904632764	0.011865605111663	0.0187871683285729	0.0269145623265525	0.0351287913986783	0.042171236169895	0.0523482418642563	0.0698129880899725	0.0910399448929154	0.124299269356287	0.197465118505768	0.319720218538026	0.460905289267798	0.596034037133575	0.716261427949869	0.781873073355323	0.765808449185768	0.696568758630194	0.587893748746183	0.448498443334753	0.312678750692773	0.205860625230335	0.135355046269844	0.0942800865468989	0.0654906821485765	0.0381074789293043	0.0161756976823305	0.00587139550949441	0.00471699027705836	0.0060942308313459	0.0063084040701405	0.00720387715437197	0.00830231021295156	0.00606638456360747	0.00238655445837853	0.000491110570048894	5.2657519287505e-05	2.93878258890512e-06	3.05902320501826e-07	2.03934880334551e-07	1.359565868897e-07	2.03934880334551e-07	3.05902320501826e-07	6.69802096809312e-09	9.06074735750512e-08	6.37980622419483e-07	2.33817441200803e-06	4.460384187964e-06	4.42887660411229e-06	2.33622251580856e-06	1.25162710163447e-06	4.54036882268067e-06	1.62464826072304e-05	3.08208062918338e-05	3.04454645609927e-05	1.56540660941215e-05	4.18945634804771e-06	5.83598443282943e-07
0.000453986704365154	0.00235478467364732	0.00678932383734714	0.0121858409941718	0.0171274150827667	0.0230457433796373	0.0292116254089577	0.035096962989486	0.0452188239653922	0.0615290995373061	0.0805177883997181	0.115366118356809	0.198021686270091	0.335208232872246	0.49681817129906	0.661564376467522	0.813174030225305	0.909572695049837	0.933062921390406	0.898303387443341	0.791378437474979	0.619727533793278	0.444261406417443	0.309564898724555	0.219867289923941	0.160898955042717	0.113176506144901	0.0661661235113484	0.0285622474585232	0.00968882110921704	0.00471760882006245	0.00442017371079957	0.00453990865891631	0.00588192883790864	0.00717868273461597	0.00529844019603941	0.0020868533809496	0.000429457664494701	4.60402810003344e-05	2.56947873775337e-06	3.05902320501826e-07	2.03934880334551e-07	1.359565868897e-07	2.03934880334551e-07	3.05902320501826e-07	4.10894160778831e-08	5.55837044886259e-07	3.91373084215411e-06	1.43436728154957e-05	2.73624974659703e-05	2.71692122808897e-05	1.42626644932757e-05	6.7491310564001e-06	2.13452738881793e-05	7.59367022986153e-05	0.000144040249632961	0.000142286099657257	7.31588773706276e-05	1.95793170524249e-05	2.72743239290776e-06
0.000457141105546754	0.00232799395923856	0.00645255298454343	0.0107693833871384	0.0138549505991764	0.0174970874182543	0.0210463470672224	0.0250721649047964	0.0342795349494504	0.0487656168625783	0.0662043691683922	0.103631471865025	0.191719352069561	0.331032869517551	0.49712257253611	0.679807389690882	0.855853669285543	0.983527569469888	1.05530363720164	1.06712460514158	0.977785990790895	0.792072251307189	0.591348230866192	0.437705855701488	0.330075880532433	0.24657827815758	0.171523634840322	0.0994105284808969	0.0437421436494639	0.0155205907407178	0.00666164928502924	0.00444990838877336	0.00358642753824213	0.00418173054414661	0.00495062327805397	0.00361614270366488	0.0014185571999161	0.000291438243516213	3.12135318925206e-05	1.74200732022978e-06	3.05902320501826e-07	2.03934880334551e-07	1.359565868897e-07	2.03934880334551e-07	3.05902320501826e-07	1.95452312686695e-07	2.64398101189942e-06	1.86166613534333e-05	6.82293469173669e-05	0.000130156714820934	0.000129237304421904	6.75938418948796e-05	2.87372476447666e-05	7.79507812561335e-05	0.000275225013359915	0.000521976693564651	0.000515619960591278	0.00026511498704098	7.09520235026035e-05	9.88373837173173e-06
0.000359426638556113	0.00181380847171261	0.00492875003698333	0.00792788488437577	0.00973481200036096	0.0117533707057957	0.0132966661099379	0.0155707267468988	0.0228582849106816	0.0347834410727048	0.0515766756301923	0.0921774916333748	0.18197440058453	0.31398749145948	0.470746625875985	0.654971032610156	0.842821874856052	0.997624098789341	1.11512214516648	1.17288858861894	1.11527808438317	0.943591745049748	0.744286418919917	0.585944020197091	0.459787010103373	0.342690785605198	0.232184293748531	0.132224727341436	0.0593025319962132	0.0231762344463175	0.0114859679543954	0.00738737495846486	0.00460236144397923	0.00340959399306626	0.00303230577091551	0.00200521136448482	0.000760983740313883	0.000154341350251205	1.64087401532607e-05	9.1576132945012e-07	3.05902320501826e-07	2.03934880334551e-07	2.03934880334551e-07	2.03934880334551e-07	3.05902320501826e-07	7.20906655295439e-07	9.75206423373679e-06	6.86657266142702e-05	0.000251657243667597	0.000480070256810979	0.000476679101871456	0.000248641454920738	9.68525460722888e-05	0.000222937830131517	0.00077820360294364	0.00147345662933927	0.00145390678615631	0.000746924944048647	0.000199770297628227	2.78148925164294e-05
0.000219907673166148	0.00110513085581249	0.0029774307805313	0.00472721418888318	0.00574295223337304	0.00680593219962671	0.00730410617451169	0.00839726605995997	0.0133713574385287	0.0227452490986243	0.0399001457741527	0.0831424129475565	0.170533058313053	0.289159976656193	0.427560431610379	0.59916479674518	0.787043094053142	0.961990036482652	1.11313040918009	1.20546760549564	1.1874604562213	1.05774424182244	0.889502102271781	0.740429724588759	0.593607514232304	0.436368847253381	0.287202653107421	0.160790685030365	0.073924611135629	0.0326021289806289	0.0195551574849194	0.0136639957300114	0.00824183031322658	0.00452889064623831	0.00242924026901576	0.00111920211968231	0.000355743287020564	6.64440541116632e-05	6.68859561100987e-06	3.73286257913924e-07	3.05902320501826e-07	3.05902320501826e-07	3.05902320501826e-07	3.05902320501826e-07	3.05902320501826e-07	2.06179097102923e-06	2.78908757996908e-05	0.000196383781606849	0.00071973899668788	0.00137299956059765	0.00136330086717554	0.000709675952218265	0.000257342926134801	0.000498303475548061	0.00171329455769534	0.00323526755844789	0.00318644618832044	0.00163469062377465	0.000436741314933709	6.07598865896715e-05
0.000104514934586094	0.000524405064318037	0.00140947511207771	0.00224055067424696	0.00275793997910056	0.00327926432703119	0.00339907899287216	0.00389442182832603	0.00701530261377955	0.014697531776313	0.032680337120409	0.0761336087493472	0.155616470522183	0.256036899933714	0.371906571518498	0.524848464823444	0.708035284269714	0.896122627202508	1.06424748494125	1.17449032638038	1.19468430843369	1.12358532146801	1.00769835993163	0.877195931484595	0.70967138949255	0.514220749296692	0.331642578305025	0.184739333191491	0.0885864403681123	0.0444513614352563	0.0305823142067113	0.0226605267631904	0.014333454827823	0.00775078698377704	0.00334593634499348	0.0010363716873626	0.000218545140545973	2.95427674730717e-05	2.37319946040278e-06	1.94572835758035e-06	6.71059386195209e-06	1.28242741150667e-05	1.27564719391542e-05	6.60471850126433e-06	1.77993439460878e-06	4.82200806783433e-06	6.18704263576419e-05	0.000435510464198532	0.00159612907942084	0.00304483227223591	0.00302332396620462	0.00157165151820122	0.000540227203951193	0.000884274149380214	0.00297412430670337	0.00557900101901264	0.00546819518513757	0.0027948429942262	0.000744579721051437	0.000103362155482722
3.85511154131229e-05	0.000193391545858028	0.000520320890778666	0.000835053570702386	0.00105614439848795	0.00127758462019963	0.00130379726507592	0.00156770298325122	0.00363793165334388	0.0105154247702789	0.0285907874090528	0.0682072649618519	0.133684548843197	0.212111610015625	0.305441129646408	0.441542044400688	0.621497058199074	0.816714598279739	0.986578013231538	1.10017130125724	1.15110372603607	1.14044215421794	1.08317729489969	0.973982741932741	0.790317135402162	0.567634831578807	0.363615552350475	0.205339979332742	0.105374900315389	0.059829963758018	0.0439011115139793	0.0329375423539555	0.0217375107664134	0.0123535165640198	0.00529887141100322	0.00147751977007608	0.000247590660575998	2.33051458132863e-05	1.89473272040373e-06	9.73914408514405e-06	3.56512945126617e-05	6.81313729891481e-05	6.77711611521957e-05	3.50888117066444e-05	9.45623690254957e-06	9.1889106307607e-06	0.000106456151601568	0.00074889157966267	0.00274465879903197	0.00523580817824656	0.00519882309842928	0.00270068210614197	0.000898700532132495	0.00128266726791214	0.00417500900465468	0.00770766103155405	0.00746258616120975	0.00377801877155855	0.000999118612227746	0.000137912231919463
1.10260427941774e-05	5.53079983812478e-05	0.000149037197199447	0.000242003525670926	0.000315940492488096	0.000391125376343192	0.000401463899425528	0.000589695023840885	0.00215295946635988	0.00834999668102501	0.0246162256699418	0.0562920832566532	0.103740121678329	0.159501454647817	0.233454927353472	0.35681718716996	0.534316916728627	0.730324915059186	0.89293541860351	1.00403243649909	1.07904000037988	1.11987111249154	1.11321928235175	1.02308916239524	0.832427553434174	0.597681041235185	0.384733398372643	0.223752684170756	0.12540869045906	0.0793114568754941	0.058936623509662	0.0431489965188726	0.0288176899739046	0.0168382360612151	0.00732403434298712	0.00202611342261585	0.000326091942437226	2.8061835352352e-05	5.76935390384909e-06	4.00065221833221e-05	0.000146864567184437	0.000280665393571586	0.00027918151041245	0.000144547434104597	3.89547184434836e-05	1.59478000251633e-05	0.00014221430742322	0.000998542784635063	0.00365962085098221	0.00698122214229772	0.00693190768130815	0.00360165483085388	0.00119396888355238	0.00160900500859489	0.00500125025024449	0.00892099623698417	0.00839873991245588	0.00415697150092568	0.00107974247357293	0.000146945070970218
2.44754232933844e-06	1.229366650715e-05	3.3292740816214e-05	5.51026386410746e-05	7.47954608885757e-05	9.46566464597049e-05	0.000101259284222287	0.000245350600055041	0.00143791978949185	0.00641799146050765	0.0188716744911697	0.0404794634789735	0.0702173561135914	0.106869692432858	0.165752004263328	0.277274735982866	0.447365061527469	0.637037987788894	0.791732583957583	0.904613722304133	1.00045450901095	1.0778696130528	1.10531741118695	1.03122520349471	0.846445148447232	0.61437237200885	0.400663065722803	0.241490821914556	0.148206825668973	0.102011418038908	0.0749507651554668	0.0525248539700072	0.0343479012890304	0.0197882876961758	0.00846634087568401	0.00230752571219713	0.000366123272813296	3.16674460845766e-05	1.81142477988002e-05	0.000127773339106474	0.000469122359395801	0.000896515845566088	0.000891775949605973	0.000461720853652869	0.000124431166592119	2.82931851304722e-05	0.000147896124757083	0.00103238523673767	0.00378365213463754	0.00721782860483873	0.00716684278603687	0.0037297355263076	0.00128705297730002	0.0018815951322067	0.00554931564888295	0.00934195575281795	0.00835090344471168	0.00395145788268508	0.000987998001353457	0.000130280689173428
4.21277366149828e-07	2.11920714115068e-06	5.77151045519582e-06	9.75979601476164e-06	1.38376494736166e-05	1.80780298807963e-05	2.35338084736803e-05	0.000122376322414989	0.000918080660956148	0.00423059744888499	0.0120772316743707	0.0244186325500687	0.0406807478013911	0.0642080601676278	0.11137476380425	0.208070224818726	0.361935971779521	0.539550601538755	0.691991300452588	0.815674457205479	0.929656974206041	1.02654594751369	1.07037492941585	1.01111446278257	0.845496872587021	0.627747672337744	0.417226161491951	0.260363067637984	0.17244642592179	0.125276466621781	0.0898475098353784	0.0600593840718201	0.0378906481253503	0.0208818921295729	0.00847771362838819	0.00221113634212878	0.000341905718221403	3.1470350535458e-05	4.50337158680327e-05	0.000316489510112911	0.00116193708538256	0.0022205187788064	0.00220877885469789	0.00114360480204936	0.000308195045802142	5.19208674342089e-05	0.000120700570139056	0.000827645332674794	0.0030332882709495	0.00578640796503308	0.00574553351869045	0.00300275919466711	0.00115608304306867	0.00213141074636704	0.00603520206294472	0.0095134829997889	0.00795480652886628	0.00352713339916103	0.00082962141669833	0.000103480996764678
3.05902320501826e-07	3.05902320501826e-07	3.05902320501826e-07	3.05902320501826e-07	3.05902320501826e-07	3.32548543113234e-09	3.15887485595022e-06	5.76820441236022e-05	0.000487572760043319	0.00225090280145307	0.00624610838288331	0.0121428935282225	0.0203969154412655	0.0362838980662511	0.0736313027490279	0.152196917215167	0.28322837755335	0.44660166803774	0.602866031970143	0.742948722678041	0.87087352660089	0.973980736744487	1.02256283921002	0.978056878414126	0.838650805991112	0.640499627301781	0.435316769322598	0.281020896365498	0.196685771479846	0.145341756766198	0.100026728463868	0.0641207817631466	0.039705603687269	0.02108643968184	0.00799897543740957	0.00194266885707312	0.000291155852047689	3.24449924434843e-05	8.72385483925022e-05	0.000607905012237974	0.00223154922315479	0.00426460005294914	0.00424205303310287	0.00219634129912386	0.000591901595785186	8.84295928101979e-05	7.91307302897393e-05	0.000514486676422762	0.00188557385578365	0.00359698736261204	0.0035715787035896	0.00188411344096257	0.000895006528960555	0.00224457452270593	0.00623116727198922	0.00936144387542064	0.00740746707835158	0.00309074589107339	0.000681359948570926	7.95009270405777e-05
2.03934880334551e-07	2.03934880334551e-07	2.03934880334551e-07	2.03934880334551e-07	2.03934880334551e-07	3.05902320501826e-07	1.38740046292055e-06	2.48629537804968e-05	0.000208669189526473	0.000950513634786597	0.00259198400729174	0.0050759746147157	0.00961237529318045	0.0213835777607238	0.0501922103611897	0.110348964653622	0.217898693243403	0.3676229865758	0.52835600780614	0.682561591977684	0.820746380536603	0.92742541740567	0.980205813361739	0.950364690508908	0.833897572978818	0.652144596623371	0.453256576733315	0.303148893259147	0.219592366343317	0.159131044729314	0.102814625915206	0.0638112799598681	0.0404594347367886	0.0216410466004131	0.0078967925315	0.00183891401091688	0.000302142823192529	5.19977491742357e-05	0.000133626625216784	0.000905652664815169	0.00332320938577848	0.00635081618433516	0.00631723930097672	0.0032707779617349	0.000881456218021389	0.00012624852504205	4.4247600105909e-05	0.000247988402955754	0.000908867946595134	0.00173378863318359	0.00172154137186279	0.000925973445256982	0.000612351859569331	0.00203724913238935	0.0056229534719662	0.00823954148973475	0.00631975974960724	0.00253949365137371	0.000535456847741631	5.93483771243864e-05
1.359565868897e-07	1.359565868897e-07	1.359565868897e-07	1.359565868897e-07	2.03934880334551e-07	3.05902320501826e-07	4.80847112354738e-07	8.4097359696573e-06	7.02423902069235e-05	0.000319645056235002	0.000907024820619585	0.00209392890827493	0.00538759769829176	0.0148321273187569	0.0363758264799147	0.0809092226066367	0.168914437443719	0.305852489329854	0.465327703846405	0.625288758743782	0.772786666827286	0.891468050030532	0.957955124195151	0.943712142978355	0.841555121723098	0.668687114485468	0.474748221419283	0.327965558693562	0.240445837498017	0.166473546588018	0.0994742154825153	0.0604074967764923	0.04062196388605	0.0226975121357251	0.00840048099218382	0.00212652299291038	0.000501870262736313	0.000130249449448452	0.000168555421256682	0.00104717874298999	0.00383739334399322	0.00733344695612168	0.00729467488558557	0.00377684946177445	0.00101783963373838	0.000143749021731928	2.35880667297278e-05	9.26863944868227e-05	0.000339692066364793	0.000648008597566133	0.0006434311476506	0.000359879527306153	0.000369479193369201	0.00150702291299846	0.00415779024331416	0.00602796880100001	0.00455950404039429	0.0018000165162985	0.000371182773845189	4.00198377959294e-05
9.06377245931335e-08	9.06377245931335e-08	9.06377245931335e-08	1.359565868897e-07	2.03934880334551e-07	3.05902320501826e-07	1.29222924881705e-07	2.21106524676985e-06	1.91779621841823e-05	9.69158152632683e-05	0.000381985909701929	0.00140906359527914	0.0046522532876565	0.0125143462009233	0.0279434414844136	0.0604846066921187	0.133319929519147	0.256684193985728	0.406449421438524	0.562518404026365	0.719637254114363	0.86201511395018	0.955106932797497	0.961038533883623	0.870211042318106	0.702887361584981	0.509709580907708	0.358291058323222	0.259303154833474	0.170415033998793	0.0950355851364283	0.0568288918387464	0.040112269367386	0.0232355167965298	0.00910284622604984	0.00294590432964936	0.00108001387118523	0.0003412971478795	0.000193364356802152	0.000941785410369228	0.00343591417657797	0.00656620056923869	0.00653148494462887	0.00338170457006313	0.000911350313493121	0.000128120309280008	1.31487993522212e-05	2.68613590649514e-05	9.84458465199793e-05	0.000187798777941181	0.000186472191375118	0.000112528235019701	0.00019108979311579	0.000882924984043038	0.00243799241973378	0.00351990829782077	0.00264762594388969	0.00103769581311539	0.000211988843600564	2.2582280628062e-05
6.04251497287557e-08	6.04251497287556e-08	9.06377245931335e-08	1.359565868897e-07	2.03934880334551e-07	3.05902320501826e-07	2.69277147785571e-08	4.52313993128187e-07	5.67119947091348e-06	4.94323918651346e-05	0.000361844484708073	0.00175537645250304	0.00547518363860016	0.0120400084605648	0.0223578856285098	0.0456949742631886	0.105278296477979	0.212185660429185	0.344724776485359	0.488944380042499	0.652842407540795	0.823168826911248	0.951282012671759	0.987174688166062	0.917214667649019	0.760386557442275	0.561991789997233	0.392658789889901	0.274704474043474	0.173770713710875	0.0941050820473993	0.0555990113218371	0.0389230787623682	0.022478298035906	0.00969074149136478	0.00443536176823732	0.00221645160581746	0.000757727232207047	0.000232250654645835	0.00066347900137557	0.002385479419139	0.00455876820982121	0.00453466591745494	0.00234784288515852	0.000632730418962017	8.88186833590285e-05	7.33759450322045e-06	6.03625187608904e-06	2.21226306648335e-05	4.22019125292063e-05	4.1903803612646e-05	2.90874189245133e-05	8.17420147236025e-05	0.000404595344227819	0.00111810200165273	0.00161175635216666	0.00120976045073508	0.000472824646838427	9.62401552417756e-05	1.02032748304315e-05
4.02834331525038e-08	6.04251497287557e-08	9.06377245931335e-08	1.359565868897e-07	2.03934880334551e-07	3.05902320501826e-07	4.35097720063887e-09	6.37591483600188e-08	3.65039174706037e-06	5.51532350806278e-05	0.000492237475603304	0.0023986880325548	0.00671493559843043	0.0122116206436853	0.0185849541859952	0.0345634424677986	0.0806175726052374	0.167480439792819	0.277896289659095	0.404187785620852	0.565478782416975	0.753654916039724	0.914280179517517	0.990891130225896	0.959204013434869	0.822704957913254	0.615414577565638	0.419126419361743	0.280504103668914	0.174519947293309	0.0962602903547081	0.056938233472863	0.0377009599657772	0.0209449746881371	0.0102536949639926	0.00646321406846075	0.00379764923752209	0.00133944907530952	0.000300493586490871	0.000374400989934815	0.00128421109569395	0.00245419041169607	0.00244121506131572	0.00126394965300305	0.000340627304555569	4.779202665051e-05	3.63802349872756e-06	1.05180226518154e-06	3.85481479611858e-06	7.35358101424555e-06	7.30163625777325e-06	6.42624266658078e-06	2.81049246483602e-05	0.000144145860926263	0.000398455312485812	0.000573837487887636	0.000430165377284358	0.000167844817736312	3.40883805728742e-05	3.60355165168818e-06
2.68556221016692e-08	4.02834331525038e-08	6.04251497287556e-08	9.06377245931337e-08	1.359565868897e-07	2.03934880334551e-07	3.05902320501826e-07	3.05902320501826e-07	3.90493890243365e-06	6.57998722425412e-05	0.000589849747171521	0.00280515619115822	0.00738100120076063	0.0120492687272179	0.0159856208708743	0.0263175211716635	0.0587878163278932	0.123983592827994	0.210558972425901	0.314269338076672	0.458342626899102	0.641445592937703	0.817768232165242	0.935438379331615	0.953073211846395	0.845962477139957	0.63575147614667	0.418847954555542	0.267767128015254	0.166009030511236	0.0957576109239699	0.0581567984964103	0.0368201761075439	0.019609797362128	0.0107216174577833	0.00823673649682633	0.00518693874392276	0.00185156819490957	0.000369027363360667	0.000180194444984172	0.000536073746961202	0.00102446323206952	0.0010190468758958	0.000527615926016836	0.000142189517037093	1.99454211345255e-05	1.45627968335724e-06	3.05902320501826e-07	3.05902320501826e-07	3.05902320501826e-07	3.05902320501826e-07	7.35234018891757e-07	7.50876192728412e-06	3.99150819078638e-05	0.000110441338994171	0.000159056803585073	0.00011923363559896	4.65233812202323e-05	9.44864873375886e-06	9.98835766866917e-07
1.79037480677795e-08	2.68556221016692e-08	4.02834331525039e-08	6.04251497287558e-08	9.06377245931337e-08	1.359565868897e-07	2.03934880334551e-07	3.05902320501826e-07	3.75479219106101e-06	6.32698366458767e-05	0.000560695740164423	0.00263426812439857	0.00676945874423605	0.0107032348291099	0.0136598373196807	0.0203068204127745	0.0412157854710633	0.0868521454044612	0.151111869608898	0.229810417498261	0.343111199390133	0.495458917666105	0.660059655383092	0.799980684878636	0.859615659206241	0.787062669442116	0.593436330089362	0.380139336671132	0.232943818613038	0.143608312101049	0.0866316646304198	0.0553020512397189	0.0351785494556553	0.0184265467702219	0.010487260680582	0.00863048950614452	0.00555455088347874	0.00199024510629598	0.000381666454918225	8.40601936136667e-05	0.000173516203793568	0.000331597978752833	0.000329844814067963	0.000170778578623614	4.60238639839657e-05	6.45592845750256e-06	4.71368209598472e-07	3.05902320501826e-07	2.03934880334551e-07	2.03934880334551e-07	3.05902320501826e-07	1.5802154537494e-07	1.61383468815884e-06	8.57882356471397e-06	2.37368111549609e-05	3.4185580725437e-05	2.56265119321064e-05	9.99912464274986e-06	2.03076848492965e-06	2.14676643627002e-07
1.79037480677795e-08	2.68556221016692e-08	4.02834331525038e-08	6.04251497287557e-08	9.06377245931335e-08	1.359565868897e-07	2.03934880334551e-07	3.05902320501826e-07	2.79952884119064e-06	4.71732451370366e-05	0.000415776994294134	0.00195004498861545	0.00501793726999765	0.008148456797228	0.0110046911986163	0.0158394127978247	0.0289066150711365	0.0598301240564778	0.105567249173388	0.160293825080455	0.237092187108216	0.342706632009564	0.469864017453499	0.60082963066898	0.678991333344797	0.640873882611301	0.488496182252233	0.309227515655995	0.183110655636787	0.110549847742949	0.0683637856755303	0.0463562317896659	0.0309130206159636	0.016329773272487	0.00898777058573321	0.00722286284944505	0.00463525386112303	0.00166041064415609	0.000314666883853191	4.25785900149657e-05	4.35494739396047e-05	8.32251813859555e-05	8.27851683031059e-05	4.28623788246313e-05	1.15511694086747e-05	1.6203229552581e-06	1.18305017693268e-07	3.05902320501826e-07	2.03934880334551e-07	2.03934880334551e-07	3.05902320501826e-07	2.63350649130742e-08	2.6895345929438e-07	1.42970298713697e-06	3.95585589997915e-06	5.69719455254923e-06	4.27078379487053e-06	1.666403121903e-06	3.38437519688558e-07	3.5776914672134e-08
1.79037480677795e-08	2.68556221016692e-08	4.02834331525038e-08	6.04251497287557e-08	9.06377245931335e-08	1.359565868897e-07	2.03934880334551e-07	3.05902320501826e-07	1.61849500464797e-06	2.7272325429895e-05	0.000239754734747892	0.0011322442342487	0.00298988740751971	0.00532701014681017	0.00838865180989127	0.0127174895699908	0.0214197764356193	0.0424352855680707	0.0741488027234696	0.109634486995405	0.154175089810992	0.212773340708257	0.291152633988329	0.388138335828717	0.459826342149437	0.449792628236935	0.35223587716902	0.225886393859975	0.131207304469696	0.0758925141529719	0.0463333470785065	0.0331248181564169	0.0235687728698939	0.0126899589036356	0.0064671022052793	0.00477697176474626	0.0030081587534521	0.00107447362246002	0.000202900855876807	2.21894596431505e-05	8.47526265542445e-06	1.61966427601288e-05	1.61110108084284e-05	8.34154550474809e-06	2.24799947874435e-06	3.153347535603e-07	2.30236098786315e-08	3.05902320501826e-07	2.03934880334551e-07	1.359565868897e-07	2.03934880334551e-07	3.05902320501826e-07	3.05902320501826e-07	3.05902320501826e-07	3.05902320501826e-07	3.05902320501826e-07	3.05902320501826e-07	3.05902320501826e-07	3.05902320501826e-07	3.05902320501826e-07
1.79037480677795e-08	2.68556221016692e-08	4.02834331525038e-08	6.04251497287557e-08	9.06377245931335e-08	1.359565868897e-07	2.03934880334551e-07	3.05902320501826e-07	7.25546343715232e-07	1.22257627879279e-05	0.00010734705510877	0.000518699047411338	0.00147737681234316	0.00324780924742892	0.00659160638663246	0.0110258030516555	0.017245184462823	0.0312546457716753	0.0528524223160617	0.0757827084967547	0.0986512224483052	0.122044463831785	0.157490570019194	0.214256662356947	0.265903243108135	0.272799132207639	0.224279910545687	0.149681623531658	0.0870065969715524	0.0473680573447299	0.0270710793384617	0.0197924323489537	0.0149671402444617	0.00821594911288163	0.00382173139116626	0.00249119647524016	0.00151760744709846	0.000539201384409103	0.000101664451453573	9.97760354230249e-06	3.05902320501826e-07	3.05902320501826e-07	3.05902320501826e-07	3.05902320501826e-07	3.05902320501826e-07	3.05902320501826e-07	3.05902320501826e-07	2.03934880334551e-07	1.359565868897e-07	9.06377245931337e-08	1.359565868897e-07	2.03934880334551e-07	2.03934880334551e-07	2.03934880334551e-07	2.03934880334551e-07	2.03934880334551e-07	2.03934880334551e-07	2.03934880334551e-07	2.03934880334551e-07	2.03934880334551e-07
1.79037480677795e-08	2.68556221016692e-08	4.02834331525038e-08	6.04251497287557e-08	9.06377245931335e-08	1.359565868897e-07	2.03934880334551e-07	3.05902320501826e-07	2.52200724419927e-07	4.24968888398363e-06	3.72923606317338e-05	0.000193722828265038	0.000675634561403962	0.00215180831705223	0.00570422286695697	0.010232018541466	0.0144938587350419	0.022861356354429	0.0371868300912701	0.0534399612483492	0.0655407246401154	0.0691378925739424	0.0769208344385915	0.102753040977368	0.133739710660198	0.146259160547698	0.128876122816931	0.0910860798427319	0.0537420684935216	0.0274089018951407	0.0138694410954389	0.00979130662665642	0.00772038805081758	0.00430212898243004	0.00183280523671559	0.00102604302510981	0.000595401011251899	0.000209822279673056	3.95624131798759e-05	3.88275418046032e-06	3.05902320501826e-07	2.03934880334551e-07	2.03934880334551e-07	2.03934880334551e-07	2.03934880334551e-07	2.03934880334551e-07	2.03934880334551e-07	1.359565868897e-07	9.06377245931337e-08	6.04251497287558e-08	9.06377245931337e-08	1.359565868897e-07	1.359565868897e-07	1.359565868897e-07	1.359565868897e-07	1.359565868897e-07	1.359565868897e-07	1.359565868897e-07	1.359565868897e-07	1.359565868897e-07
1.79037480677795e-08	2.68556221016692e-08	4.02834331525038e-08	6.04251497287557e-08	9.06377245931335e-08	1.359565868897e-07	2.03934880334551e-07	3.05902320501826e-07	6.79758862933673e-08	1.14542243692712e-06	1.00462143861172e-05	6.55269532262515e-05	0.00034430657117457	0.00161371161983858	0.00500774483660936	0.00917264007170848	0.0117213166676313	0.0157205158931814	0.0247996894363766	0.0376084206715384	0.0459476071939827	0.0419405738948884	0.036984624048807	0.0454354451215609	0.0616488755539631	0.0727087234193659	0.0693944619855924	0.0517951176139774	0.0308054487539472	0.0147339247058051	0.00636487376593878	0.00400338719742954	0.00319092112950401	0.00179537923857015	0.000709119535211383	0.000335294220036466	0.000181868127683341	6.331296189806e-05	1.193778640741e-05	1.17160421605402e-06	3.05902320501826e-07	2.03934880334551e-07	1.359565868897e-07	1.359565868897e-07	1.359565868897e-07	1.359565868897e-07	1.359565868897e-07	9.06377245931337e-08	6.04251497287558e-08	4.02834331525039e-08	6.04251497287556e-08	9.06377245931335e-08	9.06377245931335e-08	9.06377245931335e-08	9.06377245931335e-08	9.06377245931335e-08	9.06377245931335e-08	9.06377245931335e-08	9.06377245931335e-08	9.06377245931335e-08
1.79037480677795e-08	2.68556221016692e-08	4.02834331525038e-08	6.04251497287557e-08	9.06377245931335e-08	1.359565868897e-07	2.03934880334551e-07	3.05902320501826e-07	1.42066213427142e-08	2.39387578834119e-07	2.0996087214713e-06	2.45053996087064e-05	0.000204148932737803	0.00118535937887924	0.00391230254014964	0.00722462929804956	0.00868132618699091	0.010106189845827	0.0154729961499417	0.0255851732880026	0.0327513935153115	0.0279057968437474	0.0198510399489101	0.0209545366677581	0.0285524685392963	0.0359225490911276	0.036977715723004	0.0285306831225864	0.0165171306100469	0.00728873515910962	0.00265231583470906	0.0013589873980043	0.00104564350087648	0.000589672857894788	0.000219226221252456	8.7234003510929e-05	4.33084711922108e-05	1.48136144851121e-05	2.79313682922803e-06	2.74125434436324e-07	3.05902320501826e-07	2.03934880334551e-07	1.359565868897e-07	9.06377245931335e-08	9.06377245931335e-08	9.06377245931335e-08	9.06377245931335e-08	6.04251497287556e-08	4.02834331525039e-08	2.68556221016693e-08	4.02834331525038e-08	6.04251497287557e-08	6.04251497287557e-08	6.04251497287557e-08	6.04251497287557e-08	6.04251497287557e-08	6.04251497287557e-08	6.04251497287557e-08	6.04251497287557e-08	6.04251497287557e-08
1.79037480677795e-08	2.68556221016692e-08	4.02834331525038e-08	6.04251497287557e-08	9.06377245931335e-08	1.359565868897e-07	2.03934880334551e-07	3.05902320501826e-07	2.30225862528748e-09	3.87940316604681e-08	3.40252771727115e-07	1.09067069123699e-05	0.000118062005509254	0.000746249909264743	0.00255691295969005	0.00495100706810274	0.00625043327637231	0.00690082067980127	0.00964246829566866	0.0166467806908474	0.0226289067099582	0.0194508783088776	0.0129161796385012	0.012055704269995	0.0150607937237488	0.0189410660913021	0.0205556893256811	0.0160068386130314	0.00860848714278161	0.00334200414117116	0.00100705921501314	0.000388072710711478	0.000271437582465152	0.000152291032546698	5.40695530323595e-05	1.81864401477349e-05	8.06054095224645e-06	2.68755166999492e-06	5.06743277102323e-07	4.97330526488217e-08	3.05902320501826e-07	2.03934880334551e-07	1.359565868897e-07	9.06377245931335e-08	6.04251497287556e-08	6.04251497287557e-08	6.04251497287557e-08	4.02834331525038e-08	2.68556221016692e-08	1.79037480677795e-08	2.68556221016692e-08	4.02834331525038e-08	4.02834331525038e-08	4.02834331525038e-08	4.02834331525038e-08	4.02834331525038e-08	4.02834331525038e-08	4.02834331525038e-08	4.02834331525038e-08	4.02834331525038e-08
1.19358320451863e-08	1.79037480677795e-08	2.68556221016692e-08	4.02834331525038e-08	6.04251497287556e-08	9.06377245931337e-08	1.359565868897e-07	2.03934880334551e-07	3.05902320501826e-07	3.05902320501826e-07	3.05902320501826e-07	4.65255209176833e-06	5.70061498576518e-05	0.000388131205175075	0.00144797734904784	0.00332664701648096	0.00530152343304705	0.00631980258448512	0.00706392170111591	0.0105598877472421	0.0146687216930699	0.0133982981306069	0.00996346094050205	0.00958057535308143	0.0101367153916811	0.0110967443073978	0.0119552409869707	0.0092549620704857	0.00454572797028264	0.00148425403070062	0.000357503262351394	9.64465869165054e-05	5.54491454372754e-05	3.01460354303441e-05	9.3970110606576e-06	1.54184636970752e-06	1.32144913973274e-07	3.05902320501826e-07	3.05902320501826e-07	3.05902320501826e-07	2.03934880334551e-07	1.359565868897e-07	9.06377245931337e-08	6.04251497287556e-08	4.02834331525038e-08	4.02834331525038e-08	4.02834331525038e-08	2.68556221016692e-08	1.79037480677795e-08	1.19358320451863e-08	1.79037480677795e-08	2.68556221016692e-08	2.68556221016692e-08	2.68556221016692e-08	2.68556221016692e-08	2.68556221016692e-08	2.68556221016692e-08	2.68556221016692e-08	2.68556221016692e-08	2.68556221016692e-08
7.95722136345756e-09	1.19358320451863e-08	1.79037480677795e-08	2.68556221016692e-08	4.02834331525039e-08	6.04251497287558e-08	9.06377245931337e-08	1.359565868897e-07	2.03934880334551e-07	2.03934880334551e-07	3.05902320501826e-07	1.80513100734546e-06	2.2140360591582e-05	0.000178831806840149	0.000833622015050691	0.00265438386301869	0.00562111064567285	0.00733349532396241	0.00652578846083479	0.00677107263000728	0.00872303584560192	0.00875692654580617	0.00832542477503213	0.00921512275893113	0.00850574610204176	0.00716333268838219	0.00684679998145946	0.00516214717901409	0.00236581779809389	0.000655301275752385	0.00012157025531505	2.1208168928954e-05	8.78767365219501e-06	4.68572461692348e-06	1.4816561716669e-06	2.44737182389593e-07	2.11144160771829e-08	3.05902320501826e-07	2.03934880334551e-07	2.03934880334551e-07	1.359565868897e-07	9.06377245931337e-08	6.04251497287558e-08	4.02834331525039e-08	2.68556221016692e-08	2.68556221016692e-08	2.68556221016692e-08	1.79037480677795e-08	1.19358320451863e-08	7.95722136345756e-09	1.19358320451863e-08	1.79037480677795e-08	1.79037480677795e-08	1.79037480677795e-08	1.79037480677795e-08	1.79037480677795e-08	1.79037480677795e-08	1.79037480677795e-08	1.79037480677795e-08	1.79037480677795e-08
5.30481424230504e-09	7.95722136345756e-09	1.19358320451863e-08	1.79037480677795e-08	2.68556221016693e-08	4.02834331525039e-08	6.04251497287558e-08	9.06377245931337e-08	1.359565868897e-07	2.03934880334551e-07	3.05902320501826e-07	5.46296592306589e-07	6.70045747062258e-06	8.78333289986421e-05	0.000578766339823128	0.00244875406292292	0.00601919156638092	0.00814267067189629	0.00639469671663263	0.00445830437544154	0.00467914505122771	0.00529042988034175	0.00674431059731744	0.00856515642762805	0.00739442752348525	0.00480489708125774	0.00361237875387013	0.00254556129520733	0.00111706119308128	0.000279155638993124	4.1986928308699e-05	4.15017464236334e-06	2.25480786574927e-07	3.05902320501826e-07	3.05902320501826e-07	3.05902320501826e-07	3.05902320501826e-07	2.03934880334551e-07	1.359565868897e-07	1.359565868897e-07	9.06377245931337e-08	6.04251497287558e-08	4.02834331525039e-08	2.68556221016693e-08	1.79037480677795e-08	1.79037480677795e-08	1.79037480677795e-08	1.19358320451863e-08	7.95722136345756e-09	5.30481424230502e-09	7.95722136345753e-09	1.19358320451863e-08	1.19358320451863e-08	1.19358320451863e-08	1.19358320451863e-08	1.19358320451863e-08	1.19358320451863e-08	1.19358320451863e-08	1.19358320451863e-08	1.19358320451863e-08
5.30481424230502e-09	7.95722136345754e-09	1.19358320451863e-08	1.79037480677795e-08	2.68556221016692e-08	4.02834331525038e-08	6.04251497287557e-08	9.06377245931335e-08	1.359565868897e-07	2.03934880334551e-07	3.05902320501826e-07	1.2819634225615e-07	1.57235858922334e-06	5.21294265016527e-05	0.000441105729070757	0.00211377310697919	0.00545251450591121	0.00744299439330876	0.00553172412225032	0.00289791778547262	0.00224325163185244	0.00288590475933566	0.00481061792013802	0.00670879709317315	0.00563640196592584	0.00305078683633094	0.00168945424646336	0.00104423411532546	0.000440225349977667	0.000103489579592523	1.36055534485547e-05	1.07428988512187e-06	3.37377339425165e-08	3.05902320501826e-07	2.03934880334551e-07	2.03934880334551e-07	2.03934880334551e-07	1.359565868897e-07	9.06377245931337e-08	9.06377245931335e-08	6.04251497287556e-08	4.02834331525039e-08	2.68556221016693e-08	1.79037480677795e-08	1.19358320451864e-08	1.19358320451863e-08	1.19358320451863e-08	7.95722136345753e-09	5.30481424230504e-09	3.53654282820335e-09	5.30481424230502e-09	7.95722136345754e-09	7.95722136345754e-09	7.95722136345754e-09	7.95722136345754e-09	7.95722136345754e-09	7.95722136345754e-09	7.95722136345754e-09	7.95722136345754e-09	7.95722136345754e-09
5.30481424230502e-09	7.95722136345754e-09	1.19358320451863e-08	1.79037480677795e-08	2.68556221016692e-08	4.02834331525038e-08	6.04251497287557e-08	9.06377245931335e-08	1.359565868897e-07	2.03934880334551e-07	3.05902320501826e-07	2.33265307864002e-08	2.86105441023374e-07	3.23282592540026e-05	0.000301528271607533	0.00150018571224355	0.00392004406740003	0.00535850507083466	0.00388741285818749	0.00172279605340623	0.000959840671217517	0.00138703539963185	0.00284825335833037	0.00420338817032451	0.00349488195729976	0.00169808970451015	0.000699120460031612	0.000351296858828409	0.000140475187705635	3.18028301827935e-05	3.81530500762194e-06	2.37921988501237e-07	3.05902320501826e-07	2.03934880334551e-07	1.359565868897e-07	1.359565868897e-07	1.359565868897e-07	9.06377245931337e-08	6.04251497287558e-08	6.04251497287557e-08	4.02834331525038e-08	2.68556221016692e-08	1.79037480677795e-08	1.19358320451864e-08	7.95722136345758e-09	7.95722136345754e-09	7.95722136345754e-09	5.30481424230502e-09	3.53654282820335e-09	2.35769521880224e-09	3.53654282820335e-09	5.30481424230502e-09	5.30481424230502e-09	5.30481424230502e-09	5.30481424230502e-09	5.30481424230502e-09	5.30481424230502e-09	5.30481424230502e-09	5.30481424230502e-09	5.30481424230502e-09
3.53654282820335e-09	5.30481424230502e-09	7.95722136345753e-09	1.19358320451863e-08	1.79037480677795e-08	2.68556221016692e-08	4.02834331525038e-08	6.04251497287556e-08	9.06377245931337e-08	1.359565868897e-07	2.03934880334551e-07	3.05902320501826e-07	3.05902320501826e-07	1.71406248179606e-05	0.000166034786101298	0.000837141357576986	0.00219726596813222	0.00300478762847823	0.00215790482886834	0.000878031309162623	0.000370454516882308	0.000574773389781298	0.00135648342250127	0.00206606874573953	0.00170987484883164	0.000782469108947194	0.000254063558724938	9.6939219517657e-05	3.57554608106124e-05	7.99153430786878e-06	9.60529399008349e-07	6.00920616531663e-08	3.05902320501826e-07	2.03934880334551e-07	1.359565868897e-07	9.06377245931335e-08	9.06377245931335e-08	6.04251497287556e-08	4.02834331525039e-08	4.02834331525038e-08	2.68556221016692e-08	1.79037480677795e-08	1.19358320451863e-08	7.95722136345758e-09	5.30481424230506e-09	5.30481424230502e-09	5.30481424230502e-09	3.53654282820335e-09	2.35769521880224e-09	1.57179681253482e-09	2.35769521880224e-09	3.53654282820335e-09	3.53654282820335e-09	3.53654282820335e-09	3.53654282820335e-09	3.53654282820335e-09	3.53654282820335e-09	3.53654282820335e-09	3.53654282820335e-09	3.53654282820335e-09
2.35769521880224e-09	3.53654282820335e-09	5.30481424230504e-09	7.95722136345756e-09	1.19358320451863e-08	1.79037480677795e-08	2.68556221016692e-08	4.02834331525039e-08	6.04251497287558e-08	9.06377245931337e-08	1.359565868897e-07	2.03934880334551e-07	3.05902320501826e-07	7.46889383784957e-06	7.23483655905727e-05	0.000364792473755291	0.000957620177312641	0.00131059418971627	0.000944335098460484	0.000385835476091425	0.000151504980332953	0.000215187315932737	0.0005165853628773	0.000793671029086842	0.000655303452936424	0.00029094017872301	8.05664851221861e-05	2.25731747460561e-05	7.22000595020062e-06	1.56509271053906e-06	1.88113759227212e-07	1.17686596880438e-08	3.05902320501826e-07	2.03934880334551e-07	1.359565868897e-07	9.06377245931335e-08	6.04251497287556e-08	4.02834331525038e-08	2.68556221016692e-08	2.68556221016692e-08	1.79037480677795e-08	1.19358320451863e-08	7.95722136345756e-09	5.30481424230504e-09	3.53654282820338e-09	3.53654282820335e-09	3.53654282820335e-09	2.35769521880224e-09	1.57179681253482e-09	1.04786454168988e-09	1.57179681253482e-09	2.35769521880223e-09	2.35769521880223e-09	2.35769521880223e-09	2.35769521880223e-09	2.35769521880223e-09	2.35769521880223e-09	2.35769521880223e-09	2.35769521880223e-09	2.35769521880223e-09
2.35769521880223e-09	3.53654282820335e-09	5.30481424230502e-09	7.95722136345754e-09	1.19358320451863e-08	1.79037480677795e-08	2.68556221016692e-08	4.02834331525038e-08	6.04251497287557e-08	9.06377245931335e-08	1.359565868897e-07	2.03934880334551e-07	3.05902320501826e-07	2.52355806069537e-06	2.44447578353573e-05	0.000123324607838381	0.000324702878924069	0.00045261506442169	0.000362562330161155	0.000230455313601802	0.000169638274042147	0.000140015236229191	0.00017848491137424	0.00024105107719354	0.000195648722495222	8.53308568254066e-05	2.14417900140222e-05	4.50021542108371e-06	1.16141791795827e-06	2.37671630971815e-07	2.85665530627714e-08	1.78716348467704e-09	3.05902320501826e-07	2.03934880334551e-07	1.359565868897e-07	9.06377245931335e-08	6.04251497287557e-08	4.02834331525038e-08	2.68556221016692e-08	1.79037480677795e-08	1.19358320451863e-08	7.95722136345756e-09	5.30481424230504e-09	3.53654282820336e-09	2.35769521880224e-09	2.35769521880223e-09	2.35769521880223e-09	1.57179681253482e-09	1.04786454168988e-09	6.9857636112659e-10	1.04786454168988e-09	1.57179681253482e-09	1.57179681253482e-09	1.57179681253482e-09	1.57179681253482e-09	1.57179681253482e-09	1.57179681253482e-09	1.57179681253482e-09	1.57179681253482e-09	1.57179681253482e-09
2.35769521880223e-09	3.53654282820335e-09	5.30481424230502e-09	7.95722136345754e-09	1.19358320451863e-08	1.79037480677795e-08	2.68556221016692e-08	4.02834331525038e-08	6.04251497287557e-08	9.06377245931335e-08	1.359565868897e-07	2.03934880334551e-07	3.05902320501826e-07	6.61146484788575e-07	6.4042773439899e-06	3.25698406988156e-05	8.93541712946257e-05	0.000155346827598532	0.000259153381863665	0.000441817233418192	0.000505416951677546	0.000325340906510884	0.000137193112006533	7.21466903551688e-05	4.66562041984089e-05	1.93864600126163e-05	4.33775361281203e-06	5.05192849877906e-07	3.06249549787359e-08	3.05902320501826e-07	3.05902320501826e-07	3.05902320501826e-07	2.03934880334551e-07	1.359565868897e-07	9.06377245931337e-08	6.04251497287556e-08	4.02834331525038e-08	2.68556221016692e-08	1.79037480677795e-08	1.19358320451863e-08	7.95722136345756e-09	5.30481424230504e-09	3.53654282820336e-09	2.35769521880224e-09	1.57179681253483e-09	1.57179681253482e-09	1.57179681253482e-09	1.04786454168988e-09	6.9857636112659e-10	4.65717574084393e-10	6.98576361126587e-10	1.04786454168988e-09	1.04786454168988e-09	1.04786454168988e-09	1.04786454168988e-09	1.04786454168988e-09	1.04786454168988e-09	1.04786454168988e-09	1.04786454168988e-09	1.04786454168988e-09
2.35769521880223e-09	3.53654282820335e-09	5.30481424230502e-09	7.95722136345754e-09	1.19358320451863e-08	1.79037480677795e-08	2.68556221016692e-08	4.02834331525038e-08	6.04251497287557e-08	9.06377245931335e-08	1.359565868897e-07	2.03934880334551e-07	3.05902320501826e-07	1.34310344317664e-07	1.30101379190145e-06	7.3647466164059e-06	3.04890879030452e-05	0.000137433041961198	0.000525580685457701	0.00118935168465265	0.00143337711688536	0.000904094127492262	0.000301912034666091	6.02812690058955e-05	1.25863528083716e-05	3.48329533364251e-06	7.79393293472148e-07	9.07713886611622e-08	5.50259112292912e-09	3.05902320501826e-07	2.03934880334551e-07	2.03934880334551e-07	1.359565868897e-07	9.06377245931337e-08	6.04251497287558e-08	4.02834331525039e-08	2.68556221016692e-08	1.79037480677795e-08	1.19358320451863e-08	7.95722136345756e-09	5.30481424230504e-09	3.53654282820336e-09	2.35769521880224e-09	1.57179681253483e-09	1.04786454168989e-09	1.04786454168988e-09	1.04786454168988e-09	6.98576361126587e-10	4.65717574084392e-10	3.10478382722928e-10	4.65717574084392e-10	6.98576361126588e-10	6.98576361126588e-10	6.98576361126588e-10	6.98576361126588e-10	6.98576361126588e-10	6.98576361126588e-10	6.98576361126588e-10	6.98576361126588e-10	6.98576361126588e-10
2.35769521880223e-09	3.53654282820335e-09	5.30481424230502e-09	7.95722136345754e-09	1.19358320451863e-08	1.79037480677795e-08	2.68556221016692e-08	4.02834331525038e-08	6.04251497287557e-08	9.06377245931335e-08	1.359565868897e-07	2.03934880334551e-07	3.05902320501826e-07	2.11567331814037e-08	2.04937317378057e-07	2.82956018241547e-06	3.23279569208577e-05	0.000257867373258648	0.0011379614229931	0.00264068208088505	0.00319478628857019	0.002012365208006	0.000659804291132104	0.000112603913050446	1.00027123157957e-05	3.05902320501826e-07	3.05902320501826e-07	3.05902320501826e-07	3.05902320501826e-07	2.03934880334551e-07	1.359565868897e-07	1.359565868897e-07	9.06377245931337e-08	6.04251497287558e-08	4.02834331525039e-08	2.68556221016693e-08	1.79037480677795e-08	1.19358320451863e-08	7.95722136345756e-09	5.30481424230504e-09	3.53654282820336e-09	2.35769521880224e-09	1.57179681253483e-09	1.04786454168989e-09	6.98576361126592e-10	6.98576361126588e-10	6.98576361126588e-10	4.65717574084392e-10	3.10478382722928e-10	2.06985588481952e-10	3.10478382722928e-10	4.65717574084392e-10	4.65717574084392e-10	4.65717574084392e-10	4.65717574084392e-10	4.65717574084392e-10	4.65717574084392e-10	4.65717574084392e-10	4.65717574084392e-10	4.65717574084392e-10
1.57179681253482e-09	2.35769521880224e-09	3.53654282820335e-09	5.30481424230502e-09	7.95722136345753e-09	1.19358320451863e-08	1.79037480677795e-08	2.68556221016692e-08	4.02834331525038e-08	6.04251497287556e-08	9.06377245931337e-08	1.359565868897e-07	2.03934880334551e-07	3.05902320501826e-07	3.05902320501826e-07	3.10758352815612e-06	5.12365073712075e-05	0.000439705778501045	0.00196413247835498	0.0045667299395548	0.00552669923735754	0.0034813868197659	0.00114147046609105	0.000194806312782276	1.73048293906898e-05	3.05902320501826e-07	2.03934880334551e-07	2.03934880334551e-07	2.03934880334551e-07	1.359565868897e-07	9.06377245931337e-08	9.06377245931335e-08	6.04251497287556e-08	4.02834331525039e-08	2.68556221016693e-08	1.79037480677795e-08	1.19358320451864e-08	7.95722136345758e-09	5.30481424230504e-09	3.53654282820336e-09	2.35769521880224e-09	1.57179681253483e-09	1.04786454168989e-09	6.98576361126592e-10	4.65717574084395e-10	4.65717574084392e-10	4.65717574084392e-10	3.10478382722928e-10	2.06985588481952e-10	1.37990392321302e-10	2.06985588481952e-10	3.10478382722928e-10	3.10478382722928e-10	3.10478382722928e-10	3.10478382722928e-10	3.10478382722928e-10	3.10478382722928e-10	3.10478382722928e-10	3.10478382722928e-10	3.10478382722928e-10
1.04786454168988e-09	1.57179681253482e-09	2.35769521880224e-09	3.53654282820335e-09	5.30481424230504e-09	7.95722136345756e-09	1.19358320451863e-08	1.79037480677795e-08	2.68556221016692e-08	4.02834331525039e-08	6.04251497287558e-08	9.06377245931337e-08	1.359565868897e-07	2.03934880334551e-07	3.05902320501826e-07	4.16869125800252e-06	6.87315975367095e-05	0.000589846618223679	0.00263480026132571	0.00612607416798101	0.00741383219071566	0.00467013249033871	0.00153123412778714	0.000261324391039306	2.32136933242778e-05	3.05902320501826e-07	2.03934880334551e-07	2.03934880334551e-07	2.03934880334551e-07	2.03934880334551e-07	1.359565868897e-07	9.06377245931337e-08	6.04251497287558e-08	4.02834331525039e-08	2.68556221016692e-08	1.79037480677795e-08	1.19358320451863e-08	7.95722136345756e-09	5.30481424230504e-09	3.53654282820335e-09	2.35769521880224e-09	1.57179681253482e-09	1.04786454168988e-09	6.9857636112659e-10	4.65717574084392e-10	3.10478382722928e-10	3.10478382722928e-10	2.06985588481952e-10	1.37990392321302e-10	9.19935948808674e-11	1.37990392321301e-10	2.06985588481952e-10	2.06985588481952e-10	2.06985588481952e-10	2.06985588481952e-10	2.06985588481952e-10	2.06985588481952e-10	2.06985588481952e-10	2.06985588481952e-10	2.06985588481952e-10
1.04786454168988e-09	1.57179681253482e-09	2.35769521880223e-09	3.53654282820335e-09	5.30481424230502e-09	7.95722136345754e-09	1.19358320451863e-08	1.79037480677795e-08	2.68556221016692e-08	4.02834331525038e-08	6.04251497287557e-08	9.06377245931335e-08	1.359565868897e-07	2.03934880334551e-07	3.05902320501826e-07	4.33614732709401e-06	7.14925415437239e-05	0.000613540720267103	0.00274064002428629	0.00637215818707541	0.0077116453696547	0.00485773142260967	0.00159274370765966	0.000271821775607464	2.41461859442857e-05	3.05902320501826e-07	3.05902320501826e-07	3.05902320501826e-07	3.05902320501826e-07	3.05902320501826e-07	2.03934880334551e-07	1.359565868897e-07	9.06377245931337e-08	6.04251497287556e-08	4.02834331525038e-08	2.68556221016692e-08	1.79037480677795e-08	1.19358320451863e-08	7.95722136345753e-09	5.30481424230502e-09	3.53654282820335e-09	2.35769521880224e-09	1.57179681253482e-09	1.04786454168988e-09	6.98576361126587e-10	4.65717574084392e-10	3.10478382722928e-10	2.06985588481952e-10	1.37990392321301e-10	9.19935948808674e-11	9.19935948808674e-11	1.37990392321301e-10	1.37990392321301e-10	1.37990392321301e-10	1.37990392321301e-10	1.37990392321301e-10	1.37990392321301e-10	1.37990392321301e-10	1.37990392321301e-10	1.37990392321301e-10
1.04786454168988e-09	1.57179681253482e-09	2.35769521880223e-09	3.53654282820335e-09	5.30481424230502e-09	7.95722136345754e-09	1.19358320451863e-08	1.79037480677795e-08	2.68556221016692e-08	4.02834331525038e-08	6.04251497287557e-08	9.06377245931335e-08	1.359565868897e-07	2.03934880334551e-07	3.05902320501826e-07	3.49732268476431e-06	5.76623598026792e-05	0.000494851700635091	0.00221046514444264	0.00513946867979246	0.00621983667658314	0.00391805673129838	0.00128498398847861	0.00022055244928081	2.20051938852304e-05	2.53490797959531e-06	1.32195815578247e-06	3.58838611221939e-07	5.06998383272874e-08	3.72854964738498e-09	3.05902320501826e-07	2.03934880334551e-07	1.359565868897e-07	9.06377245931335e-08	6.04251497287557e-08	4.02834331525038e-08	2.68556221016692e-08	1.79037480677795e-08	1.19358320451863e-08	7.95722136345754e-09	5.30481424230502e-09	3.53654282820335e-09	2.35769521880223e-09	1.57179681253482e-09	1.04786454168988e-09	6.98576361126588e-10	4.65717574084392e-10	3.10478382722928e-10	2.06985588481952e-10	1.37990392321301e-10	9.19935948808675e-11	9.19935948808675e-11	9.19935948808675e-11	9.19935948808675e-11	9.19935948808675e-11	9.19935948808675e-11	9.19935948808675e-11	9.19935948808675e-11	9.19935948808675e-11	9.19935948808675e-11
1.04786454168988e-09	1.57179681253482e-09	2.35769521880223e-09	3.53654282820335e-09	5.30481424230502e-09	7.95722136345754e-09	1.19358320451863e-08	1.79037480677795e-08	2.68556221016692e-08	4.02834331525038e-08	6.04251497287557e-08	9.06377245931335e-08	1.359565868897e-07	2.03934880334551e-07	3.05902320501826e-07	2.18723152788308e-06	3.60621374407313e-05	0.000309481091341897	0.00138242864356607	0.00321423241326308	0.00388991826588251	0.00245065794837268	0.000805752906637579	0.000145780281845033	2.88654751527215e-05	1.67176024810733e-05	8.71825372868653e-06	2.36652427052855e-06	3.3436312080472e-07	2.45896148253395e-08	3.05902320501826e-07	2.03934880334551e-07	1.359565868897e-07	9.06377245931335e-08	6.04251497287557e-08	4.02834331525038e-08	2.68556221016692e-08	1.79037480677795e-08	1.19358320451863e-08	7.95722136345754e-09	5.30481424230502e-09	3.53654282820335e-09	2.35769521880223e-09	1.57179681253482e-09	1.04786454168988e-09	6.98576361126588e-10	4.65717574084392e-10	3.10478382722928e-10	2.06985588481952e-10	1.37990392321301e-10	9.19935948808675e-11	6.13290632539117e-11	6.13290632539117e-11	6.13290632539117e-11	6.13290632539117e-11	6.13290632539117e-11	6.13290632539117e-11	6.13290632539117e-11	6.13290632539117e-11	6.13290632539117e-11
1.04786454168988e-09	1.57179681253482e-09	2.35769521880223e-09	3.53654282820335e-09	5.30481424230502e-09	7.95722136345754e-09	1.19358320451863e-08	1.79037480677795e-08	2.68556221016692e-08	4.02834331525038e-08	6.04251497287557e-08	9.06377245931335e-08	1.359565868897e-07	2.03934880334551e-07	3.05902320501826e-07	1.06067220239955e-06	1.74879093753355e-05	0.0001500792150122	0.000670392510046991	0.0015587042017904	0.00188648198895841	0.00118994489266276	0.000401590459065903	0.000110818965580205	9.123287459827e-05	8.54895767759316e-05	4.45829371965512e-05	1.21018045827147e-05	1.70984815074034e-06	1.25745050277478e-07	3.05902320501826e-07	2.03934880334551e-07	1.359565868897e-07	9.06377245931335e-08	6.04251497287557e-08	4.02834331525038e-08	2.68556221016692e-08	1.79037480677795e-08	1.19358320451863e-08	7.95722136345754e-09	5.30481424230502e-09	3.53654282820335e-09	2.35769521880223e-09	1.57179681253482e-09	1.04786454168988e-09	6.98576361126588e-10	4.65717574084392e-10	3.10478382722928e-10	2.06985588481952e-10	1.37990392321301e-10	9.19935948808675e-11	6.13290632539117e-11	4.08860421692745e-11	4.08860421692744e-11	4.08860421692744e-11	4.08860421692744e-11	4.08860421692744e-11	4.08860421692744e-11	4.08860421692744e-11	4.08860421692744e-11
1.04786454168988e-09	1.57179681253482e-09	2.35769521880223e-09	3.53654282820335e-09	5.30481424230502e-09	7.95722136345754e-09	1.19358320451863e-08	1.79037480677795e-08	2.68556221016692e-08	4.02834331525038e-08	6.04251497287557e-08	9.06377245931335e-08	1.359565868897e-07	2.03934880334551e-07	3.05902320501826e-07	3.9883658984755e-07	6.57584701762025e-06	5.64331583188931e-05	0.000252082652832417	0.00058610781636092	0.000709803262604645	0.000453501487413968	0.000194029859455297	0.000200772750973644	0.000340558469164819	0.000338984403691196	0.000176780853881006	4.7986236039174e-05	6.77991256525192e-06	4.98605941133059e-07	3.05902320501826e-07	2.03934880334551e-07	1.359565868897e-07	9.06377245931335e-08	6.04251497287557e-08	4.02834331525038e-08	2.68556221016692e-08	1.79037480677795e-08	1.19358320451863e-08	7.95722136345754e-09	5.30481424230502e-09	3.53654282820335e-09	2.35769521880223e-09	1.57179681253482e-09	1.04786454168988e-09	6.98576361126588e-10	4.65717574084392e-10	3.10478382722928e-10	2.06985588481952e-10	1.37990392321301e-10	9.19935948808675e-11	6.13290632539117e-11	4.08860421692744e-11	2.7257361446183e-11	2.7257361446183e-11	2.7257361446183e-11	2.7257361446183e-11	2.7257361446183e-11	2.7257361446183e-11	2.7257361446183e-11
1.04786454168988e-09	1.57179681253482e-09	2.35769521880223e-09	3.53654282820335e-09	5.30481424230502e-09	7.95722136345754e-09	1.19358320451863e-08	1.79037480677795e-08	2.68556221016692e-08	4.02834331525038e-08	6.04251497287557e-08	9.06377245931335e-08	1.359565868897e-07	2.03934880334551e-07	3.05902320501826e-07	1.16288342013806e-07	1.91731241937402e-06	1.64541533614434e-05	7.34994594140135e-05	0.000170890805760815	0.000208320552763083	0.000150845271015155	0.000188852648645756	0.000547721083740872	0.00104091279202778	0.00104225417786207	0.000543537052198274	0.00014754028340863	2.08457737870165e-05	1.53303255133291e-06	3.05902320501826e-07	2.03934880334551e-07	1.359565868897e-07	9.06377245931335e-08	6.04251497287557e-08	4.02834331525038e-08	2.68556221016692e-08	1.79037480677795e-08	1.19358320451863e-08	7.95722136345754e-09	5.30481424230502e-09	3.53654282820335e-09	2.35769521880223e-09	1.57179681253482e-09	1.04786454168988e-09	6.98576361126588e-10	4.65717574084392e-10	3.10478382722928e-10	2.06985588481952e-10	1.37990392321301e-10	9.19935948808675e-11	6.13290632539117e-11	4.08860421692744e-11	2.7257361446183e-11	1.81715742974553e-11	1.81715742974553e-11	1.81715742974553e-11	1.81715742974553e-11	1.81715742974553e-11	1.81715742974553e-11
1.04786454168988e-09	1.57179681253482e-09	2.35769521880223e-09	3.53654282820335e-09	5.30481424230502e-09	7.95722136345754e-09	1.19358320451863e-08	1.79037480677795e-08	2.68556221016692e-08	4.02834331525038e-08	6.04251497287557e-08	9.06377245931335e-08	1.359565868897e-07	2.03934880334551e-07	3.05902320501826e-07	2.62908568294016e-08	4.33472396648423e-07	3.72000995786291e-06	1.66170033128758e-05	3.86355642355385e-05	5.03497022809945e-05	7.84912769165825e-05	0.000358061882209886	0.00129008091367791	0.00248022467706702	0.00248482008793988	0.00129583724827307	0.000351748227813412	4.96980473236195e-05	3.65487628635043e-06	3.05902320501826e-07	2.03934880334551e-07	1.359565868897e-07	9.06377245931335e-08	6.04251497287557e-08	4.02834331525038e-08	2.68556221016692e-08	1.79037480677795e-08	1.19358320451863e-08	7.95722136345754e-09	5.30481424230502e-09	3.53654282820335e-09	2.35769521880223e-09	1.57179681253482e-09	1.04786454168988e-09	6.98576361126588e-10	4.65717574084392e-10	3.10478382722928e-10	2.06985588481952e-10	1.37990392321301e-10	9.19935948808675e-11	6.13290632539117e-11	4.08860421692744e-11	2.7257361446183e-11	1.81715742974553e-11	1.21143828649702e-11	1.21143828649702e-11	1.21143828649702e-11	1.21143828649702e-11	1.21143828649702e-11
