8.94400436991962e-05	0.000202018137146019	0.000414850265798828	0.00077469399467783	0.00131599749696299	0.00203443534782939	0.00286367874772422	0.00367267092418154	0.0042951523962012	0.0045852856839461	0.00447421145093753	0.00399716241396763	0.00327643249366944	0.00247125070349267	0.00172233746704382	0.00111673650727157	0.000681865070803775	0.000401148433096586	0.000236823832037964	0.000148614057009845	0.000103960655797966	8.09112852105516e-05	6.57069047189899e-05	5.51726194033824e-05	4.45069444581413e-05	3.41935279506925e-05	2.46320009831393e-05	1.66348869558504e-05	1.05604831993398e-05	6.4947425983257e-06	4.20552333869986e-06	3.304397581589e-06	3.33858401498514e-06	3.87571665255086e-06	4.52767559086932e-06	4.964037272595e-06	4.99787117882941e-06	4.58148337913143e-06	3.82193124944416e-06	2.89579525852221e-06	1.99278782799359e-06	1.24555382007907e-06	7.07085874221481e-07	3.64577658567516e-07	1.70732487808263e-07	7.26190415854812e-08	2.80538896329366e-08	9.843371639457e-09	3.13691613160023e-09	3.05902320501826e-07	2.03934880334551e-07	1.359565868897e-07	9.06377245931335e-08	9.06377245931335e-08	6.04251497287556e-08	6.04251497287557e-08	6.04251497287557e-08	6.04251497287557e-08	6.04251497287557e-08	4.02834331525038e-08
0.000107954738235017	0.000244848732528514	0.000505409222288714	0.000949803009198878	0.00162616012478744	0.00253839275872912	0.00361606142130244	0.00470649783082433	0.00560485108003096	0.00611759954757668	0.00613284212460254	0.00566152967600885	0.00482871789536794	0.00382237473208225	0.00282769694343217	0.00197743607569196	0.00133322438945751	0.000894797359038804	0.000623707841303977	0.00046797111487426	0.000379643885864022	0.000323397279261501	0.000276667512852295	0.000233185160902225	0.00018764073365173	0.000143163594408579	0.000102477996099887	6.87929129991121e-05	4.35156345180649e-05	2.68076300059212e-05	1.7580678258783e-05	1.41649134984507e-05	1.46516437007323e-05	1.72165203090014e-05	2.019935303229e-05	2.21764103369379e-05	2.23377631439319e-05	2.04808000158128e-05	1.70853418241346e-05	1.29451967122003e-05	8.90844418752872e-06	5.56805221954281e-06	3.16091605830115e-06	1.62978701382306e-06	7.63232702083089e-07	3.24631990334581e-07	1.25410496053527e-07	4.40032429119633e-08	1.40230896068124e-08	3.05902320501826e-07	2.03934880334551e-07	1.359565868897e-07	1.359565868897e-07	1.359565868897e-07	9.06377245931337e-08	9.06377245931335e-08	9.06377245931335e-08	9.06377245931335e-08	9.06377245931335e-08	6.04251497287556e-08
0.000112983233439385	0.000257631466643386	0.000536173029436867	0.00101856755926691	0.00176812328203925	0.00280761291410427	0.00408401303968101	0.00545115869149916	0.0066897619390586	0.00756575412360511	0.00790688490227045	0.00766189235881026	0.00691440160819586	0.00584848316759642	0.004683351679318	0.00360812021664062	0.00274003008199469	0.00211497399749108	0.00170453476823272	0.0014459757907081	0.00127140518228527	0.00112735677762371	0.000981255691628407	0.000825984751650615	0.000662083221912496	0.000502741388760395	0.000359209946029862	0.000241744827982533	0.000154579126005736	9.75488222958842e-05	6.64927412287734e-05	5.54983326850431e-05	5.79117234278976e-05	6.73500715612529e-05	7.79473960752656e-05	8.46610117034963e-05	8.46228941033169e-05	7.71776917836378e-05	6.41400780036704e-05	4.84698309043353e-05	3.32934787283216e-05	2.07815149935036e-05	1.17865193500516e-05	6.07316191722756e-06	2.84271594236976e-06	1.20870029366315e-06	4.66530441151841e-07	1.63693255140845e-07	5.21662730509071e-08	3.05902320501826e-07	2.03934880334551e-07	2.03934880334551e-07	2.03934880334551e-07	2.03934880334551e-07	1.359565868897e-07	1.359565868897e-07	1.359565868897e-07	1.359565868897e-07	1.359565868897e-07	9.06377245931337e-08
0.000109907226916413	0.000251312417540895	0.000528064392675927	0.00101812452133695	0.00180313180118207	0.00293568043271166	0.00440045899889322	0.00608331737548975	0.00777233707247398	0.00919983455663945	0.0101190651604894	0.0103841985170773	0.0099980242143723	0.00910917185716291	0.00795603171746859	0.00678555886675893	0.00578015253332004	0.00501952216762305	0.00448528063712256	0.00409720273126131	0.00375964714223621	0.00339851937116	0.00297779826367697	0.00250381428743848	0.00200307856287109	0.00151921386326483	0.00108838173884881	0.000738662457206897	0.000480763508603649	0.000312495135157665	0.000220757652489851	0.00018795893051953	0.000194526523905138	0.000221607503078056	0.000251726163539364	0.000269817925651702	0.000267300860738627	0.000242336852068361	0.000200567146429363	0.00015113420684117	0.000103605206671379	6.45758641782423e-05	3.6586051722019e-05	1.88379733629808e-05	8.81300743276463e-06	3.74576918686614e-06	1.44421345688905e-06	5.06736497821454e-07	1.61488355078952e-07	3.05902320501826e-07	3.05902320501826e-07	3.05902320501826e-07	3.05902320501826e-07	3.05902320501826e-07	2.03934880334551e-07	2.03934880334551e-07	2.03934880334551e-07	2.03934880334551e-07	2.03934880334551e-07	1.359565868897e-07
0.000118163291446322	0.000264048798515093	0.000551067654063939	0.00106730027790575	0.00191725949131389	0.0031898064626794	0.00491671266032591	0.0070267614893077	0.00932662867721698	0.0115240267648011	0.0133024711796447	0.0144199581709971	0.0147878567542222	0.0145005325164511	0.0137894590418289	0.0129286997746277	0.0121327822343288	0.0114921421623449	0.0109682307608668	0.0104411881670194	0.00977986695562614	0.00890101335551424	0.00779612063944589	0.00652974479375611	0.00520422860148691	0.00393858767175834	0.00282703831743355	0.00193386781573785	0.00127986645659257	0.000854201771218138	0.000621085643431258	0.000535414462396436	0.000547924036994935	0.000611243527173647	0.000681417314603883	0.000720665451146522	0.000707559842164355	0.000637883941457308	0.000526302606427332	0.000396295473447431	0.000272163061151683	0.000170502734413913	9.75576362995091e-05	5.11011968363328e-05	2.45943105587341e-05	1.09399276769745e-05	4.52626149772973e-06	1.76821317951584e-06	6.57926408859774e-07	1.14685268844956e-07	4.9603408848221e-08	1.94860420887803e-08	6.95254768825429e-09	2.25305889105715e-09	3.05902320501826e-07	3.05902320501826e-07	3.05902320501826e-07	3.05902320501826e-07	3.05902320501826e-07	2.03934880334551e-07
0.000170597015160264	0.000355733540452227	0.000707470651563335	0.0013288542750348	0.00235100929744248	0.00389797816752614	0.00604458458211751	0.00875892187730494	0.0118717176234119	0.0150881510045033	0.0180615151449474	0.0204994541903886	0.0222514451479492	0.0233513213228924	0.0239720470605355	0.0243254883111661	0.0245502228355263	0.0246430192037137	0.0244630915253376	0.0238050423171618	0.0225003189988612	0.0204996110690242	0.0179021053152856	0.0149317391021883	0.0118672337151936	0.00898491284104628	0.00649030663878198	0.00450631067969295	0.00306068181798915	0.00211570552678627	0.00158612182536997	0.00137191557505755	0.00136684596392871	0.00146978356773437	0.00158774843481694	0.00164162978846564	0.00158713295314469	0.00141664605016527	0.00116200592550318	0.000873169377584909	0.000601026672955882	0.000379735474006488	0.000221484072690551	0.00012064288434249	6.26813940576232e-05	3.21697656945718e-05	1.70186243305598e-05	9.62631314566162e-06	5.77483243112513e-06	3.28099148393665e-06	2.05687367502085e-06	1.19358961477224e-06	6.37581724540572e-07	3.1219995860657e-07	1.36564578107119e-07	5.6182782723285e-08	2.09931037202916e-08	7.1245638682844e-09	2.19607993357178e-09	3.05902320501826e-07
0.000312173132743756	0.00060108868587694	0.00111253609536643	0.00196840711542175	0.00332689223221344	0.00534045267411841	0.00811751721695959	0.0116610351459711	0.0158403271545005	0.0204032671967188	0.0250481272943544	0.0295179321025308	0.033659571220998	0.0374442670485064	0.0409043736616797	0.0440363682624424	0.0467089566866273	0.0486319900061297	0.0494082111945712	0.048661976972329	0.0461882703466719	0.0420578244519847	0.0366294657404244	0.0304696662845142	0.0242055769741231	0.0183999799373929	0.013441959543722	0.0095312104819958	0.00668290290002394	0.00479508776271342	0.0036897321008221	0.00317262819826197	0.0030444975539416	0.00311904513653451	0.00322856740340919	0.00323338049750146	0.00305715644336552	0.00268948035517833	0.00218822507462337	0.00164132646829093	0.00113613356724758	0.000729414652597103	0.000439406284020286	0.000253616345968842	0.000144786879921491	8.49607464196809e-05	5.25410699142053e-05	3.42416154549013e-05	2.27097471179476e-05	1.42983375968654e-05	9.01507266130182e-06	5.25280527240235e-06	2.81386194313267e-06	1.38049543719531e-06	6.06135868791177e-07	2.49364808130353e-07	9.31769668130288e-08	3.16220631287967e-08	9.74720412072225e-09	3.05902320501826e-07
0.000592155909302301	0.0010768630252376	0.00187494492551983	0.00312696328418536	0.00501401489994482	0.00770903329013721	0.0113496636052046	0.0159828567046551	0.0215502666123715	0.0279080527346035	0.0348914248192014	0.0423758026247268	0.0502722651584918	0.0584893713889165	0.0668285636772705	0.0748912794426912	0.0820318654553369	0.0874097747755047	0.0901414566093998	0.0895371423898876	0.0853316832796599	0.0778199404028852	0.0678273191742435	0.056519377625424	0.0451133999484355	0.0346360832567127	0.0257527118948562	0.0187559920087436	0.0136164533178189	0.0101166246244301	0.0079325445313694	0.00673120616033696	0.00618221677440251	0.00598365496856963	0.00587269111672133	0.00563833386948159	0.00516972716368172	0.00445724789371425	0.00358913553175907	0.00269284917765323	0.00188952790960741	0.00125274501540032	0.000800281351170312	0.000506970662245537	0.000328637697961323	0.000222540342438785	0.000156587497429908	0.000111956350441226	7.85346314126224e-05	5.19415905528275e-05	3.29211535186614e-05	1.92535099327499e-05	1.03402837901833e-05	5.08177332126206e-06	2.23875826112562e-06	9.21027038622864e-07	3.44148424371108e-07	1.16795851736369e-07	3.60012249261271e-08	3.05902320501826e-07
0.00103736070737561	0.00182315419602986	0.00304722812556932	0.00486510305726917	0.00747314415008487	0.0110591979116404	0.0157939460481172	0.021791684771393	0.0291112026029256	0.0377817827905872	0.0478522399360455	0.0594054236789065	0.0724744951612501	0.0869238611516439	0.102280232618911	0.117626357701777	0.131594481841483	0.142526115798226	0.148771939167294	0.149104782662501	0.143091850334134	0.13129246655167	0.115176552248304	0.0967698294992589	0.0781494971000007	0.0610195964813358	0.0464465490479933	0.0348572850385505	0.0261660369734312	0.0200053102306602	0.0158675891913967	0.013248748531939	0.0116584739707129	0.0106560167199177	0.00987133358894841	0.0090219383692367	0.00796623241344022	0.00669992756369339	0.00533617053691757	0.00402627941694503	0.00290231967805779	0.00203182492921837	0.00141544810484389	0.00100620174324729	0.000740126952158369	0.000560905285074227	0.000428688942046755	0.000322616576734788	0.000232971159649722	0.000157747016217082	0.000100379810980118	5.88685069462554e-05	3.167408445467e-05	1.5585536795087e-05	6.88522041554061e-06	2.83083721456046e-06	1.05776283017571e-06	3.58979736464592e-07	1.10652133994921e-07	3.05902320501826e-07
0.00160986373254507	0.0027808944625726	0.00454336257834696	0.0070658688715566	0.0105539799669366	0.0152094662914163	0.0212421746609918	0.0288557048363479	0.0382565431991307	0.0496794216380916	0.0634160068820763	0.0797842781665106	0.098979353418653	0.120877255591876	0.14478781497794	0.16930006134181	0.192271202164998	0.211069534805876	0.223031604106195	0.226106369176421	0.219443331887946	0.203722475569428	0.181057588884174	0.15446186161125	0.127076068372894	0.101494895444566	0.0793597066228128	0.0613477295637455	0.0473873213729611	0.0370009300345705	0.0295208019820763	0.0242813014634205	0.0206271489464667	0.0179636173273731	0.0157984283757933	0.0137722401709722	0.011708531094296	0.00960604705016416	0.00758748749468527	0.00579970839469521	0.00434892684697712	0.00326094290264256	0.00249355721452106	0.0019640132355448	0.0015845276516433	0.00128744138496958	0.00103025234900999	0.000796650082729327	0.000584283313288962	0.000400388509350359	0.000255573123886104	0.000150191686325149	8.09120954788683e-05	3.98453052004064e-05	1.7641151629756e-05	7.24812364275991e-06	2.70778286200595e-06	9.18158692511817e-07	2.83013798140775e-07	3.05902320501826e-07
0.00219015262062718	0.00376397863141641	0.0060967176080091	0.00937568969767895	0.0138174583839784	0.0196431791362571	0.0271040174738635	0.0364971258625995	0.0481713591648784	0.0625459237430274	0.0801212532409989	0.101419923559609	0.126810158505244	0.156264748893443	0.189042493140587	0.22344994200538	0.256752005372359	0.285414837922493	0.305660607012034	0.314342527088521	0.309808495859205	0.292465826005663	0.264775246831156	0.230600422322366	0.194175330464817	0.159134493271903	0.127898291415157	0.101600162231056	0.0803676644683254	0.0637677251800777	0.0510956613019074	0.0416081113189647	0.034523462918111	0.0290898017212143	0.0246606363748949	0.0207661832242695	0.0171629306273755	0.0138350849738194	0.0108977967678153	0.00847113007582997	0.00660692671298921	0.00525715459981145	0.00430927903535285	0.00362488896805842	0.0030814851810713	0.00259656219433107	0.00212720486072704	0.00166795070723194	0.00123345478124918	0.000850454086271879	0.00054394028126496	0.000320048699484936	0.000172525024871448	8.49874180318725e-05	3.76907560889471e-05	1.54684865431524e-05	5.77706733788278e-06	1.95673833105276e-06	6.02366380764149e-07	3.05902320501826e-07
0.00262615411778771	0.00452839607220122	0.0073455547177519	0.0112943962021668	0.0166118214411599	0.023549431750006	0.0323989482759412	0.0435388968061988	0.0574261644854164	0.0746044645169611	0.095702935687896	0.121371276684587	0.152120259683254	0.188087416082922	0.228682475893728	0.27225594794772	0.315864628258845	0.35539566266724	0.386092048245798	0.403577114354284	0.405003763850456	0.389957167528474	0.360695433545586	0.321523790683046	0.277573091521647	0.23352251810665	0.192714576497185	0.156950882970478	0.126794857184734	0.102095280202803	0.0823310681896649	0.0668570341235234	0.054871917216951	0.0454938996558132	0.037878770800831	0.031378703061056	0.0256166249981301	0.0205283697349164	0.0162147505169682	0.0127740000201572	0.0102080765586684	0.00838621378324189	0.00710684188797446	0.00615157355497813	0.0053416662371298	0.00456506911768931	0.00377290169526804	0.00297215438722869	0.00220286098179899	0.00152089198858358	0.000972367697545682	0.000571776434276022	0.000307949967690427	0.000151577656570186	6.72654523007637e-05	2.75475977667209e-05	1.02804125034075e-05	3.47311427389215e-06	1.06688876027713e-06	3.05902320501826e-07
0.00282355740933236	0.00490870935495427	0.00801972164268562	0.0124068194085608	0.0183336242878938	0.0260911414527771	0.0360113244688845	0.048539887078692	0.0642082376626209	0.0836284268004715	0.10747928809821	0.136451419169105	0.17113198986613	0.211827346897272	0.25822964664905	0.309023113461227	0.361483782618089	0.411381269341764	0.453329842607821	0.481820957807657	0.492607228427919	0.483998772575659	0.457489799710021	0.417312234904201	0.369124510778154	0.318451691037711	0.269502349468431	0.224795789382071	0.185462874054083	0.151836519196624	0.123825055675397	0.101120947033344	0.0830830405928668	0.068784247146129	0.057166783459994	0.0473396560790856	0.0387203886842599	0.0311630528958677	0.0247673330545172	0.0196493512822892	0.0158065462014593	0.0130489980338002	0.0110851778608948	0.00959519484039555	0.0083167091604021	0.00708524856881065	0.0058330145721863	0.00457383393579674	0.00337409742826099	0.00231994309900832	0.00147750413997083	0.000866465875719536	0.000466031505103724	0.000229689263471519	0.000102637177521624	4.24943212837796e-05	1.62694866794379e-05	5.74686531765623e-06	1.91728085547248e-06	1.80966783305391e-07
0.00278860757071959	0.00489145878723269	0.00805794419742732	0.0125592751742167	0.0186782143907247	0.0267416851981822	0.0371190806948486	0.050313358731165	0.0669155488579305	0.0875832726935712	0.113006309849458	0.143864588426897	0.180754423161708	0.22409457004247	0.273867635703524	0.32922196226104	0.38794277882847	0.446091387136856	0.498090940516194	0.537629472312845	0.55919036247958	0.559713689360955	0.539651443033998	0.502779283531076	0.454865710983614	0.401882440087551	0.348563114617767	0.297900706424695	0.251478011612509	0.21014264275391	0.174384367283005	0.144447872001902	0.12006049114515	0.100396349724665	0.0842454135682832	0.070475737712649	0.0582802543858203	0.0474285485264139	0.0380547904058165	0.0303542859614168	0.0243891015107701	0.0199586073764968	0.0167014677197095	0.0141899556487236	0.012060570498725	0.010080311667957	0.00815216752235001	0.0062882944655071	0.00457210719466116	0.00310598069585225	0.00195934370777049	0.00114221342443812	0.000613294747443236	0.000303962268243122	0.000138365638592837	5.92091399264918e-05	2.41669052765411e-05	9.43339546429499e-06	3.65344382840827e-06	8.99212311889064e-07
0.00258060350002464	0.00455485420703486	0.0075473682002407	0.0118255541543668	0.0176714147070077	0.0254298742369676	0.0354957263257416	0.0484138538834608	0.0648250923564488	0.0854313200279778	0.110932337270727	0.141994703099111	0.179192795779133	0.222991941633184	0.27358554015069	0.330544661174175	0.392232522676282	0.4552201857053	0.51411982769624	0.562288440320118	0.593415243129212	0.603426596242925	0.591873607110593	0.561954281303868	0.519181543371859	0.469446094757642	0.417437266818893	0.366123314086679	0.317181767267383	0.271783365300473	0.230956107133792	0.195562726863433	0.165833403785236	0.141202813839341	0.120461670796188	0.102357742641989	0.0859505479962702	0.0709877777972144	0.0576986793544319	0.0464210244116908	0.0373456908591667	0.0303145542576664	0.0249303958606808	0.020672058899392	0.0170794638334762	0.0138559674372622	0.0108802408963921	0.00816188901816131	0.0057881438800743	0.00385196772233269	0.00239448321549527	0.00138772322174228	0.000749968073145816	0.000381823945712469	0.000184507940266989	8.70646980319049e-05	4.11351656049265e-05	1.92648467308406e-05	9.05663256699445e-06	3.68722726422251e-06
0.00224306289450282	0.00396957610541893	0.00659633521203027	0.0103646264345125	0.0155370034803393	0.0224547407631117	0.031518102715206	0.043286461859792	0.0584251661978081	0.0776683903031279	0.101727361525784	0.131272194960962	0.166858464234558	0.20895918992923	0.257878462901834	0.313471459933811	0.374573102832107	0.438288244665839	0.499679271355392	0.552285349969064	0.589691751040702	0.607486555286351	0.604771021997988	0.584247663596117	0.550885733526578	0.509958741803452	0.46550583578931	0.419927450209945	0.374561126615233	0.330558304427655	0.289221211470886	0.251855091728366	0.219143755587334	0.19087182924473	0.166038329303089	0.143513758093585	0.122449314113825	0.102720491444695	0.0847404430635422	0.069039588852234	0.0559698224433355	0.0454464145256603	0.037063208423636	0.0302289200054193	0.024409634233828	0.0192715919774251	0.0146951465249982	0.0107056019451207	0.00739274884443991	0.00481961561810771	0.00296653510202171	0.00173315337847742	0.000970075857907296	0.00053178322437928	0.000290475116217736	0.000160531201664119	8.97705771698761e-05	4.90327282642172e-05	2.58746760144425e-05	1.25691761655322e-05
0.00180012331879931	0.00319005291223155	0.00531474819840386	0.00838029145939	0.0126232118649325	0.0183688259825999	0.0260063775568413	0.0360807181323018	0.0492440776845922	0.0662281762070061	0.0877315813754858	0.11442053191546	0.146828791732064	0.185410704249218	0.230493319158543	0.282063338334112	0.33925750385237	0.39964350144484	0.458901488690997	0.511223684204613	0.5507978741215	0.573602733031041	0.578799101380592	0.568727041838303	0.547594851375766	0.519645956000588	0.487843389190798	0.453665614390858	0.417795149553071	0.381005803833719	0.344457298988627	0.309489050028501	0.276969419459974	0.246991920936006	0.218958095960037	0.192178098763653	0.166227647223645	0.141345109297929	0.118247456441432	0.0976898056441689	0.0801674397336066	0.0656476315106171	0.0537029591029214	0.0436758788689118	0.0349795845925517	0.0272780034205014	0.0204956498588677	0.0147140246857174	0.0100486960961463	0.00653485095838707	0.00407732615027562	0.00247719362472092	0.00149190703898321	0.000910548598888359	0.000566201500433604	0.000354119097873153	0.000217832242373789	0.000127453437602269	7.00845187450288e-05	3.57067666134734e-05
0.00130209795497565	0.00231720537623224	0.00388786152055468	0.00618853521405099	0.00943453286215196	0.0139352329798239	0.0200638281513258	0.0283338114040511	0.0393527794788343	0.0538046386099972	0.0723271074916904	0.0955327289871292	0.123892632676572	0.157799005531539	0.197529314855341	0.243089248602067	0.293785864156235	0.347592741205336	0.400925580356038	0.448984214264511	0.487084351088311	0.512121698623964	0.52366432532063	0.523767880861599	0.515751333079768	0.502635448714192	0.486172058102386	0.46684397614805	0.444565603148569	0.419465834396624	0.392131359073161	0.363440572774884	0.334062650209059	0.304258724967181	0.273965294905168	0.243237871964188	0.212429758170453	0.182408292743848	0.15432068658917	0.129152158489341	0.107468075182333	0.089198598842226	0.0738224009343485	0.0605780095569222	0.0488251991070602	0.0382510217972798	0.0288692467198888	0.0208695606310343	0.0144390432581506	0.00961627233933614	0.00624714689982852	0.00403280700935934	0.00262914152963123	0.00174699013555	0.00117221598027174	0.000775576469150559	0.000493657992329993	0.000295222929783438	0.000164156348943266	8.44888815987159e-05
0.000837406536759749	0.00150954841630426	0.00257930429523822	0.00419909476023685	0.00657156944141537	0.00999481021674192	0.014827058822868	0.0215429891301239	0.030685523287872	0.0428473194676848	0.0585517241158626	0.0782865705067042	0.102396242038396	0.13115732436849	0.164753077299044	0.203165847633698	0.245833136958625	0.291142308824422	0.336321651234275	0.377751165198251	0.41209025585683	0.437337744830438	0.453566452154823	0.462561147966923	0.466746303942268	0.467965989276755	0.466875589764498	0.463084973404106	0.455768986391701	0.44427336549804	0.428320686234614	0.407972346149167	0.383411251143995	0.354944086433635	0.323111641367944	0.288916422474848	0.253730078136378	0.219230885573869	0.187058761989063	0.158381599700912	0.133712651641599	0.112808641418657	0.0949447745907616	0.0791965536398446	0.0648582284273119	0.0516532691340884	0.0397162709553241	0.029383061821104	0.0209560369761794	0.0145230956834469	0.00991700169105303	0.00677323189286532	0.00466987413644754	0.00324742284528974	0.00224707047586745	0.00151286811060313	0.000970116806788476	0.000582341758801413	0.000324016302541522	0.000166722513709562
0.00048809587440547	0.000908415938985869	0.00161513886833845	0.00274838693110509	0.00450378186631226	0.00716718989049696	0.0110758477342712	0.016652096797976	0.0243547489376099	0.0346489576178863	0.0479064318694299	0.0644409595080641	0.0844298312645982	0.108008753327799	0.135269336436038	0.166198902138597	0.200408562631475	0.236755502248416	0.27330231905237	0.307584235077522	0.337507794281467	0.362038507641106	0.381635987162505	0.397793612549873	0.412149883702227	0.425583927868478	0.437889541006814	0.447978114496031	0.454357141238607	0.455577177349134	0.450444021018315	0.438153336353629	0.418382406460279	0.391491871581594	0.358652673365742	0.321842581049715	0.283461448178911	0.245976047505239	0.21144098467479	0.181087720659373	0.155240648043156	0.133365645218674	0.114459280761664	0.0974106156373727	0.0814547591377126	0.0663563499912254	0.0523690517654708	0.0399674069170941	0.0295782295953632	0.0213766909694807	0.0152464352637286	0.0108301190709191	0.00769146748445008	0.0054381230966967	0.00378279667032634	0.00254296575622507	0.00162302898873392	0.000969913026406795	0.00053737502577515	0.000275462733578339
0.000283710218504701	0.000562959024216792	0.00107069049852909	0.0019415149024392	0.00336376185523634	0.0056003657669654	0.00894830814675276	0.0137521391883321	0.0203632497555331	0.029098869458039	0.040174545904026	0.0537323867172987	0.0697958917557207	0.0883806413658663	0.109526063301262	0.133283053157707	0.15950510685076	0.187572593110397	0.216347012634453	0.244359349963625	0.270478670793661	0.294319319431089	0.316496185439247	0.338173864697437	0.360360308770287	0.38323162439372	0.405962201428491	0.426914336293681	0.444006613103471	0.455089351700327	0.458221515706894	0.451977481547946	0.435770646682902	0.410158274777828	0.376929505241836	0.338881406004748	0.299193715606561	0.260859106331159	0.226114853094073	0.196090112221777	0.170832614144263	0.14950416655492	0.130860979399761	0.113668880246407	0.0971467816164179	0.08109165001009	0.0658227042941558	0.0518819931682987	0.0397773487872971	0.0297859516262287	0.0219099438700625	0.0158995599230731	0.0113976881361776	0.00804058114904655	0.0055364140074802	0.00367302315835803	0.00231426347966655	0.0013684755848381	0.000751855165041949	0.000382994211523525
0.000198708182533409	0.000426791913413882	0.000866539678680126	0.0016495276791933	0.00295123837490347	0.00499572170633261	0.00801602684132571	0.0122549976538353	0.0179425681451891	0.0252560768401375	0.0342868127898905	0.0450542407923915	0.0574805189138243	0.0715031968196161	0.087144373355822	0.104549428342087	0.123843287375842	0.144933632582078	0.167403466331247	0.190584475755593	0.214003768046346	0.237601496403976	0.261918101033081	0.28774469268373	0.315591061309933	0.345155566398749	0.37520230926914	0.403686393768861	0.42805182199808	0.445621725289195	0.453984121140219	0.45144623042321	0.43747607711062	0.412985334071953	0.380304328316133	0.342758234309156	0.303892606386314	0.266822688458346	0.233676004266669	0.205350565335391	0.181647139692789	0.161561787341091	0.14378239560792	0.127093159708233	0.110755405590404	0.094560728503442	0.0787868957991787	0.063920543456195	0.0504654833915261	0.0387900515401913	0.0290684140927313	0.0212580512584779	0.0151768579631545	0.0105557797721354	0.00712105834353649	0.00462203668566563	0.00285491917041397	0.00166142177609714	0.000901729167907352	0.000455629278745196
0.000182790387552355	0.000409242430783249	0.000849634451808503	0.00163068991940111	0.00290739986075798	0.00485297068725222	0.00762392562545079	0.0113577117230661	0.0161732761723208	0.022145469188992	0.0292949076076227	0.037581975792226	0.0468819181873908	0.0570843646179987	0.0681966688909578	0.0804363840314633	0.0941613700804861	0.109740526347598	0.127366736025813	0.146999654511281	0.168604001168103	0.192235067765682	0.218218982453093	0.246951523622563	0.278539942187099	0.31237492434553	0.346998191562068	0.380132908999708	0.408922636162414	0.430363555714907	0.441807074527307	0.441536246015742	0.42924738588134	0.406235385842186	0.37520807294695	0.339691868739349	0.303197947114259	0.268617628128373	0.237777177153394	0.211345955154663	0.189042085651653	0.169938782750204	0.152880583194423	0.136806912103139	0.121042430850537	0.1052986377041	0.0896815559522317	0.0744951996019839	0.060150133361599	0.0470777268725377	0.0356449825770451	0.0260772699585933	0.0184295170063126	0.0125745757956029	0.00827366977218757	0.00523079602014862	0.00315498661007176	0.00180204538208835	0.000965238226896769	0.000484420543678908
0.000187885886327077	0.00042246051948613	0.000870860415911296	0.00165008908404162	0.00288885601583335	0.00470836763173875	0.00719572549923038	0.0104051592169963	0.0143792070382261	0.0191409285268462	0.0246921138036266	0.0309832401388801	0.0378787342845144	0.0452352280222617	0.0530302561807229	0.0615006004543517	0.0711465079518053	0.0826625493357388	0.0966913152642256	0.11365575530209	0.133820272077435	0.157277534330825	0.184128159751088	0.214422165517638	0.24796570395855	0.283987395734163	0.320987727801407	0.35666553116884	0.388074802615653	0.412060775192515	0.425846142378178	0.427708036908206	0.417485789187024	0.396682919932186	0.368138472334421	0.335314461317413	0.301469052610717	0.269163991815482	0.239969901361235	0.214506285489443	0.192654075233444	0.173788244943344	0.157048274385747	0.141553764941672	0.12662918229657	0.111807534427688	0.0969216278426005	0.0820206863183846	0.0673719108461258	0.0534383224725339	0.0407579454074084	0.0298173346871345	0.0209096898401274	0.0140606450999018	0.00907743083958699	0.00562659814332893	0.00333725997775841	0.00188627662849138	0.00100735132532102	0.000508190022734723
0.000182758616158844	0.000408341508788531	0.000831237529418414	0.00155243329879944	0.00267231161030317	0.00426935686343994	0.00638369797654465	0.009023384845072	0.0121972156661121	0.0159186734183511	0.0202033013537613	0.0250178282512551	0.0302390481559224	0.0357119736101558	0.0413877851296036	0.0474826697858102	0.0545363080542486	0.0633888145697734	0.0749181942171711	0.0898176887312588	0.108539666237882	0.131219022430095	0.157827648005349	0.188210067098973	0.22201467378156	0.258452978795051	0.296146424019181	0.332967599070472	0.366085710956516	0.392335764214295	0.408818700320205	0.413643868735041	0.406488224074157	0.38870597745608	0.362954228462368	0.332455999901369	0.300229517864441	0.268695433749536	0.239475962884626	0.213466758178392	0.190958374694331	0.171729527111644	0.155173690765261	0.140452963085312	0.126739106390894	0.113291671959566	0.0996392739430325	0.0855960877414432	0.0713030376513921	0.0572371978177132	0.0440515591307318	0.0324184365372174	0.0228041741500707	0.0153549463322652	0.00992695213973727	0.00617684509711687	0.00369565312646186	0.00212169784749408	0.00115968106249157	0.000602097072896816
0.000156128287224774	0.000346916867380446	0.000699430676048484	0.00129309005719712	0.00220102408030539	0.00347215522431754	0.00512411478920302	0.00715199422856664	0.00956252304761939	0.0123808031123297	0.0156466337099269	0.0193543940567434	0.0234166381646571	0.0277083604611458	0.0321923117128292	0.0370616042416233	0.0428160099089038	0.0502628025241302	0.0602820488709955	0.0736197984169523	0.0907929727758113	0.111997633249744	0.137213319432449	0.166267124741512	0.198819681382483	0.234202014631555	0.271280213143684	0.308255997293232	0.342595427326441	0.371265134853386	0.391251620217008	0.400300787859717	0.397543541786596	0.38372819541965	0.360954946429559	0.332054066777023	0.299929415572151	0.267211152829342	0.236026026979305	0.207938709067713	0.183864111168849	0.163977870439458	0.147754277462353	0.134160105290232	0.122025667393719	0.110270713595618	0.0981611026768277	0.0853743664459339	0.0720011542567748	0.0585344174163945	0.0456696400487054	0.0341436205063501	0.0244812623839624	0.0168804913530072	0.011237832764123	0.00723962892168254	0.00450466752987891	0.00269671853250699	0.00153912569531291	0.00083196591428862
0.000114332639798402	0.000253109000631225	0.000507012735571674	0.00093154800391523	0.00157568390701877	0.00246970095517662	0.00362466029547699	0.00504039992230562	0.006733809670336	0.00874305341309694	0.0111270810870262	0.0139113629263629	0.0170651989926717	0.0205382654027955	0.0243539831970146	0.028705617486068	0.0340140603927231	0.0409299764502951	0.0501538630065627	0.0623003521914572	0.0778306949491772	0.0969944415549566	0.119878709358602	0.146447664031247	0.176516042721725	0.209635445545706	0.24499455945661	0.281230686098302	0.316266739807034	0.347376429301389	0.371527548194038	0.386020857355067	0.38915091702979	0.380635657952876	0.361611100298306	0.334282648784749	0.301470241325967	0.266277750959415	0.231723000099634	0.200387971536046	0.174006177910853	0.153149504472963	0.137230735465187	0.124834497083775	0.114316373642465	0.104233689579601	0.0936621458460345	0.0822546475691295	0.0701349023267139	0.0578154970287397	0.0459607490570113	0.035243313861328	0.0261215561042991	0.0187653276374417	0.0130954488605767	0.00886632635339085	0.00579053182837608	0.00362076116189541	0.00214613104768805	0.00119524378683961
7.07449425779815e-05	0.000156401908797988	0.000312205015749337	0.000571968516262891	0.000965230979185775	0.00151046690485835	0.00221770134155724	0.0030940632367602	0.0041635782382735	0.00546845739309589	0.00707444274563964	0.0090336137878963	0.0113771326959835	0.0141476770031552	0.0174533963078875	0.0215089215904851	0.0266542786435945	0.033343448328859	0.0420219467984041	0.053079559136674	0.0668406779983385	0.0835693299126695	0.103481694436998	0.126741161758559	0.153387684912634	0.18324385738708	0.215861611032515	0.250375497599789	0.28528842767249	0.318364855650511	0.346739123715283	0.367362062843781	0.377622335118534	0.375964605454766	0.362221974879075	0.33766092248158	0.304831446843864	0.267294556319084	0.229083395798116	0.193978344045094	0.16469205290267	0.142286864204407	0.126145918097129	0.114471686125497	0.105146624517202	0.0963908816946283	0.0871378763513006	0.0770618069630696	0.0663436507693875	0.0554942778368072	0.0450855193440305	0.0356348463824899	0.0274496072487468	0.0206182873503502	0.0150744726925686	0.0106650065683601	0.00723581532117939	0.00466417088643573	0.00283090004350195	0.0016041483755333
3.67657242574129e-05	8.13000311672554e-05	0.000162045170549618	0.000296677307215592	0.000500878374864057	0.000785217755582031	0.00115830897016759	0.00163001289319149	0.00222377031812831	0.00297662756712062	0.00394915138324452	0.0052080928772618	0.00683030588806059	0.00893198348453307	0.0116895574144891	0.0153393176019614	0.0201577196564159	0.0264324289846924	0.0343828257551542	0.0441811968030175	0.0559926529114474	0.0700461964245512	0.0866388775786033	0.106099729736184	0.128685595560224	0.154487586774462	0.183425481559855	0.215139585845348	0.248762135829698	0.282671446991026	0.314368855053226	0.3406892765312	0.358300937622173	0.364425864434075	0.35747711676822	0.337525923455341	0.306526980634585	0.268195853420967	0.227368943710935	0.188937731042881	0.156634633630414	0.132156875131693	0.115062332779709	0.103377983431975	0.0946661751538494	0.0868794659261254	0.0788050844603179	0.0700827952424444	0.0608873070698076	0.0516752668603536	0.0428945363160139	0.0348896179714911	0.0278115260231635	0.0216678658072544	0.0164062394549701	0.0119665617434507	0.0083233206541305	0.00546973404750414	0.0033717513198727	0.0019355719077485
1.59927946496776e-05	3.54143040637299e-05	7.05763807845671e-05	0.000129331752476945	0.000218877746346433	0.000344592942860812	0.000512435843135246	0.000730627413960754	0.00101703338958181	0.00139894483118215	0.00192447177885858	0.00266062509318279	0.00370272430663861	0.00519980768189684	0.00735618860664195	0.010412312919797	0.0145996808317975	0.0200981638608669	0.0269808201771859	0.0352673168900335	0.0449861644089468	0.0562951727971735	0.0694984260789803	0.0850071943166958	0.103232984256232	0.124489438273952	0.149024677822694	0.176926397580215	0.207903369181	0.240953854592785	0.274073449500513	0.304251504412626	0.327802916820451	0.34107526446045	0.341269370253809	0.327246517943804	0.300112856474962	0.263319364898097	0.222036439764425	0.181886283297228	0.147436142387748	0.121068198491148	0.102751993670849	0.0906483903797578	0.0822514803853023	0.0753572560479656	0.0685799319628547	0.0614099982789323	0.0539017203281195	0.0463974469662123	0.0392293215357783	0.0326250252076747	0.0266493368458103	0.0212779192322987	0.0164815940020754	0.012266999671094	0.00868892756092906	0.00580868851350884	0.00364494417423179	0.00213409836592403
5.8092575615176e-06	1.28939618726049e-05	2.57165461954697e-05	4.72211234957123e-05	8.02262381025353e-05	0.000127077678404795	0.000191049655149992	0.000277227159092805	0.000397283536143529	0.000568739639720797	0.000825709724077248	0.00122505235040216	0.00185740306405324	0.00286778991966995	0.00445057451614324	0.00682881718492905	0.0101992729638119	0.0146827016633634	0.0202801963982524	0.0269291229844357	0.0345630087383797	0.0432584334794725	0.0532697559382535	0.0650094565377227	0.0789631026903374	0.0955944781708414	0.115398737056711	0.138796504995402	0.165936170626099	0.196328913255926	0.228474771915623	0.259715123084924	0.286408193006156	0.304538895019947	0.310579132392648	0.302476517110887	0.280481956921603	0.247462303388169	0.208382116915141	0.169017365068919	0.134344692398899	0.107276928357602	0.0883059856378281	0.0759919693832675	0.0680261485970333	0.0621977238198509	0.0569603716987075	0.0515705857256289	0.0458694198155557	0.0400458958147771	0.0343503001607045	0.0289814795183831	0.0240159063190816	0.019460463835622	0.0153143672409982	0.0116062828308592	0.00840146484170965	0.00576699639684309	0.00373646299369988	0.00227228798638916
1.75020235500413e-06	3.89526925664852e-06	7.77472586329828e-06	1.43097325946757e-05	2.44239397214966e-05	3.89708522933299e-05	5.94014750237101e-05	8.82300766429081e-05	0.000132738113662321	0.000203044133380172	0.000321913349840398	0.00053274839525148	0.000910545534426285	0.00157722825547481	0.00269701654276257	0.00446071988959588	0.00703161217526383	0.0104950066455534	0.0148210110228465	0.0199100616581899	0.0256394927065608	0.0320175717157237	0.0392291838508607	0.0476429544997677	0.0577549210783252	0.0701088418538177	0.0853506480183013	0.104102468366356	0.126785026045619	0.153254444711434	0.182420428707761	0.212037094645002	0.23878061792412	0.258743886540387	0.268236470257781	0.26478832668912	0.248047515565811	0.220206454212268	0.185614457523247	0.149624830077268	0.117085203138832	0.09110509419079	0.0726197510788156	0.0607095325518282	0.0534637806099745	0.0488348995786707	0.0452058502215681	0.0416104143822817	0.0376566876558044	0.0333734348723286	0.0289584373395289	0.0246449021044224	0.020588417428668	0.0168666534305234	0.0135009726210359	0.0104975269149214	0.00787203530649237	0.00564980855669434	0.00385568385486165	0.00248238287984228
4.42912907466507e-07	9.9010296638982e-07	1.98167448531455e-06	3.66364817303665e-06	6.29755282103965e-06	1.01496380775176e-05	1.57523812917584e-05	2.41363639629962e-05	4.01230328955326e-05	6.91085367360765e-05	0.000126332476260656	0.000243310000384436	0.000477980241737693	0.000925188820404458	0.00171440558688401	0.00299835866203241	0.00490500702251995	0.00749131167692074	0.0107113845368111	0.0144513899296145	0.0185632776741455	0.023012620114069	0.0279263269109363	0.0336213298298456	0.040570236332317	0.0493443830011048	0.0606539669916695	0.0752090203584024	0.09355649094792	0.115735196976025	0.140925805569696	0.167240456176304	0.191770280707778	0.210999907430302	0.221515471132691	0.220910582471919	0.208598370183108	0.18621648267102	0.157329930643943	0.126484077317313	0.0979438746369455	0.0746423307873968	0.0577483430473224	0.0468290796286439	0.0404650455423641	0.036919584733224	0.0346467131308731	0.032558332949535	0.0300819816220286	0.0271045989953998	0.0237779472792317	0.0203793947739715	0.0171527581573788	0.0142470062302757	0.0116916431301378	0.00944448506921454	0.00744473038870807	0.00565940693079021	0.0041004261678259	0.00279788838036777
9.3272519712317e-08	2.09607779209915e-07	4.20914100210251e-07	7.82264793128552e-07	1.35576172514741e-06	2.21022166057536e-06	3.50721636337297e-06	5.60294151528684e-06	1.20113320354113e-05	2.54752675821363e-05	5.667059908178e-05	0.000128210955854806	0.000283432768515623	0.000593110046519698	0.00115481369528243	0.00208386880665505	0.00347287304868496	0.00535361577684149	0.00767073420555867	0.0103103355129677	0.0131256376294804	0.0160693786299685	0.0192371345989989	0.0229059856560101	0.0275107463533997	0.03360953277415	0.0419030632365089	0.0531000687280857	0.0677681320569198	0.0860151953532075	0.107180981951118	0.129650190095519	0.150910289699557	0.167929371313656	0.177785292695706	0.178433234921047	0.169349432369449	0.151816275641816	0.128656043811701	0.103485796113545	0.0797583717071428	0.0599687923320388	0.0452980112999236	0.0356713319596387	0.0301439007711284	0.0273679082935512	0.0259951072407716	0.0249450744201252	0.0235522126010765	0.0215953055843899	0.0191712411268928	0.0165711336400219	0.0140916189940126	0.0119257974283844	0.0101000934906703	0.00852539630736747	0.00707437177224538	0.00566714893543493	0.0043087936615383	0.00306510785941246
3.05902320501826e-07	1.22984046837153e-09	4.02424115783215e-09	1.19598971358107e-08	3.33208892282778e-08	8.24247172701117e-08	2.05037484377902e-07	5.14211718880292e-07	3.63881102779212e-06	1.09493378566734e-05	3.00483254281106e-05	7.68384431209331e-05	0.000182412493900641	0.000397210721410941	0.000790935731795625	0.00144539684492462	0.00242171292275484	0.00373339894250669	0.0053257106837951	0.00710098161659251	0.00893879770648364	0.0108057420107452	0.0127894664670742	0.0151353188650682	0.0182243079734998	0.0225568818981289	0.0287555284682827	0.0374551814549287	0.0491756590947573	0.0640406460176999	0.0815075752937469	0.10020213676752	0.117986543029055	0.132313053028506	0.140786547452046	0.14179815161016	0.134997550242919	0.12143890059327	0.103319280756939	0.0834007400597839	0.0643269053384703	0.0480787584275664	0.0357187236696671	0.0273940389864988	0.0225485687138451	0.0202156957499807	0.019303963084915	0.0188361406019443	0.0181337989087489	0.0169063259802105	0.0151888742900056	0.0132473831586744	0.0113849371127368	0.00980763397219829	0.00853950002361482	0.00746907733961309	0.00643686523786794	0.00534044908865853	0.00418180116340971	0.00304558329842163
2.03934880334551e-07	3.05902320501826e-07	3.05902320501826e-07	3.05902320501826e-07	3.05902320501826e-07	3.05902320501826e-07	4.76082768735586e-09	3.51759991819619e-08	1.90698422863848e-06	6.2889269941355e-06	1.83057743556385e-05	4.84518330079774e-05	0.000117340962782369	0.000258197216499734	0.00051678192902717	0.000946793110182151	0.00158462425787453	0.00243473744245628	0.00345475592253529	0.00457800914710102	0.00572796495163389	0.00690095250050433	0.00818729977028601	0.00979747523887448	0.0120378822917401	0.0153078337627598	0.0200949755649618	0.026905423540372	0.0361700054428569	0.0480161239971312	0.0620368004449085	0.0771379385011889	0.0915920806054288	0.103341400857032	0.110476263874384	0.111744209985616	0.106892827578192	0.0967292916317067	0.0828930609063094	0.0674271413887373	0.0523115681032683	0.0391009558958056	0.0287379683288703	0.0215163249070852	0.0171731334987883	0.0150570582049463	0.0143193215542686	0.0141187945522521	0.0138095710871094	0.0130620625047257	0.011851043594764	0.0103918222302932	0.00896269404437032	0.00776573514305903	0.00683601773860516	0.00607408188326819	0.00532738015539045	0.00449327145018753	0.00356715021953803	0.00262637073945125
1.359565868897e-07	2.03934880334551e-07	2.03934880334551e-07	2.03934880334551e-07	2.03934880334551e-07	3.05902320501826e-07	9.72425175011459e-10	7.75907607683879e-09	1.13286878390478e-06	3.69991923152442e-06	1.07914963284452e-05	2.86025259613335e-05	6.92661051359608e-05	0.000152266120334657	0.000304296029174616	0.000557467029361505	0.000931135529728034	0.00142776428814738	0.00202330131888182	0.00268605380492916	0.0033847270924831	0.00414448048568351	0.00505464187441956	0.00628196565256987	0.00804504647914838	0.0106200157448883	0.0143368729358479	0.0195516114065424	0.0265931750111025	0.0356000035479152	0.0463347923277078	0.0580429483835395	0.0694668995315061	0.0790584071982113	0.0853359112741975	0.0872672868474527	0.0845317594398795	0.0775746326013529	0.067476519410676	0.0556819871164057	0.0436944353537701	0.0328109360305763	0.0239432158130265	0.0175242739267691	0.0135151873022335	0.0114968646516033	0.0108058040777293	0.0107178161973321	0.0106269016536614	0.0101791311784322	0.00929553452325447	0.00813430489166263	0.00694029585684771	0.00591174326461646	0.0051124050630583	0.0044826822995483	0.00390408249296099	0.00328603751753433	0.00261060034551518	0.00192576928452907
9.06377245931337e-08	1.359565868897e-07	1.359565868897e-07	1.359565868897e-07	1.359565868897e-07	2.03934880334551e-07	3.05902320501826e-07	3.05902320501826e-07	5.79892269224361e-07	1.88266049827632e-06	5.49776494815297e-06	1.4583403481089e-05	3.52988158594547e-05	7.7526055746461e-05	0.000154736153045537	0.000284274419886419	0.00047526695145324	0.000730955301866532	0.00104323357167292	0.00140699308840208	0.00182277697856435	0.00233087536840588	0.00300919257662698	0.00397659145753895	0.00536908117974504	0.00734994776584704	0.0101103444895231	0.0138736043565009	0.0188795259023064	0.0252862427337851	0.0330360084368254	0.0417297837258406	0.0505924923154224	0.0585706266025826	0.0645426999815195	0.0675755377663985	0.0671421040817582	0.0632359436537437	0.056385388853066	0.0475463037886007	0.0379131889807786	0.0286829357939861	0.02082984810201	0.014938063824173	0.0111431080333283	0.00918326786134361	0.00851612136323168	0.00849536527909934	0.00854266833760218	0.00828433686972914	0.0075973255377187	0.00659026272134682	0.00548057849745005	0.00447024174768416	0.00366152579290904	0.00304525180260155	0.00254531846290378	0.00208573397165798	0.00163177163343231	0.0011941612160989
6.04251497287556e-08	9.06377245931335e-08	9.06377245931335e-08	9.06377245931335e-08	9.06377245931337e-08	1.359565868897e-07	2.03934880334551e-07	3.05902320501826e-07	2.5533285870187e-07	8.24708816502275e-07	2.40683396413827e-06	6.37994890447677e-06	1.54164613206178e-05	3.38030848987864e-05	6.735076903576e-05	0.000124545497036858	0.000209172919463474	0.000324847615886266	0.000472300351038213	0.000659100959802039	0.000899285047371189	0.00123208128957114	0.00171549326742358	0.002424977304607	0.0034344439936621	0.00482736940822546	0.00670175905126522	0.00919179185134829	0.012477853977233	0.0167415396551473	0.0220785714893003	0.0283926499199283	0.0353176776795041	0.0422074645669098	0.0482087524932368	0.0524103942633879	0.054043010844788	0.0526772169155517	0.0483832290403475	0.0417623272517477	0.0338298059751936	0.0257682268953289	0.0186392912008907	0.0131498978876698	0.00955175262350171	0.00767742454537052	0.00705822863708567	0.00709904214441205	0.00724416043257136	0.00711020779533428	0.00654541647753265	0.00562256526525158	0.00453882490213108	0.0035012752411447	0.00264491677297528	0.00200312409816791	0.00153549228143073	0.00117834907427391	0.000883323600815091	0.000630434764063359
4.02834331525038e-08	6.04251497287557e-08	6.04251497287557e-08	6.04251497287556e-08	9.06377245931335e-08	1.359565868897e-07	2.03934880334551e-07	3.05902320501826e-07	9.40768983234711e-08	3.02112826130898e-07	8.8118061044833e-07	2.3343733851399e-06	5.6326401849367e-06	1.23332358403054e-05	2.45370521669399e-05	4.60060814183771e-05	7.81123033314145e-05	0.000123804533194489	0.000186426956095364	0.000275478888262254	0.000405335848792749	0.000604543978801111	0.00090955871345925	0.00136313065586402	0.00200140430492639	0.00286398629568045	0.00400233808246165	0.00550631709559085	0.00752657055711073	0.010263778442315	0.0139161584866278	0.0185901463757175	0.0241938755604341	0.0303500197953806	0.0363722329626771	0.0413457515880813	0.0443264363770073	0.0446090245265037	0.0419858540969558	0.0368586629888067	0.0301480108833235	0.0230240575346508	0.016576122513244	0.0115493181021332	0.00823475961277627	0.00650828711279228	0.00595398640145654	0.00603023472544906	0.00622225704953634	0.00616235774002686	0.00569163625604849	0.00485887699005176	0.00383889603853911	0.00283124576113475	0.00198291939576197	0.00135046074924591	0.000916481231764682	0.000627913821701307	0.00043136146996419	0.000290567090805016
2.68556221016692e-08	4.02834331525038e-08	4.02834331525038e-08	6.04251497287557e-08	9.06377245931335e-08	1.359565868897e-07	2.03934880334551e-07	3.05902320501826e-07	2.88004044734182e-08	9.24727699336711e-08	2.69672942158504e-07	7.14281014929352e-07	1.72211604103231e-06	3.76826930115912e-06	7.49155336761623e-06	1.44212723406041e-05	2.50053139928069e-05	4.10786146753336e-05	6.53980366883942e-05	0.000104578362398959	0.000168042576510777	0.000272185683282075	0.000436233060937165	0.000682286001035182	0.00102783299826968	0.00149397080813197	0.00211591998497731	0.00296768286573783	0.00418667271799557	0.00597969885543142	0.00859056282847368	0.0122229839545585	0.0169216967773081	0.0224473496291759	0.0282063337446584	0.0333023705948185	0.0367405902011662	0.0377297112267063	0.035974323991842	0.0318028529359821	0.0260702007022195	0.0198760991124535	0.0142336496135486	0.00982320866203666	0.00690425639802337	0.00536616570544358	0.00485013652060211	0.00489362424240054	0.00505722246121282	0.00502195079477961	0.00464302238311914	0.00395051526075486	0.00308553255538767	0.00221786964994985	0.00148001468795874	0.00093050228052447	0.000563573510845246	0.000337195945047447	0.000202952500926242	0.000122894813338122
1.79037480677795e-08	2.68556221016692e-08	4.02834331525038e-08	6.04251497287557e-08	9.06377245931335e-08	1.359565868897e-07	2.03934880334551e-07	3.05902320501826e-07	7.3990406323425e-09	2.37569504538034e-08	6.9281008130137e-08	1.83504167701915e-07	4.42201363488174e-07	9.66977002386044e-07	1.92125484211311e-06	3.87073542482839e-06	6.94620761038335e-06	1.20449506059784e-05	2.0663413746047e-05	3.61731520411713e-05	6.3252262012397e-05	0.000109541724430031	0.000183541586309204	0.000296171753293102	0.000456982001407313	0.000680470300941158	0.000997089717722045	0.00147392118760053	0.00223611435231741	0.00347809242239405	0.00544076570952263	0.00834499239149093	0.0122760745826219	0.0170545997371568	0.0221586356148823	0.0267693902181498	0.0299700284785337	0.0310382240776724	0.0297147829528987	0.0263054147766983	0.0215689937715973	0.016450148464287	0.0117894545453615	0.00812963168932104	0.00566439592980751	0.00429784151686295	0.00375063649975726	0.00367029125907687	0.00372291127152809	0.00366202951799407	0.00336915342918647	0.00285530694411447	0.00221628577761904	0.00157344577333847	0.00102499418195231	0.000616628767335872	0.000347135864345593	0.000186356665423381	9.77967670461992e-05	5.13061293747711e-05
1.79037480677795e-08	2.68556221016692e-08	4.02834331525038e-08	6.04251497287557e-08	9.06377245931335e-08	1.359565868897e-07	2.03934880334551e-07	3.05902320501826e-07	1.58182172906231e-09	5.07893689349633e-09	1.48114072509016e-08	3.92308806327617e-08	9.43774019377369e-08	2.06213078338261e-07	4.09234858911438e-07	8.89865694577714e-07	1.68223847065006e-06	3.1397654709708e-06	5.88236279241093e-06	1.12644178488296e-05	2.1141590007835e-05	3.84449628108317e-05	6.63258647004379e-05	0.000110273669543813	0.000176441566149938	0.00027620801028402	0.000435864652044959	0.000712939634864706	0.0012123458559527	0.00209730849649902	0.00357139339757497	0.00582534822991843	0.00893870943874753	0.0127699226937798	0.0168918209443402	0.0206348748765204	0.0232591368827371	0.0241979710795998	0.0232671158285851	0.0207269002341271	0.0171719460353666	0.0133118949033998	0.00975595159327073	0.00688694040468262	0.00484357771744636	0.00357320330804579	0.00290507761850283	0.00261756230167534	0.00249282996580851	0.00236040820489717	0.00212722395918777	0.00178273406914907	0.00137380933805282	0.000968071051962275	0.000623408887317502	0.000367165399708019	0.000199319377102101	0.000100552372384206	4.79210682452428e-05	2.20760721342016e-05
1.19358320451863e-08	1.79037480677795e-08	2.68556221016692e-08	4.02834331525038e-08	6.04251497287556e-08	9.06377245931337e-08	1.359565868897e-07	2.03934880334551e-07	3.05902320501826e-07	3.05902320501826e-07	3.05902320501826e-07	3.05902320501826e-07	3.05902320501826e-07	3.05902320501826e-07	3.05902320501826e-07	4.8007438595469e-08	1.49686157204653e-07	4.23899564365381e-07	1.09031635923793e-06	2.6108761566034e-06	5.60815260848132e-06	1.10237964606447e-05	1.98279877807914e-05	3.48646943762253e-05	6.02410122528535e-05	0.000104350772064947	0.000187005901582612	0.000351397270135369	0.000674830363137354	0.00127780494012594	0.0023093921462955	0.00391142839610643	0.00614565057046953	0.00891471257759197	0.011917545279472	0.0146840971914913	0.0167007298578787	0.0175804462675871	0.0171982475431517	0.01571878194192	0.0135101094172805	0.010999690529268	0.00855061209817656	0.0064034099948381	0.00467793790056566	0.0034009648626768	0.00253210449592235	0.00198404226682994	0.00164492112818409	0.00140615071106849	0.00119004171735489	0.00096298709141398	0.000728308169286851	0.000507540273607246	0.0003239864550111	0.000188368900508471	0.00010066135872801	4.93314208049582e-05	2.23495735284644e-05	9.48735478105401e-06
7.95722136345756e-09	1.19358320451863e-08	1.79037480677795e-08	2.68556221016692e-08	4.02834331525039e-08	6.04251497287558e-08	9.06377245931337e-08	1.359565868897e-07	2.03934880334551e-07	2.03934880334551e-07	2.03934880334551e-07	2.03934880334551e-07	2.03934880334551e-07	2.03934880334551e-07	3.05902320501826e-07	1.25979398645972e-08	3.92801045462326e-08	1.11238203427251e-07	2.86116908731774e-07	6.84741420607971e-07	1.46979342938411e-06	2.88654258166921e-06	5.18575884326326e-06	9.85158879738646e-06	1.94567275947786e-05	3.94276808820889e-05	8.24041364826135e-05	0.000176063527765193	0.000369384699432953	0.000740080630344067	0.00138246998653421	0.00239019331936476	0.00380974124252728	0.00559343400519636	0.00757339643282008	0.00948306467946559	0.0110296067083603	0.0119863838282883	0.0122579923995509	0.0118835872556544	0.0109878829155046	0.00972104970791674	0.00822600141886608	0.0066382502048967	0.00509372997168601	0.00371968202083354	0.00260773598468502	0.00178975530733004	0.0012361590280263	0.000878413232948171	0.000642220350801625	0.000471863020866597	0.000337394215656821	0.000227876796620468	0.000142824063111446	8.12842030903934e-05	4.29770034595087e-05	2.06386433658851e-05	9.00203428839506e-06	3.56626972719579e-06
5.30481424230504e-09	7.95722136345756e-09	1.19358320451863e-08	1.79037480677795e-08	2.68556221016693e-08	4.02834331525039e-08	6.04251497287558e-08	9.06377245931337e-08	1.359565868897e-07	1.359565868897e-07	1.359565868897e-07	1.359565868897e-07	1.359565868897e-07	2.03934880334551e-07	3.05902320501826e-07	2.75103316656168e-09	8.57766202681828e-09	2.42912722481777e-08	6.24798271697715e-08	1.49443837260653e-07	3.20167010859739e-07	6.27754973019813e-07	1.12500286860007e-06	2.52185154556491e-06	6.20608630361429e-06	1.51349439015902e-05	3.60525770480455e-05	8.39365438036611e-05	0.000185172049384926	0.000384037283591095	0.000731864998568724	0.00128557325803783	0.00208213662628762	0.00311725425791803	0.00433334941602283	0.00562831925459893	0.00688272020646415	0.00798789898459823	0.00885592464890416	0.00940802860274856	0.0095622582442659	0.00924617811014844	0.00843832379943053	0.00721034523872214	0.00573196894468789	0.00422500471041872	0.00288999320354104	0.00184731128163254	0.00112081930436318	0.000662055942716816	0.000392489640482843	0.000238541900005434	0.000148377066955891	9.18177228487647e-05	5.47716862600122e-05	2.95523316953219e-05	1.56281729503345e-05	7.5064205423862e-06	3.27465688595765e-06	1.29749872288215e-06
3.53654282820336e-09	5.30481424230504e-09	7.95722136345758e-09	1.19358320451864e-08	1.79037480677795e-08	2.68556221016693e-08	4.02834331525039e-08	6.04251497287556e-08	9.06377245931335e-08	9.06377245931335e-08	9.06377245931335e-08	9.06377245931335e-08	9.06377245931337e-08	1.359565868897e-07	2.03934880334551e-07	3.05902320501826e-07	3.05902320501826e-07	3.05902320501826e-07	3.05902320501826e-07	3.05902320501826e-07	3.05902320501826e-07	3.05902320501826e-07	3.05902320501826e-07	2.91265893142074e-07	1.51099840440963e-06	5.02769205159482e-06	1.38745822637451e-05	3.48948219266954e-05	8.01120497616992e-05	0.000172818984475144	0.000336981654762356	0.00060659786864834	0.00101333427171257	0.00158177093548941	0.00232610911041012	0.00324990670863988	0.00434304364453113	0.00556766481350163	0.00683341152680334	0.00797884913315875	0.00878633486856046	0.00904409685512901	0.00863487919081184	0.0076014826905569	0.00614477967862217	0.00455040211723988	0.00308514444274096	0.00191827954782186	0.00109946902301645	0.000587079814442965	0.000297621767348962	0.000147359561267155	7.36730582242891e-05	3.78077593792951e-05	1.97564014167289e-05	8.96354390542459e-06	4.74019498177421e-06	2.27677906426959e-06	9.93239080932784e-07	3.93545487025902e-07
2.35769521880224e-09	3.53654282820338e-09	5.30481424230506e-09	7.95722136345758e-09	1.19358320451864e-08	1.79037480677795e-08	2.68556221016692e-08	4.02834331525038e-08	6.04251497287557e-08	6.04251497287557e-08	6.04251497287557e-08	6.04251497287557e-08	6.04251497287558e-08	9.06377245931337e-08	1.359565868897e-07	2.03934880334551e-07	2.03934880334551e-07	2.03934880334551e-07	2.03934880334551e-07	2.03934880334551e-07	2.03934880334551e-07	2.03934880334551e-07	3.05902320501826e-07	1.05357268603647e-07	5.61747609109355e-07	1.89509608761948e-06	5.2389095929768e-06	1.32105975407779e-05	3.04152410931311e-05	6.92794175984153e-05	0.000139471502952919	0.00026273298158685	0.000467133734413318	0.000790672141260844	0.00128223590110303	0.00199652137756318	0.00297569386809174	0.00421480787527731	0.00562159111499101	0.00699702789051746	0.00806548450488976	0.00856003485747496	0.00832973906479472	0.0074106266186152	0.00601638768894914	0.0044523974163449	0.00300215508379466	0.00184488962743018	0.00103461523372974	0.000531131280379907	0.000251183995149618	0.000110752505839562	4.65422313696473e-05	1.91929936748156e-05	8.01509895545756e-06	2.26241903996078e-06	1.19643608521874e-06	5.74664257701722e-07	2.50695822059348e-07	9.93317835370008e-08
1.57179681253484e-09	2.35769521880225e-09	3.53654282820338e-09	5.30481424230506e-09	7.95722136345758e-09	1.19358320451863e-08	1.79037480677795e-08	2.68556221016692e-08	4.02834331525038e-08	4.02834331525038e-08	4.02834331525038e-08	4.02834331525038e-08	4.02834331525039e-08	6.04251497287558e-08	9.06377245931337e-08	1.359565868897e-07	1.359565868897e-07	1.359565868897e-07	1.359565868897e-07	1.359565868897e-07	1.359565868897e-07	2.03934880334551e-07	3.05902320501826e-07	3.17135363959562e-08	1.74457110516353e-07	5.97937253146835e-07	1.65755446225524e-06	4.19235019454331e-06	9.68403492339222e-06	2.55545605295086e-05	5.52787755662986e-05	0.000114174904020434	0.000226417649406721	0.000431338313315323	0.000785672488015931	0.00135686495968348	0.00220051553827403	0.00332156898098602	0.00463306746217553	0.00593989802183013	0.00697335059365658	0.00747733534038138	0.00731068575270225	0.00651019436395175	0.00527651245080449	0.00389073443346722	0.00260949965393401	0.0015919406046202	0.000883626873302316	0.000446599536756311	0.000205874084793581	8.68547213002993e-05	3.37851069546204e-05	1.22700447652211e-05	4.25289737607509e-06	4.75194760540022e-07	2.51297460362082e-07	1.20701532079669e-07	5.26557366375157e-08	2.08634838454581e-08
1.04786454168989e-09	1.57179681253484e-09	2.35769521880225e-09	3.53654282820338e-09	5.30481424230504e-09	7.95722136345756e-09	1.19358320451863e-08	1.79037480677795e-08	2.68556221016692e-08	2.68556221016692e-08	2.68556221016692e-08	2.68556221016692e-08	2.68556221016693e-08	4.02834331525039e-08	6.04251497287556e-08	9.06377245931335e-08	9.06377245931335e-08	9.06377245931335e-08	9.06377245931335e-08	9.06377245931335e-08	1.359565868897e-07	2.03934880334551e-07	3.05902320501826e-07	7.94383368197871e-09	4.52527186676673e-08	1.58108516684819e-07	4.39563693343679e-07	1.11594525481683e-06	2.5877100077513e-06	9.75298945981292e-06	2.38102124085994e-05	5.58302463291419e-05	0.000124889567402907	0.000263986724691454	0.000522106505034341	0.000958000633809661	0.0016201457019336	0.00251349720159214	0.00356561754926401	0.0046151522098726	0.00544273542239757	0.00584290387505539	0.00570640387137576	0.00506818624538752	0.00409253778667619	0.00300410670272053	0.00200437071313414	0.00121549884823869	0.000669929637042005	0.00033557598640529	0.000152766645531558	6.31999287702485e-05	2.3765708153052e-05	8.12201951869425e-06	2.52266880805391e-06	3.05902320501826e-07	3.05902320501826e-07	3.05902320501826e-07	3.05902320501826e-07	3.05902320501826e-07
6.98576361126595e-10	1.04786454168989e-09	1.57179681253484e-09	2.35769521880224e-09	3.53654282820336e-09	5.30481424230504e-09	7.95722136345756e-09	1.19358320451863e-08	1.79037480677795e-08	1.79037480677795e-08	1.79037480677795e-08	1.79037480677795e-08	1.79037480677795e-08	2.68556221016692e-08	4.02834331525038e-08	6.04251497287557e-08	6.04251497287557e-08	6.04251497287557e-08	6.04251497287556e-08	9.06377245931335e-08	1.359565868897e-07	2.03934880334551e-07	3.05902320501826e-07	1.65584969372499e-09	9.52880016266317e-09	3.40792435144893e-08	9.4987909532371e-08	2.41821664754613e-07	5.62432306978962e-07	4.24794552252225e-06	1.17303617479715e-05	3.04666290939611e-05	7.37052959654118e-05	0.000164800307297028	0.000338635279751362	0.000636961840360155	0.00109385932201405	0.00171210730274278	0.00243972323908997	0.00316287152066763	0.00372869557788602	0.00399614733870691	0.00389274702459592	0.00344628839914624	0.0027726661904698	0.00202710520504764	0.0013467221672218	0.000813014543988851	0.000446001419830607	0.000222327091759161	0.000100708892493007	4.14529046064165e-05	1.55058479698422e-05	5.27070537571864e-06	1.62809698484047e-06	3.05902320501826e-07	2.03934880334551e-07	2.03934880334551e-07	2.03934880334551e-07	2.03934880334551e-07
4.65717574084397e-10	6.98576361126595e-10	1.04786454168989e-09	1.57179681253483e-09	2.35769521880224e-09	3.53654282820336e-09	5.30481424230504e-09	7.95722136345753e-09	1.19358320451863e-08	1.19358320451863e-08	1.19358320451863e-08	1.19358320451863e-08	1.19358320451863e-08	1.79037480677795e-08	2.68556221016692e-08	4.02834331525038e-08	4.02834331525038e-08	4.02834331525038e-08	4.02834331525038e-08	6.04251497287556e-08	9.06377245931337e-08	1.359565868897e-07	2.03934880334551e-07	3.05902320501826e-07	3.05902320501826e-07	1.17022649525563e-09	3.72363972782883e-09	1.07615198369127e-08	2.82480057501208e-08	1.92000307264253e-06	5.84571221177216e-06	1.6216770743856e-05	4.09554673493947e-05	9.41049998714709e-05	0.000196641906212518	0.000373565718003063	0.000645046054877777	0.00101223473276643	0.00144342144690135	0.00187023305003997	0.00220175307768378	0.00235504310733133	0.00228864686639659	0.00202071213974027	0.00162096855043147	0.00118138066933795	0.000782262135294284	0.000470614156006544	0.000257235961101271	0.00012774877118805	5.76427748386433e-05	2.36316782741879e-05	8.80291056305513e-06	2.97945154619347e-06	9.16284755141147e-07	3.05902320501826e-07	2.03934880334551e-07	1.359565868897e-07	1.359565868897e-07	1.359565868897e-07
3.10478382722931e-10	4.65717574084395e-10	6.98576361126592e-10	1.04786454168989e-09	1.57179681253483e-09	2.35769521880224e-09	3.53654282820335e-09	5.30481424230502e-09	7.95722136345754e-09	7.95722136345754e-09	7.95722136345754e-09	7.95722136345754e-09	7.95722136345756e-09	1.19358320451863e-08	1.79037480677795e-08	2.68556221016692e-08	2.68556221016692e-08	2.68556221016692e-08	2.68556221016692e-08	4.02834331525039e-08	6.04251497287558e-08	9.06377245931337e-08	1.359565868897e-07	2.03934880334551e-07	2.03934880334551e-07	3.05902320501826e-07	3.05902320501826e-07	3.05902320501826e-07	3.05902320501826e-07	9.48342267058583e-07	2.91421048563953e-06	8.13448558695451e-06	2.06250424058623e-05	4.75026122423368e-05	9.9380329050032e-05	0.000188862691660336	0.000326029835931266	0.000511253943181827	0.000728260897827685	0.000942347900937211	0.00110767555736155	0.00118275312423422	0.00114725294855166	0.00101090711841099	0.000809196311494384	0.000588424579491791	0.000388710097869329	0.000233272161053242	0.000127176296784561	6.29882933136015e-05	2.83418553498869e-05	1.15855319641538e-05	4.30256635297828e-06	1.45166974018103e-06	4.4498114039584e-07	3.05902320501826e-07	2.03934880334551e-07	1.359565868897e-07	9.06377245931335e-08	9.06377245931335e-08
2.06985588481954e-10	3.1047838272293e-10	4.65717574084395e-10	6.98576361126592e-10	1.04786454168989e-09	1.57179681253482e-09	2.35769521880224e-09	3.53654282820335e-09	5.30481424230502e-09	5.30481424230502e-09	5.30481424230502e-09	5.30481424230502e-09	5.30481424230504e-09	7.95722136345756e-09	1.19358320451863e-08	1.79037480677795e-08	1.79037480677795e-08	1.79037480677795e-08	1.79037480677795e-08	2.68556221016693e-08	4.02834331525039e-08	6.04251497287558e-08	9.06377245931337e-08	1.359565868897e-07	1.359565868897e-07	2.03934880334551e-07	2.03934880334551e-07	2.03934880334551e-07	3.05902320501826e-07	4.07495265366142e-07	1.25126251837068e-06	3.48988574868973e-06	8.8412229243785e-06	2.03447965985455e-05	4.25241690835264e-05	8.073492787345e-05	0.000139229727899732	0.000218096753866098	0.000310323778255277	0.000401080483819979	0.000470869670115275	0.000502139975595054	0.000486413978567192	0.000428003031287017	0.000342097318645811	0.000248380278174442	0.000163814317417741	9.81424101963247e-05	5.34114808306281e-05	2.64051473254901e-05	1.18582828998286e-05	4.83768445601551e-06	1.79283034492024e-06	6.03573706313005e-07	1.84592713977727e-07	3.05902320501826e-07	2.03934880334551e-07	1.359565868897e-07	9.06377245931335e-08	6.04251497287556e-08
1.37990392321302e-10	2.06985588481954e-10	3.1047838272293e-10	4.65717574084395e-10	6.9857636112659e-10	1.04786454168988e-09	1.57179681253482e-09	2.35769521880224e-09	3.53654282820335e-09	3.53654282820335e-09	3.53654282820335e-09	3.53654282820335e-09	3.53654282820336e-09	5.30481424230504e-09	7.95722136345753e-09	1.19358320451863e-08	1.19358320451863e-08	1.19358320451863e-08	1.19358320451864e-08	1.79037480677795e-08	2.68556221016693e-08	4.02834331525039e-08	6.04251497287556e-08	9.06377245931335e-08	9.06377245931337e-08	1.359565868897e-07	1.359565868897e-07	2.03934880334551e-07	3.05902320501826e-07	1.46517086744064e-07	4.49682386958174e-07	1.25357325027695e-06	3.17410085438794e-06	7.29994977819368e-06	1.52492397760689e-05	2.89338857060548e-05	4.9865101473125e-05	7.80583227080805e-05	0.000110987872942744	0.000143339851496137	0.000168149216051142	0.000179168084293733	0.000173406694621259	0.00015244460094148	0.00012173090716494	8.82945737418239e-05	5.81719091372151e-05	3.48129360172798e-05	1.89242200634332e-05	9.34431328479412e-06	4.19112879281842e-06	1.70754078845206e-06	6.31931459203663e-07	2.12436982551496e-07	6.4871521409245e-08	3.05902320501826e-07	2.03934880334551e-07	1.359565868897e-07	9.06377245931335e-08	6.04251497287557e-08
9.19935948808684e-11	1.37990392321302e-10	2.06985588481954e-10	3.10478382722929e-10	4.65717574084393e-10	6.9857636112659e-10	1.04786454168988e-09	1.57179681253482e-09	2.35769521880223e-09	2.35769521880223e-09	2.35769521880223e-09	2.35769521880223e-09	2.35769521880224e-09	3.53654282820335e-09	5.30481424230502e-09	7.95722136345754e-09	7.95722136345754e-09	7.95722136345754e-09	7.95722136345758e-09	1.19358320451864e-08	1.79037480677795e-08	2.68556221016692e-08	4.02834331525038e-08	6.04251497287557e-08	6.04251497287556e-08	9.06377245931335e-08	1.359565868897e-07	2.03934880334551e-07	3.05902320501826e-07	4.35893575283856e-08	1.3367669201406e-07	3.72339523715496e-07	9.41956429602956e-07	2.16436607420033e-06	4.51688306897883e-06	8.56160534795299e-06	1.47393994562414e-05	2.30469043807391e-05	3.27305752343998e-05	4.22185101181168e-05	4.94607155645344e-05	5.26291207142034e-05	5.086277609432e-05	4.46459669480314e-05	3.55936588428705e-05	2.57733730938973e-05	1.6950328321609e-05	1.01249571959123e-05	5.49308733573859e-06	2.70674933755811e-06	1.2114006471123e-06	4.92420120959096e-07	1.81799216270855e-07	6.09616130349241e-08	1.85664605888291e-08	3.05902320501826e-07	2.03934880334551e-07	1.359565868897e-07	9.06377245931335e-08	6.04251497287557e-08
6.13290632539123e-11	9.19935948808684e-11	1.37990392321302e-10	2.06985588481953e-10	3.10478382722929e-10	4.65717574084393e-10	6.9857636112659e-10	1.04786454168988e-09	1.57179681253482e-09	1.57179681253482e-09	1.57179681253482e-09	1.57179681253482e-09	1.57179681253482e-09	2.35769521880224e-09	3.53654282820335e-09	5.30481424230502e-09	5.30481424230502e-09	5.30481424230502e-09	5.30481424230506e-09	7.95722136345758e-09	1.19358320451863e-08	1.79037480677795e-08	2.68556221016692e-08	4.02834331525038e-08	6.04251497287557e-08	9.06377245931335e-08	1.359565868897e-07	2.03934880334551e-07	3.05902320501826e-07	1.0953016007797e-08	3.3589918056165e-08	9.35604696842704e-08	2.36692267037197e-07	5.43856060324159e-07	1.13499017570183e-06	2.15133706358261e-06	3.70367647847058e-06	5.79116387407218e-06	8.22445052679037e-06	1.06085531737407e-05	1.24283549942817e-05	1.32245032811866e-05	1.27806609766913e-05	1.12185179684495e-05	8.94387844161613e-06	6.47626356705415e-06	4.25923271117491e-06	2.54417189271187e-06	1.38028814674296e-06	6.80144661550966e-07	3.04397482138527e-07	1.23733997774894e-07	4.5682015953617e-08	1.53182694422103e-08	4.66533006147543e-09	3.05902320501826e-07	2.03934880334551e-07	1.359565868897e-07	9.06377245931335e-08	6.04251497287557e-08
4.08860421692749e-11	6.13290632539121e-11	9.19935948808681e-11	1.37990392321302e-10	2.06985588481953e-10	3.10478382722929e-10	4.65717574084392e-10	6.98576361126587e-10	1.04786454168988e-09	1.04786454168988e-09	1.04786454168988e-09	1.04786454168988e-09	1.04786454168988e-09	1.57179681253482e-09	2.35769521880224e-09	3.53654282820335e-09	3.53654282820335e-09	3.53654282820335e-09	5.30481424230502e-09	7.95722136345754e-09	1.19358320451863e-08	1.79037480677795e-08	2.68556221016692e-08	4.02834331525038e-08	6.04251497287557e-08	9.06377245931335e-08	1.359565868897e-07	2.03934880334551e-07	3.05902320501826e-07	2.2902994899201e-09	7.0237249845822e-09	1.95636978748165e-08	4.94928682727595e-08	1.13721486087822e-07	2.37328916402914e-07	4.49849263057953e-07	7.7444681386678e-07	1.21094497236099e-06	1.71975050825929e-06	2.21827156148706e-06	2.5987960835341e-06	2.76527242339347e-06	2.6724640313609e-06	2.34581652784119e-06	1.87018445131085e-06	1.35420080949882e-06	8.90614831468406e-07	5.31991880957638e-07	2.88621256115921e-07	1.42219729279421e-07	6.36501761321767e-08	2.58730482807549e-08	9.55220897719971e-09	3.20308348540516e-09	9.75530671415057e-10	3.05902320501826e-07	2.03934880334551e-07	1.359565868897e-07	9.06377245931335e-08	6.04251497287557e-08
2.72573614461832e-11	4.08860421692747e-11	6.13290632539121e-11	9.19935948808681e-11	1.37990392321302e-10	2.06985588481952e-10	3.10478382722928e-10	4.65717574084392e-10	6.98576361126588e-10	6.98576361126588e-10	6.98576361126588e-10	6.98576361126588e-10	6.9857636112659e-10	1.04786454168988e-09	1.57179681253482e-09	2.35769521880223e-09	2.35769521880223e-09	2.35769521880224e-09	3.53654282820335e-09	5.30481424230502e-09	7.95722136345753e-09	1.19358320451863e-08	1.79037480677795e-08	2.68556221016692e-08	4.02834331525038e-08	6.04251497287556e-08	9.06377245931337e-08	1.359565868897e-07	2.03934880334551e-07	3.05902320501826e-07	3.05902320501826e-07	3.05902320501826e-07	3.05902320501826e-07	3.05902320501826e-07	3.05902320501826e-07	3.05902320501826e-07	3.05902320501826e-07	3.05902320501826e-07	3.05902320501826e-07	3.05902320501826e-07	3.05902320501826e-07	3.05902320501826e-07	3.05902320501826e-07	3.05902320501826e-07	3.05902320501826e-07	3.05902320501826e-07	3.05902320501826e-07	3.05902320501826e-07	3.05902320501826e-07	3.05902320501826e-07	3.05902320501826e-07	3.05902320501826e-07	3.05902320501826e-07	3.05902320501826e-07	3.05902320501826e-07	2.03934880334551e-07	1.359565868897e-07	9.06377245931337e-08	6.04251497287556e-08	4.02834331525038e-08
1.81715742974555e-11	2.72573614461832e-11	4.08860421692747e-11	6.13290632539121e-11	9.19935948808677e-11	1.37990392321302e-10	2.06985588481952e-10	3.10478382722928e-10	4.65717574084392e-10	4.65717574084392e-10	4.65717574084392e-10	4.65717574084392e-10	4.65717574084393e-10	6.9857636112659e-10	1.04786454168988e-09	1.57179681253482e-09	1.57179681253482e-09	1.57179681253482e-09	2.35769521880224e-09	3.53654282820335e-09	5.30481424230504e-09	7.95722136345756e-09	1.19358320451863e-08	1.79037480677795e-08	2.68556221016692e-08	4.02834331525039e-08	6.04251497287558e-08	9.06377245931337e-08	1.359565868897e-07	2.03934880334551e-07	2.03934880334551e-07	2.03934880334551e-07	2.03934880334551e-07	2.03934880334551e-07	2.03934880334551e-07	2.03934880334551e-07	2.03934880334551e-07	2.03934880334551e-07	2.03934880334551e-07	2.03934880334551e-07	2.03934880334551e-07	2.03934880334551e-07	2.03934880334551e-07	2.03934880334551e-07	2.03934880334551e-07	2.03934880334551e-07	2.03934880334551e-07	2.03934880334551e-07	2.03934880334551e-07	2.03934880334551e-07	2.03934880334551e-07	2.03934880334551e-07	2.03934880334551e-07	2.03934880334551e-07	2.03934880334551e-07	1.359565868897e-07	9.06377245931337e-08	6.04251497287558e-08	4.02834331525039e-08	2.68556221016692e-08
