0.00381657071144716	0.00338070254064296	0.00311971794011142	0.00312131501363842	0.00344949118274371	0.00402291626123246	0.00461946085803107	0.00502451702955948	0.005192751817088	0.00524864757267433	0.00532834101889269	0.00540946046117196	0.0052972672919656	0.00479162759787494	0.00387519677195233	0.00274741006224184	0.00168953832452578	0.000896080879626843	0.00040954883080275	0.000161127739709504	5.44871281740921e-05	1.59802249783527e-05	4.05178211365227e-06	3.63103994740888e-07	4.83410603514022e-08	5.82909630076447e-09	3.05902320501826e-07	3.05902320501826e-07	3.05902320501826e-07	2.03934880334551e-07	2.03934880334551e-07	1.359565868897e-07	1.359565868897e-07	9.06377245931337e-08	9.06377245931335e-08	6.04251497287556e-08	6.04251497287557e-08	6.04251497287557e-08	6.04251497287557e-08	6.04251497287557e-08	4.02834331525038e-08	2.68556221016692e-08	2.68556221016692e-08	2.68556221016692e-08	2.68556221016692e-08	2.68556221016692e-08	2.68556221016692e-08	2.68556221016692e-08	2.68556221016692e-08	2.68556221016692e-08	2.68556221016692e-08	2.68556221016692e-08	2.68556221016692e-08	2.68556221016692e-08	2.68556221016692e-08	2.68556221016692e-08	2.68556221016692e-08	2.68556221016692e-08	2.68556221016692e-08	1.79037480677795e-08
0.00805459767831677	0.00756277978363225	0.0070994758935123	0.00692798978466937	0.00729174824519752	0.00815130791824622	0.00915317220810234	0.00987030160431236	0.0101018228664737	0.00994462167089876	0.00961113582405596	0.00918131177406757	0.00852237355376982	0.00744710141809517	0.00594094860874177	0.00423180617081093	0.00265641527027926	0.00146002557843622	0.000703124467893693	0.000298049998398761	0.000112317477466103	3.88740398442431e-05	1.27223082176535e-05	3.54231150072265e-06	1.12129387032605e-06	3.76512348699525e-07	1.1674985739934e-07	3.28013821954793e-08	8.29912833359618e-09	3.05902320501826e-07	3.05902320501826e-07	2.03934880334551e-07	2.03934880334551e-07	1.359565868897e-07	1.359565868897e-07	9.06377245931337e-08	9.06377245931335e-08	9.06377245931335e-08	9.06377245931335e-08	9.06377245931335e-08	6.04251497287556e-08	4.02834331525039e-08	4.02834331525038e-08	4.02834331525038e-08	4.02834331525038e-08	4.02834331525038e-08	4.02834331525038e-08	4.02834331525038e-08	4.02834331525038e-08	4.02834331525038e-08	4.02834331525038e-08	4.02834331525038e-08	4.02834331525038e-08	4.02834331525038e-08	4.02834331525038e-08	4.02834331525038e-08	4.02834331525038e-08	4.02834331525038e-08	4.02834331525038e-08	2.68556221016692e-08
0.0147680160899919	0.014637558254213	0.0141533042833062	0.0138408175760572	0.0142468422858768	0.0154743227516611	0.0170772744303935	0.0183946780952271	0.0190209513127067	0.0189823421928001	0.018530755454371	0.0177860504923748	0.0165713241788609	0.0146042968992163	0.0118501105849927	0.00867163694503784	0.00565353403838789	0.00326952661696697	0.00168470167076972	0.000784522753771752	0.000339369474585846	0.000143403377356979	6.14420552619589e-05	2.62882377032282e-05	1.13166769593662e-05	4.7115136968691e-06	1.77018803776319e-06	5.89433646456458e-07	1.72650590282769e-07	3.45423151949336e-08	6.52363815398291e-09	3.05902320501826e-07	3.05902320501826e-07	2.03934880334551e-07	2.03934880334551e-07	1.359565868897e-07	1.359565868897e-07	1.359565868897e-07	1.359565868897e-07	1.359565868897e-07	9.06377245931337e-08	6.04251497287558e-08	6.04251497287557e-08	6.04251497287557e-08	6.04251497287557e-08	6.04251497287557e-08	6.04251497287557e-08	6.04251497287557e-08	6.04251497287557e-08	6.04251497287557e-08	6.04251497287557e-08	6.04251497287557e-08	6.04251497287557e-08	6.04251497287557e-08	6.04251497287557e-08	6.04251497287557e-08	6.04251497287557e-08	6.04251497287557e-08	6.04251497287557e-08	4.02834331525038e-08
0.0240338321511921	0.0250656852826767	0.0252412822079036	0.0253416614402559	0.0262322459856563	0.028183082380083	0.0306775419164527	0.0328310532033207	0.0340463034218266	0.0343115359443303	0.033952537368981	0.0331081153108481	0.0314368623622669	0.0283756524789216	0.023736871734881	0.0180483665685781	0.0123420064120405	0.00758052058634047	0.00422115652913918	0.00217987575313907	0.00108238556524165	0.000539419958451995	0.000273711636250862	0.000138203491354684	6.69506984471992e-05	3.04656037293518e-05	1.25775869431323e-05	4.67012849408921e-06	1.5536256581473e-06	4.15858252646774e-07	1.028979974506e-07	1.752942641759e-08	3.928395409179e-09	3.05902320501826e-07	3.05902320501826e-07	2.03934880334551e-07	2.03934880334551e-07	2.03934880334551e-07	2.03934880334551e-07	2.03934880334551e-07	1.359565868897e-07	9.06377245931337e-08	9.06377245931335e-08	9.06377245931335e-08	9.06377245931335e-08	9.06377245931335e-08	9.06377245931335e-08	9.06377245931335e-08	9.06377245931335e-08	9.06377245931335e-08	9.06377245931335e-08	9.06377245931335e-08	9.06377245931335e-08	9.06377245931335e-08	9.06377245931335e-08	9.06377245931335e-08	9.06377245931335e-08	9.06377245931335e-08	9.06377245931335e-08	6.04251497287556e-08
0.0358347777731858	0.0390471996925539	0.0410699159270895	0.0428030540196752	0.0452516672217838	0.0487034930073604	0.0525105063944028	0.0556049073508354	0.0573282201188614	0.0578111331865762	0.0576116294515377	0.0569356133749255	0.0551534199611293	0.05114752027889	0.0442846957300486	0.035128153130182	0.0252917883628085	0.0165516154179652	0.00997956023098924	0.00569616870034457	0.00318835888139753	0.00179886512251678	0.00101928866320915	0.000564941780108207	0.000295873801111641	0.000144741234564062	6.51936374264165e-05	2.70292400903474e-05	1.03551380949952e-05	3.49825212179555e-06	1.11543583593888e-06	3.04734377647524e-07	8.47422379281012e-08	1.54585159762409e-08	3.57281652623951e-09	3.05902320501826e-07	3.05902320501826e-07	3.05902320501826e-07	3.05902320501826e-07	3.05902320501826e-07	2.03934880334551e-07	1.359565868897e-07	1.359565868897e-07	1.359565868897e-07	1.359565868897e-07	1.359565868897e-07	1.359565868897e-07	1.359565868897e-07	1.359565868897e-07	1.359565868897e-07	1.359565868897e-07	1.359565868897e-07	1.359565868897e-07	1.359565868897e-07	1.359565868897e-07	1.359565868897e-07	1.359565868897e-07	1.359565868897e-07	1.359565868897e-07	9.06377245931337e-08
0.0503602931678607	0.0565924440584015	0.0616639643192864	0.066403536991762	0.0716705972878236	0.0775199351830592	0.0830751443007725	0.0871750104352904	0.0893209742064412	0.0900245249632788	0.0902397231842288	0.0902892479955735	0.0891611035912512	0.0849250412191788	0.0761257248932815	0.0630542932545137	0.047877018676071	0.0334600801556577	0.0218876217349813	0.0137765959544643	0.00857772764801101	0.00533985824713836	0.00327365227127019	0.00192616167311445	0.00105966841805416	0.000541496124164805	0.000256569846908012	0.000114548710533755	5.06220859610956e-05	2.38986566413643e-05	1.38617265175283e-05	9.31684131312101e-06	6.45682718305098e-06	4.05807091199568e-06	2.25134193589743e-06	1.06869986680321e-06	4.35890128181941e-07	1.51494015043771e-07	4.48653523101506e-08	1.13220183195441e-08	3.05902320501826e-07	2.03934880334551e-07	2.03934880334551e-07	2.03934880334551e-07	2.03934880334551e-07	2.03934880334551e-07	2.03934880334551e-07	2.03934880334551e-07	2.03934880334551e-07	2.03934880334551e-07	2.03934880334551e-07	2.03934880334551e-07	2.03934880334551e-07	2.03934880334551e-07	2.03934880334551e-07	2.03934880334551e-07	2.03934880334551e-07	2.03934880334551e-07	2.03934880334551e-07	1.359565868897e-07
0.067042326630332	0.0766227131642083	0.0852906226682581	0.0936791355180529	0.102338116398544	0.110987959705159	0.11856886433755	0.124002937711099	0.127126023413422	0.128863027982159	0.130470450619778	0.132316885345334	0.133023725836159	0.129830609557377	0.120233226537872	0.103865219655381	0.0831620062131904	0.0620941406835995	0.0440167290901592	0.0303376661076903	0.02067528912844	0.0139025070507586	0.00904711494228013	0.00557552732595013	0.00319798732068495	0.00170248934433415	0.000845519079079917	0.00040050622180753	0.000191826867628924	0.000101183412625755	6.43670940328018e-05	4.56042699346977e-05	3.20780812757954e-05	2.02947704688843e-05	1.12598832676738e-05	5.34765454861967e-06	2.17920048169538e-06	7.57383132153782e-07	2.24301013132611e-07	5.66035938428406e-08	3.05902320501826e-07	3.05902320501826e-07	3.05902320501826e-07	3.05902320501826e-07	3.05902320501826e-07	3.05902320501826e-07	3.05902320501826e-07	3.05902320501826e-07	3.05902320501826e-07	3.05902320501826e-07	3.05902320501826e-07	3.05902320501826e-07	3.05902320501826e-07	3.05902320501826e-07	3.05902320501826e-07	3.05902320501826e-07	3.05902320501826e-07	3.05902320501826e-07	3.05902320501826e-07	2.03934880334551e-07
0.0826260461782148	0.0953363663024635	0.107310792587709	0.11897650455549	0.130665967453155	0.141979055786981	0.151954838239533	0.159808691005764	0.165643360897819	0.170399009612476	0.175150225854661	0.180127414147528	0.183843933844518	0.183151125064186	0.174672545625895	0.157101099029933	0.132588950545514	0.10573318413485	0.0809582357864655	0.0605195113333898	0.0444343155595758	0.0317320376224366	0.0216336771606874	0.0138515721610941	0.00824426154812539	0.00456355590062014	0.00237231187206005	0.00119075205273004	0.000616538999173551	0.000359022673347299	0.000247144122685457	0.000183041390907303	0.000130856127498629	8.35811623698526e-05	4.66140576057066e-05	2.22887460637428e-05	9.14878909390263e-06	3.21030351331712e-06	9.62300068698047e-07	2.51300309298032e-07	2.65731771530214e-08	7.29269778507464e-08	2.05863193682076e-07	5.0344817920831e-07	1.04912686283126e-06	1.86293801169955e-06	2.81881105047811e-06	3.63438298637522e-06	3.99293812462774e-06	3.73810618752847e-06	2.98200146255195e-06	2.02703493830653e-06	1.17411809360033e-06	5.79508074288636e-07	2.43727405943983e-07	8.73466805849875e-08	2.66738440975856e-08	6.94099890600643e-09	1.53905984605192e-09	3.05902320501826e-07
0.0910684823760956	0.106198623151029	0.120706365929132	0.134901314199646	0.149169271744169	0.163396317005997	0.177062041880754	0.189697874187425	0.201201746335479	0.211717640596193	0.221452417246208	0.230410183984503	0.237602984532309	0.240423162333275	0.235285558143452	0.219927402471908	0.195516954871664	0.166251163169459	0.136736425189159	0.109645218089779	0.085502624661807	0.0640176711283407	0.0453105895774748	0.0299782322171298	0.0184501558177025	0.010597360049398	0.00575548825385649	0.00305356526816913	0.00169742087292079	0.00107023416014389	0.000779169318551118	0.000593345944912257	0.000428091610929151	0.000274861436923243	0.000153725516633593	7.3845699821587e-05	3.0528713423585e-05	1.10170519003698e-05	3.97617199046718e-06	2.58557293121607e-06	3.62804892849471e-06	6.41390941115168e-06	9.99464848732955e-06	1.39145174010749e-05	1.77298025761326e-05	2.11971047202854e-05	2.40626227731742e-05	2.5702794522313e-05	2.52227236864113e-05	2.21553171974731e-05	1.70730558615327e-05	1.1394247424844e-05	6.53653441750615e-06	3.21003174450708e-06	1.34612740881181e-06	4.81201632692945e-07	1.46948885109222e-07	3.82386598290982e-08	8.47883520898931e-09	3.05902320501826e-07
0.0871776837619746	0.10342361958882	0.119466914859356	0.135705839663675	0.152890498280378	0.171529918528383	0.191642244931954	0.212691064448128	0.233508822787243	0.252496968921241	0.26847293451288	0.281405010279032	0.291635958524364	0.298224269740359	0.29833831588783	0.289090800604592	0.27009146634285	0.243829034325249	0.213624017705736	0.181581882481533	0.148563730020788	0.115507465980622	0.0843447584549291	0.0574457081724996	0.0364527706925214	0.0216686870089834	0.0122550075311807	0.00683682668414982	0.00403568425582044	0.00269957995758304	0.00203904420182508	0.00157930455614339	0.00114789955008436	0.000743981067530786	0.000422952595473522	0.000210606558476132	9.42445022460663e-05	4.11355576180533e-05	2.24574418011824e-05	2.13685962775581e-05	2.98036292687831e-05	4.51190803091356e-05	6.30439458946165e-05	8.04169146048964e-05	9.50309302839913e-05	0.000106510951877761	0.000114902204903523	0.000118476373070824	0.000113786809988582	9.8762786539264e-05	7.56330119437272e-05	5.031566401106e-05	2.88152178838261e-05	1.41404386112904e-05	5.92696156282315e-06	2.1180642732442e-06	6.46812401281934e-07	1.68311854611749e-07	3.73205673355327e-08	3.05902320501826e-07
0.0711774894658193	0.0866942249925706	0.102989269935343	0.120875670752593	0.141746785235718	0.166862907620259	0.196552006601595	0.22953948955933	0.262723265408657	0.292153804393242	0.315181370387344	0.332096258548937	0.345156884141837	0.355805514866702	0.362768703826006	0.363107648721215	0.354719364810061	0.337332538898004	0.311449970171059	0.27733981381948	0.235703990262841	0.189025712111781	0.141852780317236	0.0992389244267599	0.0648036616147906	0.0397711010347551	0.0233348534717847	0.0135940102611461	0.00840726234180064	0.00584760718438879	0.00450441673597639	0.00351428029162858	0.00256517749361424	0.00167873703522355	0.000973359063849893	0.00050490903719537	0.000244667993398346	0.000124082413927614	8.39093086485537e-05	9.13244728348508e-05	0.000130617030226952	0.000193789625533265	0.000265560605688878	0.000331354544891768	0.00038122336227444	0.000414177023086722	0.000432973579414668	0.000434854027142427	0.000410037574692049	0.00035193161495704	0.000267826741653413	0.000177580358780607	0.000101517921571585	4.97744419737411e-05	2.08509413724974e-05	7.44873515468884e-06	2.27468747420865e-06	5.91913306991919e-07	1.31247679976831e-07	3.05902320501826e-07
0.0493568647569152	0.0623661543666139	0.0774322755886545	0.0960842050642819	0.120521905637111	0.152685665081139	0.192882106046894	0.23866200772786	0.284802426366697	0.325264735312752	0.356406967667701	0.379035395518437	0.397066493263016	0.413973366890824	0.430091113029793	0.442879455398519	0.448850444433102	0.444700689913483	0.427279679591924	0.394076498935247	0.345024558778515	0.284040607128697	0.218585299977918	0.156957854005336	0.105422919150379	0.0667372175886451	0.0405285780553793	0.0245098183877061	0.0156816559617987	0.0111334782011999	0.00860798982498494	0.00670362469587941	0.00490503522830286	0.00325728036056865	0.00195352202287677	0.00108325378335432	0.000588863479852937	0.000353094132688469	0.000280967755533712	0.000326369658016563	0.000466414770473422	0.000677352138129312	0.000909213822248492	0.00110860236896522	0.00124051559458336	0.00130439689294216	0.00131788381279267	0.00128498322342611	0.00118605509879726	0.00100455317224754	0.000758775941602384	0.00050109027174472	0.000285850294813508	0.000140007875144903	5.86096061985295e-05	2.09294244982234e-05	6.39140723355376e-06	1.66315550370761e-06	3.68779175470203e-07	3.05902320501826e-07
0.0297915230100466	0.0393849774019651	0.0520163488823356	0.0699803976828718	0.0961886897282185	0.13301122277541	0.180558469884837	0.235473094245021	0.291371961052009	0.341482265065156	0.38214320321879	0.414549430197412	0.443054279310263	0.471586904806008	0.501039881014959	0.529092983507284	0.551323916363503	0.561997732028164	0.554719228971004	0.52426964668454	0.469542529785802	0.395398391098496	0.311730316731353	0.229904686740699	0.159064860110789	0.104038374689325	0.0654494338985591	0.0409896278238354	0.0269026229141029	0.0192269136263233	0.0147216040162129	0.0113414295369182	0.00829757779027113	0.00561840635749314	0.00353441631271452	0.00213821922982165	0.00131960997533994	0.000911024011364785	0.000799503824048636	0.000950541189003009	0.00134261352427969	0.00191130360367792	0.00251657703822557	0.00300308500578217	0.00327311742311566	0.00333278322448662	0.00325010142374433	0.0030670967254593	0.00276145181844482	0.00230147292674628	0.00172215299235911	0.00113146889040214	0.000643647756014286	0.000314814309793211	0.000131660041121344	4.69918494822483e-05	1.43483710532396e-05	3.73369610391196e-06	8.27889735859018e-07	3.05902320501826e-07
0.0174894977457433	0.0238413960261847	0.0334712768164043	0.0491781957636178	0.0742075610566627	0.110982218920169	0.159459487413039	0.216267290205381	0.27562358678989	0.331968443592151	0.382777369753912	0.429378591473527	0.475066818059258	0.522220634488829	0.570544622733135	0.616967677764993	0.656170494804598	0.680947955960924	0.683103716418836	0.655921990773108	0.597634728885596	0.513474141123477	0.414647755145732	0.314583688957495	0.224848707264983	0.152516186778664	0.0997490552432317	0.064782692461887	0.0434961077081243	0.0310753799737916	0.0233606342426716	0.0176657290287405	0.0128762681632944	0.00891176498442174	0.00593022255874691	0.0039366187513089	0.00272073659358225	0.00207401013103427	0.00191474434415639	0.00227424487612732	0.00314879912591453	0.00438644263850092	0.00566039441241401	0.00660961095804576	0.00701829549138986	0.00691937447040189	0.00650318166683121	0.00592074225595885	0.00517992647317838	0.00423445049468642	0.00313219534668611	0.00204468618349838	0.00115900957201463	0.000565865094811278	0.000236358208682607	8.43081518798979e-05	2.57359416956789e-05	6.69694036229752e-06	1.48494361439782e-06	3.05902320501826e-07
0.0128072544153533	0.0166872879830454	0.0233101076960818	0.0355847438570566	0.0566332126231613	0.0885882963685467	0.13141206370472	0.18265715880372	0.238672289294759	0.296582971649409	0.35578311261428	0.417643150560039	0.483658033008163	0.553554813734419	0.624568129263778	0.69173474855693	0.748380221554926	0.786441899083825	0.797376590975461	0.774443973792219	0.715878578886202	0.626846536904795	0.518660152836487	0.405450855352618	0.300226056504853	0.211972845165569	0.144658711508208	0.0976507883544014	0.0671109500446534	0.0478885116431574	0.0352503732098652	0.026036743018025	0.0188112686861778	0.0132581917360039	0.00928750390780874	0.00666071558520869	0.00498947069093087	0.00403269669691085	0.00380541716674035	0.00447011111752218	0.0060523365060945	0.00824762021664559	0.0104272225238141	0.0119155464249488	0.0123336983782347	0.0117800529436272	0.0106610747605716	0.00933440375496949	0.00789797904214852	0.00630372786677315	0.0045931950043842	0.00297219856050532	0.0016761962414981	0.000816117400464952	0.000340222671751164	0.000121232154381823	3.69773649931736e-05	9.62104559030308e-06	2.12803508340592e-06	3.05902320501826e-07
0.0128590248317228	0.0150470422370741	0.0189750766101392	0.0273438379770717	0.042856445533375	0.0672129054665113	0.10053197920243	0.141720272716034	0.189689152776037	0.244434302065055	0.30724052730038	0.379625176295118	0.461723811677496	0.551176626533697	0.642986418502373	0.730102377998363	0.804231522611537	0.856548237391123	0.87861467788621	0.864079675856618	0.811181623290944	0.724523467239531	0.614686482335789	0.495515871468534	0.380522076712963	0.279977308688227	0.199522615636551	0.140016377307384	0.0985851812067813	0.0704661708673464	0.0509536798620461	0.0367593011089891	0.0262149765462133	0.0186530473928426	0.0135433296685537	0.0102259648656222	0.00804404857338399	0.00671307861818859	0.00637947631924026	0.00736452725977884	0.00971040691551434	0.0129071343862785	0.0159591465978073	0.0178394983891372	0.0180147091899552	0.0166909396456328	0.0145483266033875	0.0122151570669698	0.00993714040673	0.00769077751992661	0.00548733838263022	0.00350413378925942	0.00196002031060824	0.000949668244294963	0.000394530799742265	0.000140306003101567	4.26963778392164e-05	1.11049313490474e-05	2.43657037543719e-06	3.05902320501826e-07
0.0138492314719211	0.0149178418382515	0.0166955888636168	0.0214903785367078	0.0315054643999558	0.0480706222954002	0.0715319642720496	0.101949289516607	0.140098168417748	0.187834462335004	0.247569014842129	0.321060644803107	0.408185326226071	0.506206642152662	0.609605866655296	0.710553042286935	0.799894885809618	0.868188269010973	0.906589482070091	0.908110232961823	0.869820428247586	0.794822203086393	0.692386644575391	0.57564067524587	0.458091050110292	0.350728113915871	0.260469100314032	0.189680185972067	0.136922279800596	0.0985421112569701	0.070577395334623	0.0500738624909806	0.0352970554298363	0.0251671397560907	0.0185897918279144	0.0143839013782082	0.0115804973299295	0.00981675545116637	0.00932254401598448	0.0105160506730751	0.0134087441873819	0.0172845922286021	0.0208356758215558	0.0227765516550804	0.0224957955575246	0.0203169255906787	0.0171444969420233	0.0138335333530445	0.0107851848712736	0.00803483784166082	0.00556812960826429	0.00348805100793009	0.00193367993514385	0.000943668758583549	0.000410173944772781	0.000169381653452052	7.55377415809842e-05	4.06639409327102e-05	2.45954833357986e-05	1.42516732359334e-05
0.0131189259848784	0.0134994477921909	0.0138868132915526	0.0161036424195724	0.0218795220142612	0.0322971939124704	0.0478826007840777	0.0692840019175198	0.0979635480603789	0.136243636410522	0.186698440275846	0.251281171423685	0.330510298646804	0.422861313341776	0.524288458411319	0.628266756202157	0.726482199852301	0.809640683902613	0.868070916624004	0.892842993621926	0.878306584049376	0.82481183467225	0.739554943535414	0.634502175166843	0.522785745003282	0.415665610627429	0.320875720482332	0.242068349025895	0.179418537860399	0.130922866167119	0.0940030220348401	0.0664946061292791	0.046785819714979	0.0334161703324269	0.0247595298440538	0.0191956462426236	0.0155094308470484	0.0132142911655197	0.0124790654900799	0.0136612299429293	0.0166743688071994	0.0206663685491227	0.0241907655987636	0.0258943607323785	0.0251870923167829	0.0224543004612523	0.0186558035899799	0.0147094961602948	0.0111099053116002	0.0079852983551653	0.00535671010260205	0.00328303917690636	0.00181978293090718	0.00093379880191971	0.000480555205334472	0.000284749086910222	0.000202233327436032	0.000153755188197089	0.000109851035530677	7.01411102827287e-05
0.0102073201423024	0.0102522424408771	0.0100431490142751	0.0108954516860933	0.0141091640314841	0.0205860966997741	0.0308959620593216	0.0457170478679005	0.0662551696480601	0.0943199032672824	0.132027466605963	0.181405676492825	0.243886389488926	0.31973155587922	0.407354994857853	0.502951978786992	0.600602712249598	0.692375104403765	0.76834973837241	0.817651238798208	0.831468162130359	0.806618723087013	0.74721633110383	0.66304387372276	0.566033547349629	0.467110437562018	0.374371085539242	0.292477977973701	0.223201914256274	0.166467639528687	0.121476928908036	0.0871603020964129	0.0621794622188786	0.0448237248270325	0.0331566550847916	0.0254080375501722	0.0203066752274487	0.0172149064494081	0.0160514399314427	0.0169187515753276	0.0195757044550958	0.023144860100122	0.0262500433939773	0.0276549607498989	0.0268481668942272	0.0241687271451838	0.0204134264318186	0.0163449125090329	0.0124348489471818	0.00891728343596234	0.00595231086809147	0.003677462775231	0.00215171026187395	0.00129787001230298	0.000915208734330056	0.000771860704502923	0.000686353500757997	0.000573571325744377	0.000425348689417761	0.000278004824363439
0.00641282409176777	0.00637214485616474	0.00612717300300818	0.00654194394836261	0.00853715873437793	0.0128343652906597	0.019909939234772	0.0301679408440969	0.0441910892508448	0.0630005041083209	0.0881319480021798	0.121594034626725	0.165481414558509	0.221414294897958	0.289886088922364	0.369752606313307	0.457916119409424	0.548758024721963	0.633525501770356	0.701018957444975	0.740541747106133	0.745738460857102	0.71692438925772	0.66035188163166	0.585444737879712	0.501895348397556	0.4176572580797	0.338120074861413	0.266487243518524	0.204583941570817	0.153453816998647	0.113218985237352	0.0829300578067055	0.0608434587010968	0.0450526238360801	0.0340193742251824	0.0266619847579239	0.0222119596645481	0.0202042319797689	0.020347663222929	0.0222189167719314	0.0250039333145685	0.0275378978468767	0.0287998985667209	0.0283604593054789	0.0264152387047219	0.0234318795974551	0.0198259425219974	0.0158948516172089	0.0119333004779003	0.00832785280747989	0.00546605052619723	0.00357293069204642	0.00260292503503909	0.00227097603431573	0.0021959823916437	0.00206976374256331	0.00176618573527606	0.00132549441641191	0.000878747914828115
0.00323811438012821	0.00322146545779683	0.00314237482757528	0.00352366236142179	0.00497426512390644	0.00802501195947703	0.0130005437565618	0.0200175589795638	0.0291612095315697	0.0408903166303309	0.0563378961206703	0.0774218049247698	0.106443702713534	0.145526780059416	0.196117988464795	0.258630379439315	0.332140590858518	0.413589888454505	0.496713418980854	0.57207676012801	0.629194585635059	0.659834866064599	0.660634507460982	0.633524043762375	0.584334199427932	0.520633466321359	0.449663810844237	0.377148398385153	0.307352401219229	0.243658091183703	0.188723837628271	0.143830014840454	0.108554233714004	0.0813699336882416	0.060681985640833	0.0454373300495333	0.0349142046113345	0.028292854682109	0.0247457950872832	0.0235934314624258	0.024249537298283	0.0259931074553829	0.02790109383112	0.0291783426665122	0.0294688184191219	0.0288011360235603	0.0272588989417426	0.0247896335666835	0.0213470202839847	0.0171576519899668	0.0128358143130212	0.00915571593258569	0.00669088444816202	0.00554087253425627	0.00531895503843371	0.005376776089164	0.00515241282634572	0.00443146913219748	0.00335851874270757	0.00226563573060907
0.0013151812514529	0.00133161272720958	0.00137869024700256	0.00175136650233616	0.00282111313377159	0.0049388530264449	0.00829968499633131	0.012877327384891	0.018573184255255	0.0256392206334128	0.0350147700536348	0.0484390828309173	0.0680125900924058	0.0956371252383325	0.132702360032223	0.180042007018407	0.237971961944333	0.30565606802761	0.37979450189081	0.453908562234446	0.519263519944327	0.567192598949526	0.591636269342716	0.59058553958422	0.566142162355921	0.523307924382795	0.468054722241031	0.405831174819374	0.341329657438805	0.2789192035357	0.222530128888425	0.174583797136481	0.135380510017842	0.103798659333383	0.0785953658215371	0.0591379724536181	0.0450384195302809	0.0355315817977585	0.0296280532470235	0.0264485307627762	0.0253458475952213	0.025702802598691	0.0268078700803527	0.0280690042147861	0.0292176317084636	0.030161676812831	0.0306334981322976	0.0300600557569272	0.027892650775322	0.0240991863622604	0.0194091397723299	0.0150137697232385	0.0119719865144514	0.0106644343796806	0.0106351160806402	0.0108847966898873	0.0104772558863399	0.00905983535675602	0.00694614146592514	0.00479330226575458
0.000431540435841147	0.000456783386756267	0.000533805389527689	0.000816325926760953	0.00150838548017963	0.00281507180776023	0.00485229432159165	0.00758394708911988	0.0109553480213175	0.015229824141263	0.0212486239428415	0.0304762179097756	0.0445770388723481	0.0648930374169132	0.0923117039778958	0.127536762882701	0.171497608447044	0.224977165607955	0.287190609685257	0.354497437005226	0.420331069501189	0.476629250386189	0.516092068209871	0.534175789897144	0.530120014671115	0.506491583590013	0.467532358326553	0.417656671092016	0.361195701896767	0.302882406978855	0.247602324378165	0.198933437141523	0.158058889689169	0.124294298742168	0.0965294358939324	0.0742080299513919	0.0570682453496466	0.0444823612728852	0.0355900005417506	0.029625902575081	0.0260834324747955	0.0245242018530762	0.0244572322939335	0.0254981485944381	0.0274917537454291	0.030267604919782	0.0332403608360896	0.0352959029494886	0.0352729536616352	0.0326971405848527	0.0282246064631872	0.0233676754531865	0.0197177459334802	0.018083067091863	0.0180719261236621	0.018374594389757	0.0176366616535258	0.015317550105515	0.0119091037408302	0.00844828587953035
0.000115452747224316	0.000133421668567582	0.000187869566408426	0.000350420887831326	0.000719036691225718	0.00139796359115663	0.00246107479190577	0.00391117957344869	0.00579514344496202	0.00842153616267057	0.012518911465191	0.0192070383768287	0.029652595697879	0.0446385548290179	0.0646006524781009	0.0900973848900711	0.122388902655085	0.163199616104516	0.213284426642814	0.270940009330618	0.331465413563232	0.388053325895704	0.433654212361985	0.462935436073551	0.473563761239661	0.466124645487847	0.442852975846302	0.406492033283221	0.360356123239353	0.309031736526307	0.25804173213888	0.211979230919975	0.17283267623705	0.140190224233595	0.112772050137682	0.0897610536550403	0.0708372886132224	0.0555871741171352	0.0435315287621626	0.034305123484057	0.0277610073273886	0.0237801974271791	0.0221808302049347	0.0228402724455356	0.025732744746823	0.0305888177504434	0.0364741786918156	0.041711072622152	0.0444857872545941	0.0437701595298242	0.0399517635775917	0.0346758123717571	0.0300183928495579	0.0273624784497872	0.0266401682044721	0.0264565706330394	0.0251273247247029	0.0218764378774131	0.0172661429728145	0.0126149149559755
2.56191992350979e-05	3.43099887161416e-05	6.04237047213261e-05	0.000132586042203398	0.000291394692974016	0.000582815779969174	0.00105791141281377	0.00175099590917857	0.00277059180720904	0.0044160099818421	0.00725212707250232	0.0120310566079282	0.0194589505212152	0.0299088278410287	0.0435932531189814	0.0610804039744835	0.0837953823603054	0.11376565765254	0.152303030245188	0.198702559567643	0.249730049948277	0.300267140144751	0.344665437466732	0.378176801634029	0.397944858743527	0.403050519498813	0.393750844460956	0.37095562368248	0.336746805417502	0.295259755422079	0.252214962348914	0.212706444829402	0.179067310206248	0.150826533812256	0.126355674174069	0.104529892680198	0.0850404158538263	0.0678459352077893	0.0530093481231994	0.0406848803895576	0.0311640998700819	0.024723187073963	0.0215740389599796	0.0219211177148216	0.025873322239515	0.0330072972675603	0.0419843347247152	0.0505730298302553	0.0563646280485802	0.0577708673092548	0.0547568978363556	0.0488654572902487	0.0425207004672687	0.0377816517402849	0.0352136635908892	0.0336837984526681	0.0313770759679787	0.0272568859383073	0.02176794734771	0.0162929120386569
1.23827054038922e-06	4.60752943744111e-06	1.46150019181759e-05	4.05449008549798e-05	9.81674361251562e-05	0.000206459552822206	0.000404955635371315	0.000744273431443225	0.00135052104840708	0.0024726379797077	0.00449331608797729	0.00782534181082607	0.0127789200171309	0.0194448540260143	0.0279639849843248	0.0389842399505729	0.0539437026000302	0.0747292948019761	0.102585543612364	0.137223158174473	0.176590485877248	0.217398457340814	0.255899619055545	0.288561402142616	0.312568731218114	0.325959211075687	0.327463665997628	0.316617673421766	0.294569617900829	0.264893090175638	0.232915902458387	0.203375956430808	0.178211178464206	0.156518471065485	0.136345586490096	0.116528467356986	0.0971015872599333	0.0786542658740949	0.0618825963536302	0.0473906456422045	0.0357582017138715	0.0275370776885527	0.0232900170902974	0.0235516751720527	0.028558030139568	0.037714986838976	0.0493158813874534	0.0607246945248813	0.0691548970688931	0.0725885407172243	0.0704884558338889	0.0640432671381389	0.0557771191500011	0.0483610649377726	0.0431556686426322	0.0395687796163959	0.0358781799743017	0.0308388010457283	0.0246616558274651	0.0186161731157938
3.35474213253447e-07	1.24644086447907e-06	3.94622077762649e-06	1.10095104584401e-05	3.09721673091426e-05	7.36665518480602e-05	0.000175502872745476	0.000399193569783836	0.000875328846012632	0.00180617366033099	0.00342333265010589	0.00586919392820742	0.0091271352614417	0.0130685468615472	0.017790910632824	0.0239955658395141	0.0330499469489795	0.0465552591877024	0.0654880830341691	0.0896988077184027	0.117980329338785	0.148531138356004	0.179276141853155	0.207889099226214	0.231879351429564	0.248824714941887	0.256740064627653	0.254621133903538	0.243222572422264	0.225525339013721	0.205859755428322	0.187746226203681	0.172077048005222	0.157323888782322	0.141416875788613	0.123525238031514	0.104367178692955	0.0853568993867491	0.0678168188015508	0.0526048253994316	0.0402888139470976	0.0314260952734618	0.0267572267720329	0.0270560868853784	0.0326381365552628	0.0427665758983691	0.055538657600499	0.0682566880880673	0.0781807101920702	0.0831807464169009	0.0822776935169353	0.0760913563651239	0.0668668915629643	0.0575304352582685	0.0500513573890486	0.0444049885123627	0.039130410947219	0.0329581697468029	0.0259625775985848	0.019302629271396
7.26162973744201e-08	2.69802914497815e-07	8.54193646403302e-07	2.40421418555288e-06	1.26353936986272e-05	3.97053286498558e-05	0.000121466247367618	0.000331684076643917	0.000805931054434137	0.00172008052577137	0.00320798497312174	0.00523421671485771	0.00754925483496932	0.00986233650669522	0.0122235147869651	0.0153543877067251	0.0205686269131512	0.0292661565799245	0.0422053213562223	0.0592011445081075	0.0793744526144104	0.101649529644938	0.124929683430779	0.147811052751323	0.168402983873022	0.1845407463108	0.194397637726822	0.197170212121756	0.193600664903374	0.186005852245554	0.177307111190497	0.16935204400398	0.16180892666806	0.152695940247572	0.140155214432355	0.123931923193854	0.105477841372453	0.0869183798031843	0.0699955011439289	0.055571572146995	0.0439501457276662	0.0354876048462516	0.030942376039998	0.0311866774916893	0.0364994103215761	0.0459983664816695	0.0577878870552584	0.0695330858285689	0.0790891476579497	0.0847078704454248	0.0852347535678671	0.0806416663437175	0.0724653813859165	0.0632702942302469	0.0550945502016348	0.0482343560658752	0.041579951909296	0.0341281980409636	0.0261036874170594	0.0187157809876814
1.25585764704152e-08	4.66608826967715e-08	1.47727942855394e-07	4.20425731401148e-07	8.63811652100529e-06	3.2695859805647e-05	0.000110068054963016	0.00031720291718878	0.000786293567420344	0.00167343054187531	0.00305930519321468	0.00482695963302344	0.00662205478541193	0.00809362678840505	0.0092809627492044	0.0109253364101505	0.0143372250278355	0.0208448505666526	0.0310781576753979	0.0446594634372099	0.0605003818732048	0.077447375850415	0.0946565198870154	0.111372667292791	0.126590311324342	0.139027012462408	0.147607313002644	0.152047789947061	0.153107882332834	0.152326651144056	0.151153201505766	0.149905555565268	0.147415853566278	0.141743968117781	0.131586440816905	0.117268652833432	0.100644218386443	0.0840564020440775	0.0692346529368303	0.0568116849956845	0.0467777438555356	0.0393159279667834	0.0351803949003733	0.0352213288711626	0.0395281785129333	0.0470095756809519	0.0558845235493434	0.0644702432304543	0.0716452194426889	0.0765294087451804	0.0782039158037876	0.0761285805168031	0.0708605542842356	0.0640069707705697	0.0570483215912902	0.0502447164602447	0.0428519171482092	0.0343876182929736	0.0255006738943351	0.0176027454546094
3.05902320501826e-07	3.05902320501826e-07	3.05902320501826e-07	3.83594055989076e-09	6.7249773089012e-06	2.69119610107353e-05	9.23157739770891e-05	0.000268808005734757	0.000667508589832141	0.00141453239964805	0.00256126049404064	0.00398622824573848	0.00535959438098577	0.00639065022646813	0.00716720525868426	0.00844565501820669	0.0115260597178803	0.0177041895584341	0.0275256588322636	0.0403599431899437	0.0546452050455771	0.0687072397748967	0.0815046310402646	0.0927120288438422	0.102303244579652	0.110137445081793	0.116043505298497	0.120171338001532	0.123100571035942	0.125553287960414	0.127801653106145	0.129231339834111	0.128522686461325	0.124311564515461	0.116048323930055	0.104442370150489	0.0912215412690402	0.0782932967892184	0.0668732633166282	0.05720341873527	0.0490969741887824	0.042777730617374	0.0390917885383244	0.0388191368443818	0.0417803139228567	0.046647668817836	0.0517656519665352	0.0561184324652661	0.0596604632379959	0.0625689580669164	0.064499247743317	0.0647132491736193	0.0628631067965029	0.059372709543595	0.0548100844795552	0.0491498902661718	0.041959400197418	0.0333319835814034	0.0243829934371507	0.0167080208029934
2.03934880334551e-07	2.03934880334551e-07	2.03934880334551e-07	3.05902320501826e-07	4.71124469894087e-06	1.88530328882719e-05	6.44291050003644e-05	0.000187346799197079	0.000464337269222256	0.000981197730695198	0.0017699854105458	0.0027460910654659	0.00368350384724645	0.00442366586278039	0.00512892935452215	0.00653077975571731	0.00984019031086579	0.0162611827141212	0.0262624402511661	0.039050811785899	0.0527141956947096	0.0651125413688624	0.0749140779062329	0.0820198079663728	0.0871652005213536	0.0911659123211356	0.0945459941670075	0.0976235801891302	0.10061510135964	0.103543847040671	0.106001772799078	0.107141154679555	0.106072154023566	0.102284741329803	0.0959486708147824	0.0878945204978345	0.0793065653975563	0.0711890977916826	0.0639035909471561	0.0572254591028368	0.0509451248147526	0.0455255760899902	0.0420142334974884	0.0411730827408893	0.042652656524823	0.0450184955784115	0.0467502650546611	0.0472836262835232	0.0472857469096402	0.0477406911997866	0.0489407958770993	0.0502844387692354	0.050912429554302	0.0503191170893423	0.0482369730761113	0.0443239928691725	0.0383561246216599	0.0308167584533818	0.0230482880717739	0.0166186823865488
1.359565868897e-07	1.359565868897e-07	2.03934880334551e-07	3.05902320501826e-07	2.64300376020026e-06	1.05751141782994e-05	3.60849687268064e-05	0.000104865679907552	0.000259705797185746	0.000548170386612827	0.000988683254519217	0.0015391728518406	0.00208692959000037	0.00260018349919558	0.0032904262628356	0.00480255526308435	0.00816062742509597	0.0143817413617921	0.0238475122624261	0.0357727028079079	0.0482534638212783	0.0590740057707084	0.0667926706597343	0.0713732634573504	0.0738911475020077	0.0756462200904722	0.0774830273909062	0.0796590486927662	0.0820017248076314	0.0840775189060535	0.0852672808158054	0.0849699811508673	0.0829580778933991	0.0795068698005747	0.0752843259627623	0.0710460938282584	0.0673139476165042	0.0641069052584792	0.0608773237963972	0.0569209762394097	0.0520379851048186	0.0469738285497358	0.0430382107903576	0.0411169245641147	0.040938064601272	0.0412072847915842	0.0405848942812998	0.0386772606479955	0.0363271768191095	0.0348142722520835	0.0348600444898883	0.0361920374295633	0.0379060480600793	0.0390719403406502	0.0389402037623595	0.0369742587012853	0.0330412520946306	0.027713944210456	0.022203933948456	0.017779857203254
9.06377245931335e-08	1.359565868897e-07	2.03934880334551e-07	3.05902320501826e-07	1.18465326520185e-06	4.74000216339289e-06	1.61652089071645e-05	4.69682681225626e-05	0.00011628924892591	0.000245361059244004	0.000444098947661395	0.0006991594618581	0.000975816482203279	0.00131561938046196	0.00192839568971968	0.00332198250630008	0.00627109965539915	0.0115394370451938	0.0194081190657698	0.0292380576499853	0.0394690360345116	0.0482333422609127	0.0542581032871052	0.0575016769986949	0.0589887488369903	0.0600150751168921	0.0613965770313372	0.0632213291037176	0.0650422123811935	0.0662295545980728	0.0662440894439486	0.0648839656197261	0.0624815518136726	0.059800200146327	0.0577204986598404	0.0568365690361624	0.0571519368643929	0.0579505853174244	0.0579783231334237	0.0561006911119172	0.0520489120747445	0.0467521543204666	0.0417853291719052	0.0383102576895607	0.0363669321878606	0.0349916440715202	0.0330529342836687	0.0301347170934398	0.0268723659302709	0.0244143498483643	0.023623378414408	0.0245564691481961	0.0265447754165082	0.0286439460360431	0.0299565695395728	0.0298765227561234	0.0282660515316918	0.0255580991201369	0.0225920485613086	0.0201815515439982
9.06377245931335e-08	1.359565868897e-07	2.03934880334551e-07	3.05902320501826e-07	4.24244368543852e-07	1.69747493530309e-06	5.78745755008858e-06	1.68139375905759e-05	4.16244212235061e-05	8.7807412322644e-05	0.000160657355667489	0.00025962963708705	0.000386123965466026	0.000600607813821197	0.00107088806206399	0.00215026774341512	0.0043576340767583	0.00819396465579941	0.0138358877589458	0.0208397617406072	0.0281375576416798	0.0344388114458733	0.0388423458155821	0.0413250211818514	0.0426661517310429	0.0438623160350512	0.0454928847104915	0.0474681734640637	0.0492248204096424	0.0501357004099981	0.0498458149603505	0.0484626570172629	0.0465995858413476	0.0451550480523171	0.0449772121639388	0.0464993244231847	0.0494700587678355	0.0528384617200681	0.054985398921532	0.0544629218242683	0.0508320113365276	0.0450399021682297	0.038859495955637	0.0337896989460505	0.0302725107899471	0.0277087913695753	0.0251523999385821	0.0221114909400662	0.0189231218933957	0.0164515162235886	0.0155044268500977	0.0163427573292192	0.0185576781954607	0.0213391332856767	0.0237894780841813	0.0252753883645945	0.0256028702790858	0.0250055473877156	0.0239403441494337	0.0228061683348119
9.06377245931335e-08	1.359565868897e-07	2.03934880334551e-07	3.05902320501826e-07	1.213870262367e-07	4.85690441136589e-07	1.65593774146651e-06	4.81089210554484e-06	1.19097979508546e-05	2.51235111686963e-05	4.7338386805853e-05	8.11456882358639e-05	0.00013690832351475	0.00026314085988445	0.000570713928475816	0.0012738622183656	0.00267621412892977	0.00506066781549142	0.00851763135510905	0.0127798117622402	0.0172330419674902	0.021149021883316	0.0240318865117423	0.025914582635785	0.0273190867420453	0.0288821911470605	0.0309100302476582	0.0331989862131265	0.0352138090812268	0.0364507339337606	0.0367219293897533	0.0362466267103157	0.0356120050419023	0.0355632461731934	0.0367734237700133	0.0395821469725174	0.0437499892080749	0.0482672358113223	0.0514841012113198	0.0517843816345008	0.0484902868605028	0.0423935808790189	0.0353255300186197	0.0290600392853241	0.0244014769319463	0.0210601810446923	0.0182428462938817	0.0154173808431642	0.0127059397938808	0.0107237305349053	0.0101434890997874	0.0112838820055674	0.0138864446629011	0.017248779855565	0.0204883747893917	0.0229394054672804	0.0243491835727584	0.0248196451536652	0.0245760591346118	0.0237755079773306
9.06377245931335e-08	1.359565868897e-07	2.03934880334551e-07	3.05902320501826e-07	2.77497972049326e-08	1.11031727720501e-07	3.78557230820411e-07	1.09979859003514e-06	2.72265074888224e-06	5.74338429419733e-06	1.16711206626455e-05	2.26035570663181e-05	4.67949881339126e-05	0.000113084918527355	0.000282352145146835	0.000665901720874381	0.00141627187899148	0.00266876900768237	0.00445941032469897	0.00664869860250661	0.00894200785294512	0.011011077711348	0.0126630021993154	0.0139833582545916	0.0153044291119507	0.0169889599135924	0.0191569946289833	0.0215986339868863	0.0239172162791765	0.0257824239083994	0.0270926965022486	0.0279744460869266	0.0287531157129125	0.0298648086955145	0.0317902328368415	0.0348835252983202	0.0391048036723517	0.0437109045879844	0.0472316878991577	0.0480135328401611	0.04514449288941	0.0391487365939552	0.031752720049613	0.0248593976995759	0.0195368959780065	0.0157541959276079	0.0128694227875366	0.0103574045737099	0.00820613772066394	0.0068330491674406	0.00675034997252321	0.00823876470237751	0.0111003278296186	0.0147050743337656	0.0181963757551995	0.0208866305378044	0.0224878445252037	0.0230596951643259	0.0227667706553319	0.0217131130761763
9.06377245931335e-08	1.359565868897e-07	2.03934880334551e-07	3.05902320501826e-07	5.06849136300222e-09	2.02799086715683e-08	6.91433541169891e-08	2.00877851952167e-07	4.97291266789085e-07	1.04902725863407e-06	2.55138779402227e-06	6.07488240926552e-06	1.59517937378828e-05	4.57225504004339e-05	0.000123021301936817	0.000296506572955725	0.000630844786854015	0.00118016658991685	0.00195531084493754	0.00289465497669121	0.00388287659495686	0.00480828678991452	0.00563721305157193	0.00646960579751035	0.00751355338628666	0.00897602725682636	0.0109140162433951	0.0132158601910212	0.0156872895172099	0.0181676047006068	0.0205511262942363	0.0227374859143186	0.0246906908626265	0.0265315580449771	0.0286181634000203	0.0313951570152078	0.0350520505145299	0.0391243628383255	0.0423822211351157	0.0432688124347552	0.0407727955067123	0.035176532773738	0.0279843829953949	0.0210414652093209	0.0155353692894488	0.0116397815164437	0.00887567139246543	0.00675141556654883	0.00514808212165732	0.00429830040297963	0.00455159648521785	0.00612393454886951	0.00886204684042102	0.0122257855476245	0.0154271520348353	0.0177876355357839	0.0190031440219375	0.0191416386523209	0.0184176843197147	0.0170119989851978
6.04251497287556e-08	9.06377245931337e-08	1.359565868897e-07	2.03934880334551e-07	3.05902320501826e-07	3.05902320501826e-07	3.05902320501826e-07	3.05902320501826e-07	3.05902320501826e-07	3.05902320501826e-07	2.64847981270612e-07	1.23202414217723e-06	4.68578985606226e-06	1.58293200860929e-05	4.50570744108415e-05	0.000110101145697712	0.000233804541314777	0.000433991034041405	0.000712760102619014	0.00104718041271859	0.00140145390954838	0.00175152331443211	0.00211681722607737	0.00257893398929105	0.00326550235812941	0.00431134388534032	0.00578959321332605	0.0077281750605572	0.0101303819838099	0.012967541570142	0.0160869783813198	0.0191585005952936	0.0218445427482033	0.0240542648718286	0.0260955035891884	0.0284734190694098	0.0314679732531757	0.0347443052515738	0.0372911109726353	0.0378126753202461	0.0354471071381404	0.0303847092266456	0.0238555154245605	0.0174504309876431	0.0122859040825051	0.00864506408796095	0.00620286986194173	0.00451834345975635	0.00338650688712103	0.00287750810317841	0.00321219820480595	0.00457120586155192	0.00687202519903886	0.00969020110280179	0.0123300202803392	0.0141316264843695	0.0147738405277619	0.0143481107729517	0.0131691826417887	0.011554177190008
4.02834331525039e-08	6.04251497287558e-08	9.06377245931337e-08	1.359565868897e-07	2.03934880334551e-07	2.03934880334551e-07	2.03934880334551e-07	2.03934880334551e-07	2.03934880334551e-07	3.05902320501826e-07	9.43435504535221e-08	4.44606612921165e-07	1.68288702185126e-06	5.61016740659172e-06	1.5814362856385e-05	3.82167707096236e-05	8.00306077503645e-05	0.000146030106123438	0.000235290461993693	0.000338790723149906	0.000446405430550265	0.000557568620823983	0.000695439303107888	0.000914183720326293	0.00128957888570639	0.00192217670637092	0.00291575451676268	0.00440580929100905	0.00653111636500614	0.00934882592852298	0.0126802516499654	0.0160728258954903	0.0190426403251507	0.0214127943794559	0.0234596355062397	0.025642697111126	0.0281516688274605	0.0306288050551069	0.0322576969106371	0.0321371327409063	0.0297618329786432	0.0253703812721899	0.0199026125340256	0.0145513131195146	0.0101993306746032	0.00713691818138878	0.00516257826675657	0.00389423648705599	0.00307243406858672	0.00265849339037535	0.00281496145108653	0.00374947180838077	0.00548141170997333	0.00770074287568968	0.00978520916161819	0.0110745490797987	0.0112186913492703	0.0103289777949953	0.00882190673660869	0.00714767336861356
2.68556221016693e-08	4.02834331525039e-08	6.04251497287558e-08	9.06377245931337e-08	1.359565868897e-07	1.359565868897e-07	1.359565868897e-07	1.359565868897e-07	2.03934880334551e-07	3.05902320501826e-07	7.28226137094237e-08	4.00610190965269e-07	1.50510138493595e-06	4.86636949618082e-06	1.34084110586872e-05	3.15831914043999e-05	6.38074360256959e-05	0.000110798064288249	0.000166401126090895	0.000217684438720017	0.000252708090125615	0.000270576956471112	0.000289846814009574	0.000350854503567112	0.000504029861533616	0.000829434105170405	0.00143971145326037	0.00251204883845584	0.00424178895244929	0.00673218864082316	0.00982415456143184	0.0130649300475357	0.0159585459334542	0.0183119673304315	0.0203509573706429	0.0224271824166907	0.0245945004627284	0.02645783566737	0.0273892882781511	0.0268669919823246	0.0247288135219181	0.0212632609042281	0.0171262554094322	0.0131035136829241	0.0098156274433606	0.00751768653516721	0.00608776439314425	0.00517278886134064	0.00446059995683511	0.00385336891538847	0.00353464592842216	0.0038143407764536	0.00484819805922883	0.00643498697625963	0.00800703899674555	0.00889679278559402	0.00872363810656426	0.00759665059836415	0.00598174483631791	0.00439814644791816
1.79037480677795e-08	2.68556221016693e-08	4.02834331525039e-08	6.04251497287556e-08	9.06377245931335e-08	9.06377245931335e-08	9.06377245931335e-08	1.359565868897e-07	2.03934880334551e-07	3.05902320501826e-07	1.92596615661287e-07	1.13492407184743e-06	4.25756913527355e-06	1.36462127747602e-05	3.73491291189988e-05	8.73136552924039e-05	0.000174399833593406	0.000297688163300051	0.000434519182739114	0.000542750624808424	0.00058151852324182	0.000537895905495037	0.000439077899321824	0.000343799365701987	0.000312012643926766	0.000417126987772603	0.000759766080819033	0.00150592117480685	0.00285038058394661	0.00491345682885188	0.00757653512776654	0.0104380665148405	0.0130277219242863	0.0151326853261084	0.0169185738132766	0.0186836870011822	0.0204818391377848	0.0220035701367286	0.0227909815450741	0.0225131007332626	0.0211135103658923	0.0188084694035236	0.0160216171173267	0.013279291143712	0.0110574334871941	0.00959349359412567	0.00877731448910955	0.00820071888117785	0.00745194035142741	0.00639355146845063	0.00529118863512123	0.0046238723503946	0.00472260276809069	0.00551069170150525	0.0064923862815467	0.00702434485389444	0.00671284282073271	0.00562930607750782	0.00420013027048208	0.00291453684537986
1.19358320451864e-08	1.79037480677795e-08	2.68556221016692e-08	4.02834331525038e-08	6.04251497287557e-08	6.04251497287556e-08	9.06377245931335e-08	1.359565868897e-07	2.03934880334551e-07	3.05902320501826e-07	5.46062080280023e-07	3.24361789637191e-06	1.21693743273315e-05	3.89898030349261e-05	0.000106687839386809	0.000249340922454651	0.000497756430144231	0.000848809984162276	0.00123653592018981	0.00153896252322092	0.0016366018881968	0.0014878353000444	0.00115868960612568	0.000785153146088939	0.000492309970198209	0.000373087385203156	0.000507650907820494	0.00102084805246426	0.00207570634245368	0.00378764764884496	0.00606609473100454	0.00854366675107483	0.0107429573649259	0.0123974543708673	0.0136295386715261	0.0147972930770586	0.0161396102385017	0.0175659908919394	0.0187378992680835	0.0192733744134881	0.018943901020129	0.0177769924556805	0.0160726960614103	0.0143194670034166	0.0130079330580532	0.0123711620679211	0.0122205775830406	0.0120013603392045	0.0111618875821407	0.00953716285579603	0.00750225323174637	0.00572648931729807	0.00472693313727092	0.00456750669777149	0.00485922810585696	0.00503269046029885	0.00470978294780168	0.00390027125950563	0.00291996654791754	0.00215057347858112
7.95722136345758e-09	1.19358320451863e-08	1.79037480677795e-08	2.68556221016692e-08	4.02834331525038e-08	6.04251497287557e-08	9.06377245931335e-08	1.359565868897e-07	2.03934880334551e-07	3.05902320501826e-07	1.26461746482e-06	7.53030493340519e-06	2.82573084018902e-05	9.0551681287474e-05	0.000247825706200067	0.000579313526486744	0.00115671943345522	0.00197294353743312	0.00287471649077873	0.0035783673721177	0.00380539302268316	0.00345749227016644	0.0026844978607043	0.00178807271223867	0.00103920793593985	0.000589642293744841	0.000496524589321966	0.000820413500298005	0.00166670947386914	0.0031220939274372	0.00509982102107481	0.00724323538309096	0.00905062241322774	0.0102019083035137	0.0108059736563921	0.0113392453917139	0.0122917812626224	0.013813122068674	0.015612736552386	0.0171087919950659	0.0177651408395655	0.0174069641674406	0.0163383918976191	0.0151806083160349	0.0145241629044943	0.0145658962906361	0.0149674364913804	0.0150113258744866	0.0140518182761741	0.0119401661586439	0.00914800623666603	0.00647332966068443	0.00455540757599043	0.00356984158469688	0.00324402013377409	0.00311526810307257	0.00284980700823764	0.00240597272749084	0.00198170382859916	0.0018389361251407
7.95722136345754e-09	1.19358320451863e-08	1.79037480677795e-08	2.68556221016692e-08	4.02834331525038e-08	6.04251497287557e-08	9.06377245931335e-08	1.359565868897e-07	2.03934880334551e-07	3.05902320501826e-07	2.33995597729857e-06	1.39679762814635e-05	5.2424183203241e-05	0.000168027592325627	0.000459956371636296	0.00107540697345975	0.00214772386338924	0.00366402342532128	0.00533988991677572	0.00664837323232205	0.00707159171480492	0.00642603107489135	0.00498884804221622	0.00331367883303278	0.00189538953706526	0.000981119812647821	0.000600558303111379	0.000724536963621903	0.0013697566822437	0.00256716231012273	0.00421971755390023	0.00599559162470145	0.00741487597483613	0.00816083230062102	0.00835468010550186	0.00855326865923782	0.0094071405186251	0.0112054052269069	0.0136363577795006	0.0159001605558401	0.0171835385905695	0.0171812325561068	0.0162895928803405	0.0153193074060068	0.0149512280651065	0.0153018287612975	0.0158829483634898	0.015905601926146	0.0147637189098911	0.012394066487169	0.00931298239623297	0.00631005907773459	0.0040097287213675	0.00261763065766131	0.00195099910198977	0.00166095707370045	0.00148199835702459	0.00135907683015097	0.00141730543506979	0.0018385267624173
7.95722136345754e-09	1.19358320451863e-08	1.79037480677795e-08	2.68556221016692e-08	4.02834331525038e-08	6.04251497287557e-08	9.06377245931335e-08	1.359565868897e-07	2.03934880334551e-07	3.05902320501826e-07	3.45929464124624e-06	2.07010555701967e-05	7.77089278963968e-05	0.000249116974914397	0.000682065057081499	0.0015950383042785	0.00318616399201214	0.00543677356352322	0.00792519574522459	0.00986935155181166	0.0104999148558162	0.00954342785059898	0.00741040901122662	0.00491908017190181	0.00279999443043253	0.00140076907941835	0.000720335942192122	0.000629512579189459	0.00103955387920988	0.0019106806002167	0.00313796481944362	0.00445358417228915	0.0054762109335	0.00596871522744492	0.00608001314135148	0.00636496447218314	0.00748348038675284	0.00972761873468513	0.012716119887718	0.0154849999874671	0.0170458564548024	0.0170418572101228	0.0159785838314864	0.014821407480929	0.0142994543245986	0.0144551627608635	0.0147333494470707	0.0144113594028916	0.0130491051582161	0.0107053789695686	0.00786587363383375	0.00516877595941311	0.0030865649790146	0.00176834598731524	0.00108288671814904	0.000786221209832899	0.000694637682807932	0.000775649336983538	0.00112969824250747	0.00190126614552189
7.95722136345754e-09	1.19358320451863e-08	1.79037480677795e-08	2.68556221016692e-08	4.02834331525038e-08	6.04251497287557e-08	9.06377245931335e-08	1.359565868897e-07	2.03934880334551e-07	3.05902320501826e-07	4.08600390053957e-06	2.45126122305033e-05	9.20340532847144e-05	0.000295096930086119	0.000808116280118968	0.00189020319042827	0.00377656612932013	0.00644560487217595	0.00939782445044803	0.0117058191750995	0.0124564792294694	0.0113242707527264	0.0087951514679291	0.00583765167619172	0.00331651022379674	0.00163395572249873	0.000763730167448828	0.000504178587388252	0.000684341642528153	0.00120696791820195	0.00197178419234124	0.00280007982146427	0.00345254461391164	0.00381228594307171	0.00405822675866935	0.0046846790323444	0.00625945503649152	0.00899431664206469	0.0124295175196161	0.0155081688604015	0.0171579971413171	0.0170024472354251	0.01560367362901	0.0140006472220715	0.0129491265474294	0.0124938116446531	0.0121414367704961	0.0113366984982965	0.00983350173177776	0.00777168635927946	0.00553217152251299	0.00352703870521522	0.00201960059215003	0.00106549360063188	0.000561152684159	0.000350033223789993	0.000325337826349316	0.000486735180362199	0.000927264606138705	0.00176920024973975
7.95722136345754e-09	1.19358320451863e-08	1.79037480677795e-08	2.68556221016692e-08	4.02834331525038e-08	6.04251497287557e-08	9.06377245931335e-08	1.359565868897e-07	2.03934880334551e-07	3.05902320501826e-07	3.85603844533771e-06	2.31912856811934e-05	8.70892583613589e-05	0.000279296013008351	0.000764998924725644	0.00178971958165877	0.00357655874023252	0.00610556069098217	0.00890398050153535	0.0110931428320826	0.0118071330891379	0.0107363259734974	0.00834035274626113	0.00553609055256503	0.00314249484980934	0.0015362575874799	0.000680529975294778	0.000360575054677311	0.000381862472501319	0.000627470486100731	0.00101547670704567	0.00144965049830817	0.00181790451567909	0.0021091754189842	0.00251998222237495	0.00346819374715658	0.00540878051051917	0.00847061267583856	0.0121579787012916	0.0154048528427712	0.0171242598571677	0.0169043793519551	0.0152575073949237	0.0131836927035114	0.0114515512729047	0.0102098280278049	0.00915317533123276	0.00793632370433906	0.00644858901370902	0.00481916285299075	0.0032744681467232	0.00200830964419075	0.00110719975146419	0.000552835979480341	0.000264540107045957	0.000150833784121832	0.000161021605078949	0.000313533313727676	0.000685896020649921	0.00137197959717641
7.95722136345754e-09	1.19358320451863e-08	1.79037480677795e-08	2.68556221016692e-08	4.02834331525038e-08	6.04251497287557e-08	9.06377245931335e-08	1.359565868897e-07	2.03934880334551e-07	3.05902320501826e-07	2.90747031409792e-06	1.75306576357091e-05	6.58444341032642e-05	0.000211204650574336	0.000578611053452518	0.00135394376704847	0.00270628134457989	0.00462090326240611	0.00674032163441492	0.00839937562512282	0.00894197040475576	0.00813281183082419	0.00631924391813176	0.00419508862175993	0.00238045230252935	0.00115901811282228	0.000498192885015821	0.000225818186022222	0.000181297196853198	0.000265971494872361	0.000423713376106385	0.00061461214288537	0.000806234580933232	0.0010480028877584	0.00153174829261219	0.00260344145791907	0.00462751113321141	0.00769397919472022	0.0113498834489217	0.0146230463158403	0.0164838613137965	0.0164607857865373	0.014893183936872	0.0126058306955515	0.0103321298262248	0.00838123461495437	0.0067159797675285	0.00521385806849347	0.00383676948212586	0.00263388887466866	0.00166775576560785	0.000966510233957136	0.000508753130308672	0.000241899510716828	0.000109545536648037	6.20006037097433e-05	7.99726647295378e-05	0.000183299633427104	0.0004240657876561	0.000862026802423659
7.95722136345754e-09	1.19358320451863e-08	1.79037480677795e-08	2.68556221016692e-08	4.02834331525038e-08	6.04251497287557e-08	9.06377245931335e-08	1.359565868897e-07	2.03934880334551e-07	3.05902320501826e-07	1.75154209290573e-06	1.0587898457241e-05	3.97751663383778e-05	0.00012760889115261	0.000349664529109114	0.00081838077869161	0.00163613770057459	0.00279426545266457	0.00407677361816295	0.00508134883368785	0.00541080167824662	0.0049222690163835	0.0038254746744625	0.00254001054439748	0.00144116189197101	0.000700201428488595	0.000295951400790632	0.000121110343427619	7.40898512737402e-05	9.18249903735447e-05	0.000142624930767883	0.000216220514818427	0.000314785201639126	0.000504223985898981	0.000948592741592525	0.0019241321327587	0.00372543190493783	0.00644486237517229	0.00974668564675076	0.0128541102967067	0.0148793618574474	0.0153010876118881	0.014206644659122	0.0121278505343317	0.00967699138933582	0.00729532581728437	0.0052158143665367	0.00353203272958899	0.00225900435768744	0.00136114670447072	0.000769585002009085	0.000406462898215402	0.000198931848248965	8.76383713066274e-05	3.76176222561576e-05	2.19276457347907e-05	3.47979655691313e-05	8.89999970798e-05	0.000211994686095906	0.000434266089322974
7.95722136345754e-09	1.19358320451863e-08	1.79037480677795e-08	2.68556221016692e-08	4.02834331525038e-08	6.04251497287557e-08	9.06377245931335e-08	1.359565868897e-07	2.03934880334551e-07	3.05902320501826e-07	8.43057553383724e-07	5.10927793844314e-06	1.91974444874497e-05	6.1602328957707e-05	0.000168832247341714	0.000395229529698154	0.000790325690773697	0.00135004397799381	0.00197011751539515	0.00245612591333427	0.00261595109868053	0.00238028822535997	0.00185031234723738	0.00122879253617632	0.000697229473449378	0.00033839627544998	0.00014171527921224	5.4495478861393e-05	2.64483671618557e-05	2.61869615542636e-05	3.91775874627538e-05	6.67903553854024e-05	0.000119352538987361	0.000252967054276163	0.000589272661918612	0.00133184296872815	0.00270883369683445	0.00482484755311939	0.00749091281233904	0.010182770515417	0.0122272596398824	0.0131118629275262	0.0126895714591679	0.011167233076846	0.00896283393146492	0.00655505111541802	0.0043606523476	0.00264009878655792	0.00146245056754117	0.000748995228042815	0.000358985512500637	0.000162874475606531	7.05602055878402e-05	2.69771278413882e-05	1.14215614612369e-05	7.41883574207711e-06	1.35770587579736e-05	3.58004917146421e-05	8.55552230589952e-05	0.00017531713588685
7.95722136345754e-09	1.19358320451863e-08	1.79037480677795e-08	2.68556221016692e-08	4.02834331525038e-08	6.04251497287557e-08	9.06377245931335e-08	1.359565868897e-07	2.03934880334551e-07	3.05902320501826e-07	3.24209117843964e-07	1.96991512852852e-06	7.40309530191038e-06	2.37603091842725e-05	6.51325697216397e-05	0.000152504457646284	0.000305022375765835	0.000521155889578846	0.000760689173601367	0.000948553556704749	0.00101050215094708	0.000919672769063203	0.000715062919523425	0.000474969733908166	0.000269535268718784	0.000130753195119669	5.4482512773356e-05	2.02000563698984e-05	8.22670758219061e-06	6.24247396553027e-06	8.88375061225228e-06	1.99396699135841e-05	4.76766655155333e-05	0.000129494428007029	0.000342706575125147	0.000820186130786535	0.00172138624137754	0.00314757612785284	0.00503171477628605	0.00708699287618599	0.00887769223740558	0.00997600015872299	0.010107982406473	0.00923546832726432	0.00757485143005891	0.00553925956647706	0.00358915517956825	0.00205389472588791	0.00103945558267727	0.000468706146110955	0.000190870870241214	7.15986244874175e-05	2.56485895876281e-05	6.94432573039136e-06	2.88277027874253e-06	2.08436553721864e-06	4.27630587002406e-06	1.15191276347668e-05	2.75896138098795e-05	5.65489013774687e-05
7.95722136345754e-09	1.19358320451863e-08	1.79037480677795e-08	2.68556221016692e-08	4.02834331525038e-08	6.04251497287557e-08	9.06377245931335e-08	1.359565868897e-07	2.03934880334551e-07	3.05902320501826e-07	9.96149636374384e-08	6.06839376384654e-07	2.28098162473241e-06	7.3222714340333e-06	2.00761314989217e-05	4.70169977193836e-05	9.40582000928671e-05	0.000160741076591784	0.000234672343788197	0.00029269324602945	0.000311877811105794	0.000283907377297375	0.000220791807502054	0.000146696025856457	8.3287545303095e-05	4.04903807281336e-05	1.71046261425057e-05	6.90991470522275e-06	3.9543465445148e-06	4.47422059645559e-06	6.70925085697203e-06	1.3011733986359e-05	2.73110536344105e-05	6.97076480942614e-05	0.000181899340359283	0.000438923985273563	0.000937687634276196	0.00175707128563881	0.00289826493403737	0.00424146028686849	0.00555130022233856	0.00653096715060787	0.00690770865155798	0.00653711181203847	0.00549155943402086	0.00406014959241356	0.0026228248505978	0.00147316710792653	0.000717985112321747	0.000304054210040876	0.00011244101340694	3.66075370391511e-05	1.08620460192141e-05	1.45041311160264e-06	5.89662368465253e-07	4.78745131874048e-07	1.08255936420242e-06	2.96329094504909e-06	7.10898734032575e-06	1.45732136663018e-05
7.95722136345754e-09	1.19358320451863e-08	1.79037480677795e-08	2.68556221016692e-08	4.02834331525038e-08	6.04251497287557e-08	9.06377245931335e-08	1.359565868897e-07	2.03934880334551e-07	3.05902320501826e-07	2.44543032027456e-08	1.49361362432562e-07	5.61524594017196e-07	1.80292790690896e-06	4.94425515872384e-06	1.15815441625061e-05	2.31740001212327e-05	3.96118925924228e-05	5.78437132099861e-05	7.21611027936791e-05	7.69079658551909e-05	7.00260441798206e-05	5.44704707990543e-05	3.62356479513879e-05	2.07074941986646e-05	1.05199594080587e-05	5.7729870062061e-06	5.60833307059099e-06	9.34798600104303e-06	1.64087179823504e-05	2.55132837576997e-05	3.56447830339437e-05	4.56666605341443e-05	6.29848497168721e-05	0.000106905498237	0.000215324362207534	0.000440307626943749	0.000832133232745264	0.00141251874225282	0.00214752422423079	0.00293217485551692	0.00359676125777156	0.00394759720636094	0.00384728281095381	0.00329987179466887	0.00247027342961404	0.00160326754345416	0.000897903577438815	0.000432658554301371	0.000179122480323214	6.36847094330643e-05	1.93845507335339e-05	5.12405516822357e-06	1.75198337998259e-07	6.38641740326578e-08	7.60045695585478e-08	2.15285711531715e-07	6.08021481296061e-07	1.46325428188211e-06	3.0006673198457e-06
7.95722136345754e-09	1.19358320451863e-08	1.79037480677795e-08	2.68556221016692e-08	4.02834331525038e-08	6.04251497287557e-08	9.06377245931335e-08	1.359565868897e-07	2.03934880334551e-07	3.05902320501826e-07	4.79642170984005e-09	2.93725112664337e-08	1.1044710842453e-07	3.54690632924824e-07	9.72883329915948e-07	2.27938284127056e-06	4.5618892184244e-06	7.79944713337372e-06	1.13917383210046e-05	1.42145540680197e-05	1.51529706458903e-05	1.38000947608422e-05	1.07368966009638e-05	7.29637943161434e-06	4.70360047356265e-06	4.22673447354268e-06	7.50132489531315e-06	1.71370549537255e-05	3.62611855870073e-05	6.62012636687228e-05	0.000103192316899999	0.000137705206419769	0.000157741039488226	0.000159007220406109	0.000150888884635088	0.000158164999006496	0.000213910912170874	0.000349392074626532	0.000583225622811583	0.000910112679973766	0.00128941217891119	0.00164003878397061	0.00185624773065902	0.00185237798914787	0.00161563601947809	0.00122261414849839	0.00079829817930671	0.000448013049558641	0.000215564541128133	8.87964163072766e-05	3.12884424574138e-05	9.3975864307848e-06	2.43048397385468e-06	2.9983253335539e-08	8.24388152716475e-09	1.93144299043949e-09	3.05902320501826e-07	3.05902320501826e-07	3.05902320501826e-07	3.05902320501826e-07
5.30481424230502e-09	7.95722136345753e-09	1.19358320451863e-08	1.79037480677795e-08	2.68556221016692e-08	4.02834331525038e-08	6.04251497287556e-08	9.06377245931337e-08	1.359565868897e-07	2.03934880334551e-07	3.05902320501826e-07	3.05902320501826e-07	3.05902320501826e-07	3.05902320501826e-07	3.05902320501826e-07	3.05902320501826e-07	3.05902320501826e-07	3.05902320501826e-07	3.05902320501826e-07	3.05902320501826e-07	3.05902320501826e-07	3.05902320501826e-07	3.05902320501826e-07	5.19338380462539e-07	2.11487684682064e-06	7.33866241604617e-06	2.16993088928632e-05	5.46728933864417e-05	0.000117380344115429	0.000214741440872302	0.000334764384374961	0.000444871515587574	0.000504095236083294	0.000488262900194516	0.00040741074990808	0.00030156933065041	0.000217989916815409	0.000189972511563599	0.00022964969083641	0.000330900246661647	0.00047195839295964	0.000615252338381867	0.000712762555227142	0.000724048970220492	0.000639465364670671	0.00048783306774606	0.000320025461792765	0.000179971179796032	8.65793742265033e-05	3.55809227801494e-05	1.2478850024368e-05	3.72200853464732e-06	9.50638043421088e-07	3.05902320501826e-07	3.05902320501826e-07	3.05902320501826e-07	2.03934880334551e-07	2.03934880334551e-07	2.03934880334551e-07	2.03934880334551e-07
3.53654282820335e-09	5.30481424230504e-09	7.95722136345756e-09	1.19358320451863e-08	1.79037480677795e-08	2.68556221016692e-08	4.02834331525039e-08	6.04251497287558e-08	9.06377245931337e-08	1.359565868897e-07	2.03934880334551e-07	2.03934880334551e-07	2.03934880334551e-07	2.03934880334551e-07	2.03934880334551e-07	2.03934880334551e-07	2.03934880334551e-07	2.03934880334551e-07	2.03934880334551e-07	2.03934880334551e-07	2.03934880334551e-07	2.03934880334551e-07	3.05902320501826e-07	1.3464142077284e-06	5.4829381791869e-06	1.90258985555559e-05	5.62566890689212e-05	0.000141742577098892	0.000304315199820789	0.000556729365391841	0.00086788419190405	0.00115290164438299	0.00130510039498347	0.00125926941037044	0.00103641822897986	0.000729822199977305	0.000445211072128188	0.000247384161607905	0.000147962278969253	0.000125475464000821	0.000149006661772217	0.000189406497770929	0.00022175037817276	0.000228169300750697	0.00020366789009131	0.000156477608356488	0.000103128033798164	5.81694129359599e-05	2.80375072291937e-05	1.15364956085009e-05	4.04962269210497e-06	1.20937490028781e-06	3.08886392459903e-07	3.05902320501826e-07	2.03934880334551e-07	2.03934880334551e-07	1.359565868897e-07	1.359565868897e-07	1.359565868897e-07	1.359565868897e-07
2.35769521880224e-09	3.53654282820336e-09	5.30481424230504e-09	7.95722136345756e-09	1.19358320451863e-08	1.79037480677795e-08	2.68556221016693e-08	4.02834331525039e-08	6.04251497287558e-08	9.06377245931337e-08	1.359565868897e-07	1.359565868897e-07	1.359565868897e-07	1.359565868897e-07	1.359565868897e-07	1.359565868897e-07	1.359565868897e-07	1.359565868897e-07	1.359565868897e-07	1.359565868897e-07	1.359565868897e-07	2.03934880334551e-07	3.05902320501826e-07	2.7889344562422e-06	1.13572443915156e-05	3.94098515434431e-05	0.000116528938596931	0.000293602633512472	0.000630352191373812	0.0011531976571777	0.00179771730938047	0.00238801844187532	0.00270304552693884	0.00260722663822821	0.00214311670037677	0.00150173322215427	0.000898282484296813	0.000461501749838718	0.000209435785269122	9.4259928070682e-05	5.64670301710169e-05	5.24008847465121e-05	5.70642586856988e-05	5.80433785380784e-05	5.21755843129094e-05	4.0274055553383e-05	2.66243774230194e-05	1.5047365776681e-05	7.26209509516782e-06	2.9905709240718e-06	1.05032557765051e-06	3.13961136656231e-07	8.01888007195075e-08	3.05902320501826e-07	2.03934880334551e-07	1.359565868897e-07	9.06377245931337e-08	9.06377245931335e-08	9.06377245931335e-08	9.06377245931335e-08
1.57179681253483e-09	2.35769521880224e-09	3.53654282820336e-09	5.30481424230504e-09	7.95722136345758e-09	1.19358320451864e-08	1.79037480677795e-08	2.68556221016693e-08	4.02834331525039e-08	6.04251497287556e-08	9.06377245931335e-08	9.06377245931335e-08	9.06377245931335e-08	9.06377245931335e-08	9.06377245931335e-08	9.06377245931335e-08	9.06377245931335e-08	9.06377245931335e-08	9.06377245931335e-08	9.06377245931335e-08	1.359565868897e-07	2.03934880334551e-07	3.05902320501826e-07	4.61561191235271e-06	1.87959356261142e-05	6.52222499674875e-05	0.000192852275863992	0.000485904503673501	0.00104321601282907	0.0019085112709814	0.00297517405245846	0.00395209331678345	0.00447341477335611	0.00431468115856739	0.00354614774900794	0.0024835353006201	0.00148226752054935	0.00075427963734655	0.000328117637003172	0.000123774870978466	4.35180314871734e-05	1.84625099328348e-05	1.28176038553718e-05	1.13166398998351e-05	1.03986750872277e-05	8.14208599116652e-06	5.4323847973189e-06	3.0884639025142e-06	1.49620705603774e-06	6.17643722139778e-07	2.17260877217375e-07	6.51211693142548e-08	1.66325951179106e-08	3.05902320501826e-07	2.03934880334551e-07	1.359565868897e-07	9.06377245931335e-08	6.04251497287556e-08	6.04251497287557e-08	6.04251497287557e-08
1.04786454168989e-09	1.57179681253483e-09	2.35769521880224e-09	3.53654282820338e-09	5.30481424230506e-09	7.95722136345758e-09	1.19358320451864e-08	1.79037480677795e-08	2.68556221016692e-08	4.02834331525038e-08	6.04251497287557e-08	6.04251497287557e-08	6.04251497287557e-08	6.04251497287557e-08	6.04251497287557e-08	6.04251497287557e-08	6.04251497287557e-08	6.04251497287557e-08	6.04251497287556e-08	9.06377245931335e-08	1.359565868897e-07	2.03934880334551e-07	3.05902320501826e-07	6.10311591936776e-06	2.48534270466159e-05	8.62418590714344e-05	0.000255004063873273	0.000642500185885563	0.0013794201887288	0.00252357991560043	0.00393400321934639	0.00522576076466388	0.00591509196085944	0.00570519696091349	0.00468896453192214	0.00328382811917576	0.00195966145861189	0.0009965035481526	0.000431791224496748	0.000159428492007557	5.01597344893428e-05	1.34475040553244e-05	3.07202894307368e-06	3.05902320501826e-07	3.05902320501826e-07	3.05902320501826e-07	3.05902320501826e-07	3.05902320501826e-07	3.05902320501826e-07	3.05902320501826e-07	3.05902320501826e-07	3.05902320501826e-07	3.05902320501826e-07	2.03934880334551e-07	1.359565868897e-07	9.06377245931337e-08	6.04251497287556e-08	4.02834331525038e-08	4.02834331525038e-08	4.02834331525038e-08
6.98576361126592e-10	1.04786454168989e-09	1.57179681253484e-09	2.35769521880225e-09	3.53654282820338e-09	5.30481424230506e-09	7.95722136345758e-09	1.19358320451863e-08	1.79037480677795e-08	2.68556221016692e-08	4.02834331525038e-08	4.02834331525038e-08	4.02834331525038e-08	4.02834331525038e-08	4.02834331525038e-08	4.02834331525038e-08	4.02834331525038e-08	4.02834331525038e-08	6.04251497287557e-08	9.06377245931335e-08	1.359565868897e-07	2.03934880334551e-07	3.05902320501826e-07	6.44770720509338e-06	2.62566896576869e-05	9.11112067117905e-05	0.000269401984443075	0.000678776731843122	0.00145730436832982	0.00266606510828512	0.00415612307505834	0.00552081523267348	0.00624906712549779	0.00602732113191936	0.00495371066129669	0.00346923809149789	0.00207030695028068	0.00105276766691173	0.000456170819310308	0.000168430069196652	5.29918300332742e-05	1.42067707599792e-05	3.24548040905693e-06	3.05902320501826e-07	2.03934880334551e-07	2.03934880334551e-07	2.03934880334551e-07	2.03934880334551e-07	2.03934880334551e-07	2.03934880334551e-07	2.03934880334551e-07	2.03934880334551e-07	2.03934880334551e-07	1.359565868897e-07	9.06377245931337e-08	6.04251497287558e-08	4.02834331525039e-08	2.68556221016692e-08	2.68556221016692e-08	2.68556221016692e-08
