1.359565868897e-07	2.03934880334551e-07	3.05902320501826e-07	3.05902320501826e-07	3.05902320501826e-07	3.05902320501826e-07	3.05902320501826e-07	3.05902320501826e-07	3.05902320501826e-07	3.05902320501826e-07	3.05902320501826e-07	3.05902320501826e-07	3.05902320501826e-07	3.05902320501826e-07	3.05902320501826e-07	3.05902320501826e-07	3.05902320501826e-07	3.05902320501826e-07	3.05902320501826e-07	3.05902320501826e-07	3.05902320501826e-07	3.05902320501826e-07	3.05902320501826e-07	2.03934880334551e-07	2.03934880334551e-07	2.03934880334551e-07	2.03934880334551e-07	2.03934880334551e-07	1.359565868897e-07	9.06377245931337e-08	9.06377245931335e-08	9.06377245931335e-08	6.04251497287556e-08	6.04251497287557e-08	6.04251497287557e-08	4.02834331525038e-08	2.68556221016692e-08	2.68556221016692e-08	2.68556221016692e-08	2.68556221016692e-08	2.68556221016692e-08	2.68556221016692e-08	2.68556221016692e-08	2.68556221016692e-08	2.68556221016692e-08	2.68556221016692e-08	2.68556221016692e-08	2.68556221016692e-08	2.68556221016692e-08	2.68556221016692e-08	2.68556221016692e-08	2.68556221016692e-08	1.79037480677795e-08	1.19358320451863e-08	7.95722136345756e-09	5.30481424230504e-09	3.53654282820338e-09	2.35769521880225e-09	1.57179681253484e-09	1.04786454168989e-09
2.03934880334551e-07	3.05902320501826e-07	1.53370633970789e-08	6.06241600696081e-08	2.06580735328762e-07	6.068403718634e-07	1.53673745022796e-06	3.35479082781671e-06	6.31352320855436e-06	1.02427996527797e-05	1.43253795494971e-05	1.72716631431025e-05	1.79515826714562e-05	1.60846601880066e-05	1.24240044848951e-05	8.27278754463142e-06	4.74878716553704e-06	2.34992554465646e-06	1.00245771251376e-06	3.68653688237914e-07	1.16872320603847e-07	3.19407650445867e-08	7.5252255843241e-09	3.05902320501826e-07	3.05902320501826e-07	3.05902320501826e-07	3.05902320501826e-07	3.05902320501826e-07	2.03934880334551e-07	1.359565868897e-07	1.359565868897e-07	1.359565868897e-07	9.06377245931337e-08	9.06377245931335e-08	9.06377245931335e-08	6.04251497287556e-08	4.02834331525039e-08	4.02834331525038e-08	4.02834331525038e-08	4.02834331525038e-08	4.02834331525038e-08	4.02834331525038e-08	4.02834331525038e-08	4.02834331525038e-08	4.02834331525038e-08	4.02834331525038e-08	4.02834331525038e-08	4.02834331525038e-08	4.02834331525038e-08	4.02834331525038e-08	4.02834331525038e-08	4.02834331525038e-08	2.68556221016692e-08	1.79037480677795e-08	1.19358320451863e-08	7.95722136345758e-09	5.30481424230506e-09	3.53654282820338e-09	2.35769521880225e-09	1.57179681253484e-09
2.03934880334551e-07	3.05902320501826e-07	1.14515477442426e-07	4.52655404439386e-07	1.54245248416241e-06	4.53102481981737e-06	1.14741797865965e-05	2.50603748125616e-05	4.71858010854061e-05	7.66322638778285e-05	0.000107409790067323	0.000130087910884238	0.000136482840316425	0.000124670951418311	0.000100137245628078	7.20143693673121e-05	4.77301787583463e-05	3.02204294008426e-05	1.87686936563352e-05	1.14125637566236e-05	6.60218744152349e-06	3.50635838251146e-06	1.66294233234643e-06	6.81043574566537e-07	2.48851813528656e-07	7.83875846431641e-08	2.1286012748247e-08	4.98289706305869e-09	3.05902320501826e-07	2.03934880334551e-07	2.03934880334551e-07	2.03934880334551e-07	1.359565868897e-07	1.359565868897e-07	1.359565868897e-07	9.06377245931337e-08	6.04251497287558e-08	6.04251497287557e-08	6.04251497287557e-08	6.04251497287557e-08	6.04251497287557e-08	6.04251497287557e-08	6.04251497287557e-08	6.04251497287557e-08	6.04251497287557e-08	6.04251497287557e-08	6.04251497287557e-08	6.04251497287557e-08	6.04251497287557e-08	6.04251497287557e-08	6.04251497287557e-08	6.04251497287557e-08	4.02834331525038e-08	2.68556221016692e-08	1.79037480677795e-08	1.19358320451864e-08	7.95722136345758e-09	5.30481424230506e-09	3.53654282820338e-09	2.35769521880224e-09
3.05902320501826e-07	3.05902320501826e-07	5.95550315872734e-07	2.35408413880918e-06	8.02169352717798e-06	2.35640921466367e-05	5.9672732008856e-05	0.000130360400680315	0.000245517358556954	0.000398948983968463	0.00055980617607948	0.000679580437585264	0.000716396671164336	0.000660711348627897	0.000540676881315906	0.000402175351543198	0.00028135760573368	0.000191380247882643	0.000128069818164545	8.27304128958701e-05	4.98026569424255e-05	2.70570077605264e-05	1.29858421557132e-05	5.38035882667969e-06	1.96597119693307e-06	6.19275107624915e-07	1.68163082146014e-07	3.93657251853932e-08	3.05902320501826e-07	3.05902320501826e-07	3.05902320501826e-07	3.05902320501826e-07	2.03934880334551e-07	2.03934880334551e-07	2.03934880334551e-07	1.359565868897e-07	9.06377245931337e-08	9.06377245931335e-08	9.06377245931335e-08	9.06377245931335e-08	9.06377245931335e-08	9.06377245931335e-08	9.06377245931335e-08	9.06377245931335e-08	9.06377245931335e-08	9.06377245931335e-08	9.06377245931335e-08	9.06377245931335e-08	9.06377245931335e-08	9.06377245931335e-08	9.06377245931335e-08	9.06377245931335e-08	6.04251497287556e-08	4.02834331525039e-08	2.68556221016693e-08	1.79037480677795e-08	1.19358320451864e-08	7.95722136345758e-09	5.30481424230504e-09	3.53654282820336e-09
2.62817334439024e-08	1.08478674801695e-07	2.51520293805593e-06	9.55174667675534e-06	3.16040724309222e-05	9.08633050407348e-05	0.000226522138510534	0.000489403447014705	0.000914424122192582	0.00147798603487334	0.00206797235057767	0.00251055241284491	0.00265835199659345	0.00248118762586773	0.00208124379771564	0.00161761737243455	0.00120858360446519	0.00089042575416147	0.000645134433019245	0.000448260313884432	0.000291341776604802	0.000175560789229677	9.90233415372563e-05	5.31124475155231e-05	2.77626885529549e-05	1.39395717905059e-05	6.56963053800059e-06	2.82479858658134e-06	1.03918924030966e-06	3.57008904024557e-07	1.05752778359606e-07	2.70105293239811e-08	3.05902320501826e-07	3.05902320501826e-07	3.05902320501826e-07	2.03934880334551e-07	1.359565868897e-07	1.359565868897e-07	1.359565868897e-07	1.359565868897e-07	1.359565868897e-07	1.359565868897e-07	1.359565868897e-07	1.359565868897e-07	1.359565868897e-07	1.359565868897e-07	1.359565868897e-07	1.359565868897e-07	1.359565868897e-07	1.359565868897e-07	1.359565868897e-07	1.359565868897e-07	9.06377245931337e-08	6.04251497287558e-08	4.02834331525039e-08	2.68556221016693e-08	1.79037480677795e-08	1.19358320451863e-08	7.95722136345756e-09	5.30481424230504e-09
2.03056656707243e-07	8.38718478733037e-07	8.21909384453556e-06	2.94870558486966e-05	9.31972755594534e-05	0.000258487585208755	0.000626811609472545	0.00132656606011636	0.00244074578409062	0.0039022900222597	0.00542360427190189	0.00657157673422598	0.00699188300625957	0.00662843891893727	0.00574391358783605	0.00471579929086292	0.00379570602060354	0.0030315592234495	0.00236485225557273	0.00175709683425958	0.00122703397271879	0.000809541097112191	0.000512683952563425	0.000314575905284749	0.000186644902801087	0.000104417681917178	5.38176461290277e-05	2.51331070429186e-05	1.03845199562827e-05	3.94963429912485e-06	1.34647375849157e-06	4.10915571890812e-07	6.82041353887485e-08	1.98663909067491e-08	4.98847509277343e-09	3.05902320501826e-07	2.03934880334551e-07	2.03934880334551e-07	2.03934880334551e-07	2.03934880334551e-07	2.03934880334551e-07	2.03934880334551e-07	2.03934880334551e-07	2.03934880334551e-07	2.03934880334551e-07	2.03934880334551e-07	2.03934880334551e-07	2.03934880334551e-07	2.03934880334551e-07	2.03934880334551e-07	2.03934880334551e-07	2.03934880334551e-07	1.359565868897e-07	9.06377245931337e-08	6.04251497287558e-08	4.02834331525039e-08	2.68556221016692e-08	1.79037480677795e-08	1.19358320451863e-08	7.95722136345756e-09
1.07539502594059e-06	4.44336133156211e-06	2.42949731186027e-05	8.01736841671398e-05	0.000234663909314449	0.00060833418983068	0.00139309218378834	0.0028138217354599	0.00498788232566534	0.00774990891776446	0.0105528430913838	0.0126349730447759	0.0134286196407673	0.0129164676326617	0.0116072185123628	0.0101278463730626	0.00881067347859351	0.00762586417791147	0.00642481152411073	0.00517610415497004	0.00398256775927652	0.00295532672866189	0.002126281356555	0.00146808083615862	0.000953630137856713	0.000569217516757109	0.000307618833397074	0.000149524794314751	6.48979232626089e-05	2.56684411922609e-05	9.15962077858566e-06	2.93366882738609e-06	6.01771532765382e-07	1.75283044617891e-07	4.40137872231633e-08	3.05902320501826e-07	3.05902320501826e-07	3.05902320501826e-07	3.05902320501826e-07	3.05902320501826e-07	3.05902320501826e-07	3.05902320501826e-07	3.05902320501826e-07	3.05902320501826e-07	3.05902320501826e-07	3.05902320501826e-07	3.05902320501826e-07	3.05902320501826e-07	3.05902320501826e-07	3.05902320501826e-07	3.05902320501826e-07	3.05902320501826e-07	2.03934880334551e-07	1.359565868897e-07	9.06377245931337e-08	6.04251497287556e-08	4.02834331525038e-08	2.68556221016692e-08	1.79037480677795e-08	1.19358320451863e-08
3.99888259356811e-06	1.65310878209457e-05	6.6651973255664e-05	0.000204689500628267	0.000554383504488793	0.00132698777604081	0.00281022910016459	0.00527448346691401	0.00875263898788172	0.0128451995832967	0.0166886639956208	0.0192876287122212	0.020081939880233	0.0193130625986111	0.0178302599932481	0.0164454026966315	0.0154214851227853	0.0145151273733977	0.0134076589429418	0.0120180182404107	0.0104528366975513	0.00880643763303495	0.00709357392287586	0.00535029258145214	0.00370771258043032	0.00233088086654038	0.00132394420630709	0.000680995681859389	0.000318302262696251	0.000137085148804345	5.44543617059087e-05	1.99468593402806e-05	5.88731075313674e-06	2.10101797756945e-06	9.8886990923554e-07	1.18004886973454e-06	2.59057545644676e-06	5.26479743975076e-06	9.30246024910769e-06	1.41886471275896e-05	1.86562655774559e-05	2.11470116938841e-05	2.06639745339878e-05	1.74068133682852e-05	1.26405290316885e-05	7.91319358782034e-06	4.27050163895822e-06	1.98676526182763e-06	7.96810017306737e-07	2.75488563991825e-07	8.21094092779948e-08	2.10971039437092e-08	3.05902320501826e-07	2.03934880334551e-07	1.359565868897e-07	9.06377245931335e-08	6.04251497287557e-08	4.02834331525038e-08	2.68556221016692e-08	1.79037480677795e-08
1.04723459686048e-05	4.3323455465709e-05	0.000154529721092732	0.000457671917824977	0.00118543936070805	0.00269135048866869	0.00536721323586145	0.00943086363736923	0.0146097292821006	0.0200067199744785	0.0243093375307947	0.0264132904508613	0.0261088919453892	0.0242630642374512	0.0222957928102917	0.0212824888924711	0.0214311796176421	0.0222620324426724	0.0231433711601563	0.0235998963380473	0.0232540819874708	0.021760198681469	0.0189655484162428	0.0151537594208373	0.0110007625658506	0.00724019575574874	0.00433577820464242	0.00237886631315807	0.00120434833385137	0.000568365318757809	0.000251988188425714	0.000106989008747982	4.41673634559583e-05	2.38560711531338e-05	1.78833406047164e-05	1.90730058836929e-05	2.73553348007279e-05	4.42938617592895e-05	7.12717379612977e-05	0.000104998860102257	0.000136364218218393	0.000153899974530038	0.000150156530229537	0.00012642114224954	9.1787922153867e-05	5.74551823960602e-05	3.10067544621517e-05	1.44252708125525e-05	5.78538416522887e-06	2.00023486301929e-06	5.96170311536558e-07	1.53179363257348e-07	3.05902320501826e-07	2.03934880334551e-07	1.359565868897e-07	9.06377245931335e-08	6.04251497287557e-08	4.02834331525038e-08	2.68556221016692e-08	1.79037480677795e-08
1.94624767137537e-05	8.06478080377293e-05	0.000276753145634075	0.000811314350699372	0.00207088015693642	0.00460914605247222	0.00895831173022845	0.0152374283227636	0.0227061639937636	0.0297165248506625	0.0342926238384627	0.0351756518307263	0.0326748028701375	0.0285912102798794	0.0252783356217341	0.0244379294270286	0.0265283326575205	0.0309363574468145	0.0364574240922767	0.041598489342649	0.0447500121011454	0.0445943286348233	0.040695528154649	0.0338335950009537	0.0256375636208169	0.0177910636869055	0.011387888068126	0.00677399134687556	0.00376767655515597	0.00197187090726069	0.000980145290128762	0.000475793710551162	0.000240240212908479	0.000152251288453993	0.00012520916483987	0.000129344800426489	0.000164779261189063	0.000242702086377789	0.000371908654997025	0.000537089801817049	0.000692410785924622	0.000779404319797636	0.000759746143340101	0.00063944654015788	0.000464217308376896	0.000290562070026563	0.000156807208429399	7.29514096586774e-05	2.92578167685543e-05	1.01155780575511e-05	3.01494961088699e-06	7.74657933667232e-07	3.05902320501826e-07	2.03934880334551e-07	1.359565868897e-07	9.06377245931335e-08	6.04251497287557e-08	4.02834331525038e-08	2.68556221016692e-08	1.79037480677795e-08
2.60422265242862e-05	0.000108342283316921	0.000370530976385144	0.00109012954567363	0.00278847414145112	0.00620739887079505	0.012037305210125	0.0203614540214995	0.0300708352014472	0.0388375800522983	0.0440068661782856	0.0440485825826694	0.0396563014559879	0.0335420245439645	0.0291562403134529	0.0291133069742942	0.0343403306667697	0.044040902471369	0.0560886032262819	0.0675267803415049	0.0752527643352846	0.0770055837421687	0.0722345887944879	0.0622756741865506	0.0496073155094656	0.0367429251409592	0.0254486723259072	0.016549157456869	0.0101310533430182	0.00585845425168669	0.00323486685705214	0.0017684864785842	0.00103874510396761	0.000742587294095971	0.000644966675019749	0.000641795278505177	0.000730331098140551	0.000960918313503804	0.00137507359486476	0.0019263739703757	0.00245477422765627	0.00275163856762835	0.00267827633423448	0.00225302783172844	0.00163532951699082	0.00102348369867282	0.00055234195449946	0.000256966019597924	0.000103058525562659	3.56313858984056e-05	1.06199401001676e-05	2.72867606939715e-06	3.05902320501826e-07	2.03934880334551e-07	1.359565868897e-07	9.06377245931335e-08	6.04251497287557e-08	4.02834331525038e-08	2.68556221016692e-08	1.79037480677795e-08
2.59317079248652e-05	0.000109320737006508	0.000380272193136755	0.00113394649089337	0.00293949620555681	0.00662906828466899	0.0130153195813853	0.0222714129859137	0.0332455548939992	0.0433569716056081	0.0495759918071041	0.0501002194948181	0.0457327632601471	0.0397679178224445	0.036545169329886	0.0394695539547081	0.049726830924915	0.0659864535225768	0.0849334046924304	0.102296335522274	0.114113693769256	0.117920275223657	0.113344271384836	0.101857511068623	0.0859569529891917	0.0682963421337596	0.0511362218160639	0.0360761086344	0.0239789030396781	0.0150475480196036	0.00902721483747599	0.00539909070744128	0.00350665141596224	0.00270219202505076	0.00240839277733216	0.00231341702455284	0.00238501148050209	0.00277643232944035	0.00363053587481378	0.00486246493296092	0.0060850014937177	0.00677559956049176	0.0065793619423338	0.00553011652089624	0.0040127954381349	0.00251104927377694	0.00135513429820223	0.000630449061116889	0.000252847247206977	8.7419238625763e-05	2.60553176476192e-05	6.69462549458993e-06	3.05902320501826e-07	2.03934880334551e-07	1.359565868897e-07	9.06377245931335e-08	6.04251497287557e-08	4.02834331525038e-08	2.68556221016692e-08	1.79037480677795e-08
2.0705320579656e-05	9.13436872721622e-05	0.000329259493415151	0.00100469919853074	0.00266606788008551	0.00615562598407546	0.0123741591284201	0.0216846953322739	0.0331581849533385	0.0443333019857841	0.0520939833983416	0.054419105487078	0.0520456466631718	0.0485856646240528	0.0490071829857933	0.0572127233191523	0.0742672072021337	0.0979754712757912	0.123863555712668	0.146905654330848	0.163123354306714	0.170391762687436	0.168336396141161	0.157739519738036	0.140181960882213	0.11790603378595	0.0936393787679014	0.0700906439500148	0.0493952133092073	0.0328278177099787	0.0208508514206822	0.0132219779719154	0.0090849341808702	0.00724548039260472	0.00647813911631078	0.006020507873618	0.00572134316790573	0.00590166837210768	0.00691232450853803	0.00868446383456097	0.0105700487233695	0.0116463329052263	0.011266285900344	0.00945696982281537	0.00685901995090966	0.00429103281453831	0.00231573541882183	0.00107734947195136	0.00043208066291701	0.000149387280242763	4.45249020744962e-05	1.14401807954653e-05	3.05902320501826e-07	2.03934880334551e-07	1.359565868897e-07	9.06377245931335e-08	6.04251497287557e-08	4.02834331525038e-08	2.68556221016692e-08	1.79037480677795e-08
1.58617878350576e-05	7.77119551911024e-05	0.000290907743611641	0.000906650736155543	0.00246032817429888	0.00581357934032895	0.0119682477753908	0.0215010111300973	0.033727943464077	0.0463346549114734	0.056115279895574	0.0608026250180508	0.0610318314831886	0.0607072176751448	0.0653943067284324	0.0794534322107603	0.103849479631901	0.135726790581617	0.169869950268724	0.200879464471937	0.224715901653945	0.238956347737469	0.242287288102231	0.234120422564545	0.215017113732311	0.187125327124695	0.153996571345213	0.11965207516757	0.0876481319448737	0.060581934147101	0.039986956149617	0.0262147310365891	0.018341135970571	0.0145366222437643	0.0126949481522055	0.0113546210827366	0.0100757588400406	0.00929666374692607	0.00961121566307466	0.0110679190451985	0.0129149067584017	0.0139939165359999	0.0134546043775237	0.0112693542230555	0.00816728891976804	0.00510741011700402	0.00275630856662831	0.00128231729525596	0.000514284845752591	0.000177808499594449	5.29958509157574e-05	1.36166973454854e-05	3.05902320501826e-07	2.03934880334551e-07	1.359565868897e-07	9.06377245931335e-08	6.04251497287557e-08	4.02834331525038e-08	2.68556221016692e-08	1.79037480677795e-08
1.60755748142854e-05	8.44442765459982e-05	0.000314953437749291	0.000973361855032109	0.00263207248079462	0.00622248074344873	0.0128681866304764	0.0233135694756091	0.0370019409861418	0.0516133091410926	0.0636984897661277	0.0706243305018403	0.0728061778025571	0.0743433530538674	0.0814162973257233	0.099157250859797	0.129166508824335	0.168940873977688	0.21333299593613	0.256536490781863	0.29332286519071	0.319244575120141	0.330711111929723	0.325546820512654	0.304066060640899	0.269328467680534	0.226268828517518	0.180223063394982	0.135903306770528	0.0970053055654063	0.0660766193591603	0.04418525461251	0.0306010662797155	0.0231402727339452	0.019002326547636	0.0160151638715802	0.0132667275018515	0.0110428784125363	0.00997989060220565	0.0102397611423102	0.0111977944593953	0.0118004765204272	0.0112253149274001	0.00936523558343532	0.00677738019300505	0.00423489465476013	0.00228529707197294	0.00106314776134469	0.000426374818851525	0.00014740890151747	4.3935245988203e-05	1.12886751902861e-05	3.05902320501826e-07	2.03934880334551e-07	1.359565868897e-07	9.06377245931335e-08	6.04251497287557e-08	4.02834331525038e-08	4.02834331525038e-08	2.68556221016692e-08
2.32378443727783e-05	0.000112763931970308	0.000403719142119706	0.00120418985357228	0.00316043680443324	0.00729510896650966	0.0148360296237538	0.0266221463227571	0.0421491985712203	0.0590476516938814	0.0735946477853141	0.0826725581278946	0.0861352911108151	0.0878080507310801	0.0942180690033712	0.111607610755854	0.143287860400225	0.188551283219226	0.243378465854802	0.301561818181814	0.355581243685003	0.397416947115617	0.420084129079648	0.419615114117219	0.39657119706117	0.355613982423737	0.303532122232214	0.247072337116672	0.191804786531715	0.141955440275162	0.100524947472314	0.0690927579987162	0.0474577435133703	0.0337674870966347	0.0252296419613132	0.0193241259771777	0.014623426786134	0.0109052006114318	0.00846320244434419	0.0073704871331297	0.00717679768598943	0.00713337646478565	0.00661461843454072	0.00545952191198094	0.00393204806868455	0.00245045661172855	0.0013213025207755	0.000614384851970594	0.000246324177353611	8.5119134371293e-05	2.53697712173945e-05	6.51848192683239e-06	3.05902320501826e-07	2.03934880334551e-07	1.359565868897e-07	9.06377245931337e-08	6.04251497287558e-08	6.04251497287557e-08	6.04251497287557e-08	4.02834331525038e-08
3.35841562799202e-05	0.000146021545393098	0.000504656657999196	0.00146022002976608	0.0037235614730262	0.00838522760902752	0.0167460402133095	0.0297318893649861	0.0469830300215677	0.0662689227618891	0.0837771753777382	0.0958768533467811	0.101458701104952	0.103408137019092	0.108028124326118	0.122571711559515	0.1525359510006	0.199813602632956	0.262262894259129	0.333776465142951	0.404844984557998	0.464044120218307	0.500880886570562	0.509071919705995	0.488633173639745	0.445251268868341	0.387512344213045	0.323825816354283	0.260638705562356	0.202225043699904	0.15131999279744	0.10959073838953	0.0775699908296286	0.0544476334274184	0.0383107410467706	0.0269318947967042	0.0186327268016364	0.0125764346247605	0.00843904475062115	0.00592323519754737	0.00454808702690162	0.00376597389821596	0.00311780268094483	0.00241382634299915	0.00167617870127938	0.00102211291794621	0.000545085686985248	0.000251736879692769	0.000100499699223803	3.44962642869471e-05	1.0282190688027e-05	2.64204360130717e-06	3.05902320501826e-07	3.05902320501826e-07	2.03934880334551e-07	1.359565868897e-07	9.06377245931337e-08	9.06377245931335e-08	9.06377245931335e-08	6.04251497287556e-08
3.77126673630486e-05	0.000154784358276656	0.000528719737193997	0.00151953326188632	0.00384618441639801	0.0086313271799501	0.0172766395726754	0.030951868354733	0.0497358634386729	0.0718791402098296	0.0937156120800137	0.111078093004514	0.121603431613291	0.126741138615733	0.131991540353039	0.145012952064562	0.172887210729264	0.219642540547545	0.285019186028557	0.363913018663357	0.446675893698404	0.520615927040563	0.573009305638265	0.594949475665201	0.58429854973766	0.545915704281324	0.489015126438973	0.423343002508855	0.356286998612355	0.292134006570114	0.233078005374423	0.180558985003197	0.135788906244026	0.0993754475443535	0.0710117491835594	0.0495924781166214	0.033837406469389	0.0225877563186785	0.0148596533576728	0.00972515942332701	0.00634964220424752	0.00412745330374855	0.00262816959368768	0.00161792691873186	0.000944310117215436	0.000514411412868604	0.000260416862659147	0.000119365263688126	4.90300396147667e-05	1.73554928174464e-05	5.71434948428637e-06	1.65702373426943e-06	2.26282502858686e-07	5.72424656972423e-08	3.05902320501826e-07	2.03934880334551e-07	1.359565868897e-07	1.359565868897e-07	1.359565868897e-07	9.06377245931337e-08
3.03571019131815e-05	0.000125804105351805	0.000437790294163091	0.00128856563319487	0.00333757148234386	0.00770780001169244	0.0159558247177558	0.0296944793695517	0.0497419120391036	0.075131108294261	0.102562430893353	0.127427806462853	0.146138284583463	0.158549920997614	0.16885866693651	0.184150981902423	0.211778289514407	0.256749602395223	0.320357679233099	0.399488811846869	0.486531176597309	0.570130808630379	0.637309916807748	0.677136468233888	0.684391447930031	0.661078942380545	0.614748878764617	0.554804220518237	0.488991606396065	0.421916091353289	0.355748385352015	0.291897817001458	0.232149768536168	0.178569534412048	0.132919048590034	0.0960444572880608	0.0678559387784025	0.0473203574501626	0.0328239294040628	0.0225908923382903	0.0152004850356118	0.00984728183134059	0.00607462049037209	0.00358114078480482	0.00202875486803865	0.00111121177356771	0.000587516652110654	0.000291747849688524	0.000132883605105106	5.29866865795743e-05	1.95907157711511e-05	6.35924177675419e-06	1.59358800904405e-06	4.02866779626875e-07	3.05902320501826e-07	3.05902320501826e-07	2.03934880334551e-07	2.03934880334551e-07	2.03934880334551e-07	1.359565868897e-07
1.71472751038513e-05	7.82512491211069e-05	0.000288663593381382	0.000899256434612921	0.00245973788656772	0.0060175420853696	0.0131948767659372	0.0259740849524798	0.0459049070224605	0.0729582257316983	0.104653812132266	0.136634126711471	0.164769558522298	0.187523167330076	0.207187992737905	0.228965016990666	0.258916890986928	0.301885710163601	0.360408571824213	0.433969114954047	0.518283739298855	0.605073252958725	0.683045840568318	0.740937072350756	0.771104711701934	0.771670810392658	0.74605904462192	0.700692953532104	0.642248946449405	0.575821382062017	0.504606545668148	0.430821933482849	0.356946344469101	0.286185258745055	0.222108801878855	0.167616651404556	0.124134839406118	0.0911269706215492	0.0666150907079668	0.0481951586363935	0.0340561355875268	0.0233083224340606	0.015460150270832	0.0100277226819728	0.00637151501732068	0.00392555042661445	0.00229412218779894	0.00123548626424326	0.000599903888885981	0.000256356347217893	9.81241474996128e-05	3.30175916271791e-05	9.07799624146385e-06	2.37031229553217e-06	1.04724593126309e-07	1.68564587843654e-08	3.05902320501826e-07	3.05902320501826e-07	3.05902320501826e-07	2.03934880334551e-07
6.75743742811744e-06	3.85987224261428e-05	0.000157606996268326	0.000531440749326642	0.00156565753067324	0.00409956641539217	0.00955761589101213	0.0198939742824203	0.0370265424271283	0.0618356465554279	0.0932628768529358	0.128346057066068	0.163593234115149	0.196664036552297	0.227616177349493	0.258723241014996	0.293472245726522	0.335413586241154	0.387505355975776	0.45135354909876	0.526096894698007	0.607524091424892	0.688010998686042	0.758327382025771	0.810056014472586	0.837517350996159	0.83853833736311	0.814465481109405	0.76938855150361	0.708659288978943	0.637402468389264	0.559760212710981	0.479267005717138	0.39951123957878	0.324378684771579	0.257389020769318	0.200745991724701	0.154659881475439	0.117765140492422	0.088282405148827	0.0649405519566464	0.0470631301664404	0.0338863005741093	0.0243096420578913	0.0171247941017165	0.0115292856313994	0.00720579056563882	0.00408181405505811	0.00206440188742261	0.000922134054195376	0.000365856672061794	0.000129169585059514	3.91610402038363e-05	1.13289695177674e-05	1.52355700945234e-06	4.17978692212742e-07	9.68072351564184e-08	2.75572626724565e-08	6.76246293175391e-09	3.05902320501826e-07
1.85659676061453e-06	1.57650742274557e-05	7.2863807726199e-05	0.000266372360230563	0.000848202617392868	0.00236262205113282	0.00581883375177132	0.0127511365826753	0.024978966883594	0.0439760501362334	0.070183126493651	0.102591170977315	0.139189666944182	0.177726075797135	0.216695381403354	0.255755977771769	0.295650606520757	0.337875490777927	0.384495632651655	0.437737475002529	0.499206040895086	0.56887065703912	0.64395345295154	0.71883482440541	0.785671552246037	0.835915948124235	0.862329831743459	0.861187624356857	0.833444457736323	0.784027286215281	0.719808583327868	0.647271810996337	0.571325534356952	0.495292733400946	0.421586443252196	0.352137188255867	0.28843100314998	0.231397862247027	0.181595155582483	0.139692760808405	0.10626737604248	0.0811594875569155	0.0628492064875105	0.0489070568992966	0.0371473474212301	0.026600796024405	0.0174612726216325	0.0103147123300954	0.00543321926782802	0.00254440458023045	0.001064392068795	0.000403016242719134	0.000136899857883711	4.4581294224283e-05	1.00827252656321e-05	3.02437306640559e-06	7.86132497284942e-07	2.23781411461983e-07	5.49152329755808e-08	3.05902320501826e-07
3.55292008947396e-07	5.36343946969994e-06	2.76885844175509e-05	0.000109887360577215	0.000379178934973105	0.00111857731988707	0.00291208404751664	0.00674719974117527	0.0140162684349523	0.0262382937252064	0.0446604218669612	0.0697071760376239	0.100861691791487	0.136774419542904	0.175850790275827	0.216751704921712	0.258630883336439	0.301216242041092	0.345066004276686	0.391764148282436	0.443876556529053	0.504055663226087	0.573109595865466	0.648275601616763	0.722611041243858	0.786520997160782	0.830634568297842	0.848806081471223	0.839804284648665	0.807093905226154	0.757272516352942	0.697571025978848	0.633704713233482	0.568774610224086	0.503617561168714	0.438000462429943	0.372022890295803	0.30709819536067	0.246144468133086	0.193051362087633	0.150851221222154	0.120049843175798	0.0981188049723393	0.0808678767968143	0.064787810920263	0.0486562274712711	0.0334012683865336	0.0206681829220592	0.0114808328355274	0.00574383055102355	0.00261056164416809	0.00109747148361453	0.000428344358865347	0.000159749314742178	4.9795260075519e-05	1.60295154120107e-05	4.51901125549372e-06	1.28149018171167e-06	3.10608301798336e-07	3.05902320501826e-07
4.73571531207275e-08	1.46007165324551e-06	8.16642438997786e-06	3.67865072488256e-05	0.000139418511018397	0.000438010663548662	0.00121718691945344	0.00300948797404917	0.00667830078119265	0.0133445565451476	0.02422985057213	0.0402791001460053	0.0619734416592179	0.0892026323693636	0.121450397720391	0.157948984079023	0.197696808167682	0.239613818134362	0.283146862982183	0.328945228199324	0.379295316168603	0.437221971809103	0.504239613423885	0.578198054509473	0.652784693060837	0.719557939130371	0.770938942259114	0.802270926994854	0.812154349189719	0.801775469293762	0.774301951991801	0.734055341840341	0.685310957207614	0.630986212731355	0.572106642169154	0.508422093151765	0.440034814653704	0.369015556326452	0.299910121228667	0.238773048807372	0.190375378679424	0.155784216550902	0.131806058240879	0.112848250887204	0.0940880905600012	0.0737335656632738	0.0530885280600763	0.0347442109762304	0.0206637572564143	0.0112493484190933	0.00566349553929896	0.00267191485896987	0.00118152927998805	0.000490430996319497	0.000179770767947368	6.08015241731503e-05	1.80826225039098e-05	5.10899718257233e-06	1.22367358116744e-06	3.05902320501826e-07
3.05902320501826e-07	2.86445439239436e-07	1.73567778376799e-06	1.02424574577014e-05	4.3292281206689e-05	0.000145938804307599	0.000435916537191044	0.00115292922085124	0.00272835087045333	0.00579625558331921	0.0111880525119164	0.0198221070502406	0.0326867694648565	0.0507299570505792	0.0747582480577059	0.105154193612358	0.141465773400163	0.182405601736578	0.226661805088044	0.27385884633685	0.325219120038421	0.382658011118963	0.446699935150046	0.514808307001623	0.581675077424243	0.641700544303005	0.691457160098173	0.730087335128989	0.757493858229894	0.772483236652223	0.772817153629918	0.756861264156995	0.724955717690739	0.679326220989917	0.62284029064636	0.557901360991254	0.486674840998799	0.412278114555945	0.339621014413649	0.274939455911415	0.223307871153928	0.186171636991397	0.160543370252778	0.14056484538646	0.120667633273972	0.0982551540234248	0.0742914258698155	0.0516799425190076	0.0331097948349738	0.0196701523658182	0.01090487564288	0.00565856905414622	0.00272869142580798	0.00120999236385862	0.000477552646234196	0.000166437856265837	5.11600131258134e-05	1.43525417848076e-05	3.35776582316305e-06	3.05902320501826e-07
3.05902320501826e-07	4.45165851849022e-08	2.75610803893125e-07	2.59215609182051e-06	1.18214075425037e-05	4.20799533690927e-05	0.000134895603832325	0.000380496387488823	0.000961285243968991	0.00219230516604423	0.00458396052212435	0.00891617463503979	0.0163702391221574	0.0285031322221997	0.0470275366430194	0.073263764164457	0.107372412818216	0.148006891985472	0.193027444910847	0.24056116523189	0.290015162841185	0.341689820121988	0.395403739708576	0.449419132432601	0.500890733053728	0.547845322990276	0.590641971098569	0.6312932546996	0.670518605820586	0.705172645059368	0.728528595907085	0.733675430910354	0.71718844619648	0.680568780961426	0.628692622757944	0.566989362677246	0.499791333332568	0.430582113372601	0.363070493813874	0.301793919351261	0.250926205470816	0.212397525035855	0.184656804117783	0.163157865006093	0.142628461631348	0.11979125176596	0.0946707564654751	0.069685207069924	0.0477159014609326	0.0304614674830077	0.0181239170211151	0.00999715252526346	0.00505669546266335	0.0023153606193245	0.000940333759191519	0.00033180913227518	0.000103691034370003	2.87096806291648e-05	6.41752428475994e-06	3.05902320501826e-07
3.05902320501826e-07	3.89836608368284e-09	2.69615844123501e-08	5.63445713610212e-07	2.66689199912276e-06	9.84813630774917e-06	3.86187258020359e-05	0.000122168523324343	0.000347652020103105	0.000906349503504588	0.00217102276517867	0.0048279290154772	0.0100397676668142	0.019462532450818	0.0350543912225681	0.0585463413881788	0.0906016222625805	0.130100396908152	0.174363464923855	0.21995736693458	0.264090290123493	0.305340233593422	0.343538504323318	0.379131522922654	0.412754824897874	0.445589332163339	0.479587839462154	0.516857738605471	0.557439462025535	0.597262619562638	0.628417670293799	0.642660078737507	0.635556949014684	0.60849809005506	0.567189994695718	0.518167869812996	0.466115592325954	0.413369101713181	0.361082979465663	0.310924073143621	0.265574400819133	0.227774577238381	0.198494258843064	0.175807718059691	0.155676015575932	0.134365140449112	0.110549590035255	0.0854815411630871	0.0617044964636647	0.0414055469220372	0.0256732860486375	0.0145778904339698	0.0074979549762249	0.00345421919529034	0.00140574788114933	0.000493863154546331	0.000154528009915913	4.1798696947928e-05	8.54312838799134e-06	3.05902320501826e-07
2.03934880334551e-07	3.05902320501826e-07	3.05902320501826e-07	9.71143875120994e-08	4.64263166583867e-07	1.75518291756035e-06	1.84090593168925e-05	6.94464822504101e-05	0.000227102653121828	0.000666334664972913	0.00173247405768252	0.00404363242243626	0.00858231893452948	0.0166762023562448	0.0299107877674338	0.0498477703115794	0.0774490241176095	0.112231087163834	0.151855386889478	0.192335027054946	0.229448509638012	0.260496586522961	0.285464360889263	0.306741105133105	0.327540934051189	0.350475056295463	0.376854431534958	0.406959560856174	0.439654348052611	0.471538369255157	0.496828434394256	0.509453213065782	0.506038764449943	0.487749485203346	0.459452566060718	0.426859359919389	0.393789728114059	0.36106359521069	0.327373929976199	0.291635900966203	0.254991140839938	0.220850780584075	0.192645822142563	0.17121086598359	0.154030756790899	0.137071744386193	0.117493088095236	0.0949863800372404	0.0714280483603298	0.0494604327638727	0.0312468828860941	0.0178469532208656	0.00913336609972555	0.00415358849617197	0.00166333068278768	0.000573081040078442	0.000176790875809439	4.60830909345864e-05	7.92133975906747e-06	3.05902320501826e-07
1.359565868897e-07	2.03934880334551e-07	3.05902320501826e-07	1.41975835180159e-08	5.95887236505878e-08	2.22249620383918e-07	1.77739336440554e-05	6.95227879432252e-05	0.000231943400683853	0.000683206229461855	0.00175224119942137	0.0039695150235238	0.00806403135451966	0.0148729478481721	0.0253556299174788	0.0405798221597148	0.0615205442873475	0.0883492312062688	0.119634728779789	0.151997597263259	0.181186529801253	0.204188743698473	0.221046270986869	0.234857866767351	0.249620013663119	0.26782628960355	0.289378505047158	0.312681395520316	0.335843860964407	0.356889511247164	0.373114711765148	0.381381195945909	0.379502682119835	0.367853874969499	0.349626101633493	0.329197869604417	0.309726947098241	0.291463707950725	0.272014527446074	0.248730010890743	0.221458713131792	0.193374393566656	0.168933965605162	0.150720786058914	0.13769516286479	0.126124823292987	0.112212396095206	0.094212763295234	0.0730959442262048	0.0516465581846162	0.032866723481109	0.0186838852250589	0.00942174779233536	0.00419070967122685	0.00163556697554373	0.000547842193229703	0.000164472403567593	4.08791753309329e-05	5.11578925451634e-06	3.05902320501826e-07
9.06377245931337e-08	1.359565868897e-07	2.03934880334551e-07	3.05902320501826e-07	3.05902320501826e-07	3.05902320501826e-07	1.61175248873853e-05	6.2280475734025e-05	0.000205918097518238	0.000599795239407862	0.00151044440727992	0.0033414150927768	0.00659356702028982	0.0117465273904562	0.0193424013288899	0.0300842604839648	0.0448229976542532	0.0640195324767576	0.086896429757748	0.110902507908842	0.132463271287944	0.148910820735292	0.160316630102891	0.169700369264466	0.180985343963841	0.19641152141627	0.215190806526755	0.234660442989171	0.252210530411855	0.266390415960468	0.276353449297281	0.281115387640155	0.27963636305691	0.271980048487335	0.260146235533381	0.247383116323803	0.236265258517472	0.226918590680244	0.216893032333632	0.203132575882279	0.184520656179821	0.16302939892899	0.142505861702251	0.126130295806575	0.114445094861061	0.105194083156963	0.0949841968915432	0.0813905445933994	0.0643491834728599	0.0460352578013638	0.0294018844428262	0.0166248389592027	0.00827123312038539	0.00360440464890069	0.00137273990110836	0.000448084821713266	0.000130370746779205	3.10219055606495e-05	2.3012242681521e-06	3.05902320501826e-07
6.04251497287558e-08	9.06377245931337e-08	1.359565868897e-07	2.03934880334551e-07	2.03934880334551e-07	3.05902320501826e-07	1.0624773723554e-05	4.06298642204564e-05	0.000133453982892698	0.000388756643273918	0.000973818344879715	0.00214547122287303	0.00423663438884796	0.00757314557385015	0.0125979301443763	0.0199463642951872	0.0304068865528106	0.0444652609540907	0.0615703573205722	0.0796707249963195	0.0957806018782704	0.107587115762742	0.11506660478267	0.120878790631377	0.128773308421165	0.141147244758069	0.157378670409312	0.174453273145097	0.188982776811537	0.199088761312607	0.204565969962822	0.205973401550603	0.203770091857548	0.198601245203661	0.191885522115249	0.185642675462759	0.181332416099832	0.178663747157183	0.175457577046586	0.168941160389577	0.157445770062069	0.141461539287164	0.123407535342292	0.10629759736214	0.0921412228461	0.0809104258259501	0.070862338409247	0.0599347190000472	0.0472828028769138	0.0338750718400244	0.0216350209217691	0.0121847643856853	0.00601132563041609	0.00258409957456947	0.000967925687856909	0.000310951175718576	8.82215664824912e-05	2.0484764005372e-05	7.21003779347215e-07	3.05902320501826e-07
4.02834331525039e-08	6.04251497287558e-08	9.06377245931337e-08	1.359565868897e-07	2.03934880334551e-07	3.05902320501826e-07	4.87835415447613e-06	1.85723632116758e-05	6.08430101606221e-05	0.000179929341765164	0.000454340371059428	0.00101804688916724	0.00208047916994476	0.0038988117783102	0.00690977615160954	0.0117697975278118	0.0192591722868319	0.0298936876843792	0.0433218903381628	0.0579374682288947	0.0712465756998249	0.0811288060599611	0.0872243293769315	0.0914899030487742	0.0971270870654724	0.106497312029911	0.119373362111311	0.133072482259503	0.144204412414746	0.150792363447895	0.152987916037134	0.152282423355527	0.150128764414206	0.147470220201684	0.144963905994621	0.143271284597273	0.142778369865126	0.143105396250218	0.142907235295646	0.140305380705065	0.133600319026183	0.122076586977389	0.1065398222715	0.0891699298826043	0.0725985854569639	0.0585663520244296	0.0472173320596756	0.0375499542268661	0.0285365304925732	0.0200462216435676	0.0126701321098955	0.00708408241414118	0.00347251138584336	0.00147949764187496	0.000548731849014065	0.000175086683456351	4.8912475286856e-05	1.12965431082507e-05	1.57343364655408e-07	3.05902320501826e-07
4.02834331525038e-08	6.04251497287557e-08	9.06377245931335e-08	1.359565868897e-07	2.03934880334551e-07	3.05902320501826e-07	1.5601245019951e-06	5.92772161363148e-06	1.93992670313921e-05	5.94889029525428e-05	0.000153775028095328	0.000361531696107245	0.000799867385464504	0.00165542042459088	0.00329092114854604	0.00629518634321755	0.0114035946437165	0.01922257977178	0.0297446044734801	0.0419551665200808	0.0539268687860956	0.0637042900748839	0.0704582477346015	0.0751553227590382	0.079994254026517	0.0868801542963918	0.0959470415337379	0.105447487903326	0.112988168742205	0.117225313504969	0.118578360517112	0.11854141223466	0.118301653509353	0.118097880836804	0.117491745834104	0.116168976171649	0.114296101676318	0.112324826656219	0.110432783252564	0.108078638977157	0.103941021970578	0.0965043567447335	0.0850652021825565	0.0704672682691129	0.0548999090730362	0.0407358123284714	0.029352960759761	0.0208290299866116	0.0144446206605086	0.00954737254947495	0.00581917348486853	0.00318429120204557	0.00154246649162106	0.000650394559410794	0.000239102298985595	7.61571126913878e-05	2.1106161398115e-05	4.89584191081911e-06	2.39161693831417e-08	3.05902320501826e-07
4.02834331525038e-08	6.04251497287557e-08	9.06377245931335e-08	1.359565868897e-07	2.03934880334551e-07	3.05902320501826e-07	3.4751814499259e-07	1.31827742126831e-06	4.31098691534281e-06	1.42303247576587e-05	3.84838961126653e-05	0.000101462576861286	0.000259034422605438	0.000628715472253054	0.00145534616560663	0.00318722958846166	0.00644922578810007	0.0118866821632597	0.0197961631286182	0.0297207903292746	0.040307904426107	0.0498462397579635	0.0571788239142247	0.0624299161752293	0.0668660354947926	0.0719212593203858	0.0780471106268405	0.0844473311725608	0.0897914129464955	0.0933578472583514	0.0955653676783046	0.0973935865591638	0.099239851961553	0.100420346770068	0.0996741725850737	0.0963029637386726	0.0908052686004132	0.0846621024112734	0.0794103634049644	0.0756375816195967	0.0725203234841992	0.0682476895895537	0.0611880345881149	0.0510385573766596	0.0391112779586351	0.0275191647872117	0.017974717265028	0.0111335162099402	0.0066620140713544	0.00387605899095626	0.00215439000062877	0.0011102353575294	0.000519981008843144	0.000213837120995751	7.71386915071772e-05	2.45562436866709e-05	6.77428619269591e-06	1.58003919819791e-06	3.05902320501826e-07	2.03934880334551e-07
4.02834331525038e-08	6.04251497287557e-08	9.06377245931335e-08	1.359565868897e-07	2.03934880334551e-07	3.05902320501826e-07	5.39172842356635e-08	2.04530150290416e-07	6.68847685221505e-07	2.54242395476924e-06	7.40402530651942e-06	2.55955443421656e-05	8.00008650742548e-05	0.000237894794100242	0.000640694684527745	0.00158375722482295	0.00352523325476642	0.00701351685662752	0.0124436168166235	0.0197124476734498	0.0279840700700705	0.0359677614400176	0.0425725314265734	0.0475763082039467	0.0517221791362314	0.0561079177533203	0.0612496977424121	0.0667076582892905	0.0715123409229646	0.0750680646856606	0.0776625320126653	0.0800270846972436	0.0823388345072443	0.0837198297082047	0.0827450627343622	0.0785979987161661	0.0717866067118817	0.0639716395618188	0.0570297161636182	0.0519903799416923	0.0485232073541714	0.045199201429591	0.0404745316765283	0.0337083057546904	0.0255504750466331	0.0174441186899768	0.0107141975665133	0.00598010859879044	0.00308757809748269	0.00151179469749618	0.000712293211040176	0.000321820385202132	0.000138224885159713	5.30371337485506e-05	1.81904614291671e-05	5.79905276231995e-06	1.59836547746692e-06	3.75305477927009e-07	3.05902320501826e-07	2.03934880334551e-07
2.68556221016692e-08	4.02834331525038e-08	6.04251497287556e-08	9.06377245931337e-08	1.359565868897e-07	2.03934880334551e-07	3.05902320501826e-07	3.05902320501826e-07	3.05902320501826e-07	1.48433449155929e-07	6.37432439006609e-07	5.74112708337769e-06	2.35890005954463e-05	8.87668616491601e-05	0.000271160356834301	0.000733476300405918	0.00175027470808321	0.00367839208382222	0.00683833981228788	0.0112925924010954	0.0166621196787378	0.0222440467797078	0.0273931393842811	0.0319698387076501	0.036440432421496	0.0414730964627707	0.047233555479374	0.0530736072895697	0.0579023560098116	0.0610333659873523	0.0627372419354467	0.0639408051676244	0.0652774729793648	0.0663987910563413	0.0661808307042229	0.0636357272501618	0.0586792821914618	0.0522255277460894	0.0455998063657184	0.0397552898748171	0.034867905432571	0.0304026217196155	0.0256733263429216	0.0203801660081463	0.0148399843234667	0.00974908493713726	0.00571865755319831	0.00298895985871742	0.0013994449597561	0.000594693070328174	0.000232808756925695	8.65461413043079e-05	3.12433641372603e-05	9.94518799078368e-06	2.94571082291134e-06	9.40131969587433e-07	2.58700417403622e-07	6.13781666919884e-08	3.05902320501826e-07	2.03934880334551e-07
1.79037480677795e-08	2.68556221016692e-08	4.02834331525039e-08	6.04251497287558e-08	9.06377245931337e-08	1.359565868897e-07	2.03934880334551e-07	2.03934880334551e-07	3.05902320501826e-07	2.24094469324999e-08	9.61812993666081e-08	1.7956727161158e-06	7.5980837138255e-06	3.20267013020143e-05	0.000102564840318472	0.000289057213672993	0.000722303914634501	0.00157916772100957	0.00306242688450076	0.00530069829416489	0.00827434354137747	0.0118463513888779	0.0158986507479219	0.0204726296733101	0.0257397247313033	0.0317624501467448	0.0381489715167462	0.0439929393161558	0.0482330113808494	0.0503112728413264	0.0506151841812349	0.0502991417984628	0.0504768409075761	0.0514111514964076	0.0523432757510607	0.0520752182234467	0.0497864238327545	0.0454785726407255	0.0398079779859378	0.0335815540818113	0.0274117296037923	0.0215988195402933	0.016297560335703	0.0116223634590942	0.00771443461805867	0.00469595694396552	0.00258278793510879	0.00127036989824527	0.000557387011383617	0.00021721520254313	7.39789259733574e-05	2.33091287929101e-05	6.8099210178775e-06	1.47191378785465e-06	2.84943720569341e-07	9.15754926167366e-08	2.53711410023223e-08	6.05956288445823e-09	3.05902320501826e-07	2.03934880334551e-07
1.19358320451863e-08	1.79037480677795e-08	2.68556221016693e-08	4.02834331525039e-08	6.04251497287558e-08	9.06377245931337e-08	1.359565868897e-07	2.03934880334551e-07	3.05902320501826e-07	2.57622910874452e-09	1.10571699467411e-08	4.67936834153867e-07	1.98780673409969e-06	9.25191877257677e-06	3.04875375093873e-05	8.81409608814714e-05	0.00023575082876137	0.000543650384505649	0.00113369998528194	0.00215539782607625	0.00379361157821313	0.00625610150513751	0.00974334205507002	0.0143459855739718	0.0199058697325283	0.0259436232733616	0.0316934178626712	0.0363096321919737	0.039136080737267	0.0400089105905701	0.0394400952314994	0.0385335564652633	0.0384503936464159	0.0396756410777596	0.0416159495839735	0.0429142232615006	0.0422809942181966	0.0392080443864381	0.0340863876822402	0.0278031970670608	0.0213040539386384	0.0153116923141755	0.0102987421919733	0.00645944612528807	0.00376486212091493	0.00203104942581769	0.00100408445768481	0.000450839954841878	0.000184015606627091	6.69105676044566e-05	2.01186602503566e-05	5.8039113545942e-06	1.45971380839697e-06	1.75486973434802e-07	3.05902320501826e-07	3.05902320501826e-07	3.05902320501826e-07	3.05902320501826e-07	3.05902320501826e-07	3.05902320501826e-07
7.95722136345758e-09	1.19358320451864e-08	1.79037480677795e-08	2.68556221016693e-08	4.02834331525039e-08	6.04251497287558e-08	9.06377245931337e-08	1.359565868897e-07	2.03934880334551e-07	3.05902320501826e-07	3.05902320501826e-07	8.82138308634004e-08	3.77968818910309e-07	1.98039622863902e-06	6.70481154453217e-06	1.98686170164702e-05	6.48254171461589e-05	0.00016854158656695	0.000409778811300533	0.000925136806405724	0.00194356784925557	0.00375669105328659	0.00662359372478355	0.0105795811592958	0.0152826187237863	0.0200583139416121	0.0241459389567629	0.0270034080615109	0.0284425759752896	0.0286423475826862	0.0281364440137452	0.0278049834608285	0.0285887238965249	0.0308916211755743	0.0340758113109607	0.0366023233740391	0.0368716293438463	0.0341554732902629	0.0289235049420807	0.0224156963602726	0.0159567362999786	0.010455544434403	0.00631224398032372	0.00350613100265106	0.00179010500809483	0.000840685492836181	0.000359716319835415	0.00014040177370306	5.18960312971705e-05	1.75887349806321e-05	5.12343481896407e-06	3.1858292413636e-06	4.41036992945329e-06	7.46805080090199e-06	1.16185810109532e-05	1.56460939987842e-05	1.81634917996549e-05	1.81774647769442e-05	1.56822308956292e-05	1.16633400652463e-05
5.30481424230506e-09	7.95722136345758e-09	1.19358320451864e-08	1.79037480677795e-08	2.68556221016693e-08	4.02834331525039e-08	6.04251497287558e-08	9.06377245931337e-08	1.359565868897e-07	2.03934880334551e-07	3.05902320501826e-07	1.26926378892028e-08	5.33723235715419e-08	4.01906442233588e-07	1.43539925870456e-06	4.48874363973257e-06	2.19949369733056e-05	6.7105729289442e-05	0.000189621707092602	0.000485210337450406	0.00112298902228674	0.00231554202914156	0.00424310896984272	0.00690562714569776	0.0100276916944667	0.0131303257818536	0.0157517804733905	0.0176397467785436	0.0187679158770497	0.0192852984720125	0.0195399475458036	0.0201919405834748	0.0220574198163918	0.0255272491741897	0.0299395203102628	0.03358213435628	0.0345601130883615	0.0319480513089398	0.0263288770448848	0.0193399157956653	0.0127115821621673	0.00751557748135474	0.00402246720151101	0.00195731136787962	0.000868721564714539	0.000352548434806451	0.000126428906660979	3.98945891281321e-05	1.37263216082081e-05	6.0059707695526e-06	6.62556473015026e-06	1.47064373580671e-05	3.0560265626521e-05	5.52963987452089e-05	8.63734931022724e-05	0.000116314358079311	0.000135028901738661	0.00013513277800861	0.00011658300276212	8.67062356173532e-05
3.53654282820338e-09	5.30481424230506e-09	7.95722136345758e-09	1.19358320451864e-08	1.79037480677795e-08	2.68556221016693e-08	4.02834331525039e-08	6.04251497287558e-08	9.06377245931337e-08	1.359565868897e-07	2.03934880334551e-07	3.05902320501826e-07	3.05902320501826e-07	5.04706414195517e-07	2.02530700138617e-06	7.00624951019486e-06	2.58251572811421e-05	7.28943706634217e-05	0.000183889950180845	0.000415597223529885	0.000853972698171497	0.00158428521252773	0.00267267576826928	0.00411888628495953	0.00585016688183685	0.00776645579528368	0.00979732455342278	0.01186344370018	0.0137830504109738	0.0153059927199431	0.0163598857754397	0.0173690350942418	0.0191792655717276	0.0224048405784555	0.0266377457255402	0.030296779586651	0.0314484698138869	0.0290493959838624	0.0236202777553338	0.0168478663155785	0.0105467411022107	0.00580842134841511	0.00282802760256097	0.00122331637916361	0.000473041026534315	0.0001645560048181	4.68864957045909e-05	1.04039953532208e-05	6.17008842525336e-06	1.16513713974589e-05	3.08870118236047e-05	7.518278041076e-05	0.000158003432979723	0.000286304313055984	0.000447239519957652	0.000602272477390462	0.000699175858529901	0.000699713726936495	0.000603663512008413	0.000448962451349787
2.35769521880225e-09	3.53654282820338e-09	5.30481424230506e-09	7.95722136345758e-09	1.19358320451864e-08	1.79037480677795e-08	2.68556221016693e-08	4.02834331525039e-08	6.04251497287558e-08	9.06377245931337e-08	1.359565868897e-07	2.03934880334551e-07	3.05902320501826e-07	1.79152477534979e-06	7.19194701572987e-06	2.48891865263618e-05	7.5994756481204e-05	0.000197741317351456	0.00044621606618715	0.00087533369805343	0.00150881233518089	0.00229139993399692	0.00312516792462404	0.00394081344943422	0.00480595989338694	0.00595849627614013	0.00768839065517623	0.0100632319591211	0.0127162470104964	0.0149584831203671	0.016246599643733	0.0167070114712736	0.0171646486751598	0.0184928882198797	0.0207578299853617	0.0229333407644279	0.0235177546478651	0.0215898017474212	0.017436264395888	0.0122982084065527	0.00755673640105131	0.00404274711902669	0.00188674623730569	0.000769100196664788	0.000274614058783363	8.61991092047516e-05	2.00176377611191e-05	4.909890507094e-06	1.24743625577045e-05	3.94270117110542e-05	0.000111179931996623	0.000271092185445248	0.000569833734078542	0.00103257088550206	0.0016129917926311	0.00217212594059309	0.00252161285192624	0.00252355270135062	0.00217714277681148	0.00161920563123607
2.35769521880223e-09	3.53654282820335e-09	5.30481424230502e-09	7.95722136345754e-09	1.19358320451863e-08	1.79037480677795e-08	2.68556221016692e-08	4.02834331525038e-08	6.04251497287557e-08	9.06377245931335e-08	1.359565868897e-07	2.03934880334551e-07	3.05902320501826e-07	4.57022177847058e-06	1.83468257504156e-05	6.34928993873309e-05	0.000189850182404751	0.000488830246636201	0.00108569519522129	0.00208058176491848	0.00345183003197226	0.00495839648839231	0.00621564534463886	0.0069147466826876	0.00709509168478618	0.00721668932811948	0.00790581916040086	0.00948470516365153	0.0116431680385933	0.01355790432932	0.0144418327660033	0.0141444649791788	0.0132763134850551	0.012704257651215	0.0128267475163293	0.013254919761623	0.0131461626564133	0.0118860537961609	0.00952497229701534	0.00667870557201085	0.00407575065816894	0.00215909933535479	0.00099388668151637	0.000397155157725505	0.00013788049102962	4.16385728414335e-05	8.77551095698193e-06	8.16812133239089e-06	3.01679417268643e-05	9.87593958337448e-05	0.000279286976756429	0.00068099085451497	0.00143143765234051	0.00259384581119674	0.00405187872673423	0.00545643873123511	0.00633435924377097	0.00633923219765185	0.00546904115862605	0.00406748805628559
2.35769521880223e-09	3.53654282820335e-09	5.30481424230502e-09	7.95722136345754e-09	1.19358320451863e-08	1.79037480677795e-08	2.68556221016692e-08	4.02834331525038e-08	6.04251497287557e-08	9.06377245931335e-08	1.359565868897e-07	2.03934880334551e-07	3.05902320501826e-07	8.12052351782764e-06	3.25992560548328e-05	0.00011281631563675	0.000336644401811863	0.000865900838277763	0.00192012765734375	0.00367090077436813	0.00605777220150253	0.00862763018129487	0.0106359851934976	0.0114266902161664	0.0108906751088311	0.00960903012464619	0.00850711520882666	0.00824406010084687	0.00879861860948799	0.00954986970554969	0.00977086036460648	0.00915682758410362	0.00798685729244602	0.00682904088266963	0.00607217000919644	0.00568317367639642	0.00532272531933154	0.00468044163273652	0.00370217814212935	0.00257800270183167	0.00156537795730327	0.000824591679343879	0.000377235459072118	0.000149433567443094	5.12445471904204e-05	1.52091053808727e-05	3.04101007366687e-06	1.38349900970053e-05	5.26559872481257e-05	0.000172765582761997	0.000488660529876574	0.00119151045162626	0.00250454600426294	0.00453837870722825	0.00708945769185775	0.0095469766353258	0.0110830493438625	0.011091575413546	0.00956902674635536	0.00711676889461476
2.35769521880223e-09	3.53654282820335e-09	5.30481424230502e-09	7.95722136345754e-09	1.19358320451863e-08	1.79037480677795e-08	2.68556221016692e-08	4.02834331525038e-08	6.04251497287557e-08	9.06377245931335e-08	1.359565868897e-07	2.03934880334551e-07	3.05902320501826e-07	1.0049930936136e-05	4.03447229973822e-05	0.000139621069765951	0.000416547832866995	0.00107135418284649	0.00237543343802251	0.00454059121738655	0.00748603444357028	0.0106452470194489	0.0130725645976059	0.0139033575318702	0.0129055454556637	0.0106650823057434	0.00821910684009491	0.00641942892137762	0.00551076764136175	0.0051725970461752	0.0048939767179328	0.00435791959297549	0.00358258029145489	0.00279298913283123	0.00218862087966655	0.00181157252367486	0.00155894273474761	0.00131058568253647	0.00101531661958288	0.000700500735052562	0.000423498850491445	0.000222369056629722	0.000101623013230145	4.02138612084035e-05	1.37763405612162e-05	4.0847402274315e-06	8.08708836324887e-07	1.68603942344021e-05	6.4170678661868e-05	0.000210545567078796	0.000595519702055609	0.00145206724457127	0.00305223442257544	0.00553082103076084	0.00863976415991148	0.0116346877511002	0.0135066653424857	0.0135170558736769	0.0116615597302099	0.00867304771431016
2.35769521880223e-09	3.53654282820335e-09	5.30481424230502e-09	7.95722136345754e-09	1.19358320451863e-08	1.79037480677795e-08	2.68556221016692e-08	4.02834331525038e-08	6.04251497287557e-08	9.06377245931335e-08	1.359565868897e-07	2.03934880334551e-07	3.05902320501826e-07	8.66312183026716e-06	3.47774778509157e-05	0.000120354492497608	0.000359060053805809	0.000923688752694115	0.0020484073731892	0.0039169178643624	0.00646063659753934	0.00919531103937282	0.0113066196675737	0.012040429194253	0.0111654670117048	0.00912800002885439	0.00675559477153305	0.00476028022081639	0.00342605953385473	0.00264007377458196	0.00213237334411337	0.00169755688822917	0.00127419334758324	0.000898541428695541	0.00061740375339389	0.000441684574687248	0.000336886157238847	0.000263289310429688	0.000196647779484689	0.000133537522736994	8.01392790298385e-05	4.18561156771747e-05	1.91020119170322e-05	7.5490183640198e-06	2.58288533639862e-06	7.64933940042275e-07	1.49795516222498e-07	1.43116232060166e-05	5.4470053375688e-05	0.000178717578120479	0.000505495510311914	0.00123255951107597	0.0025908308183686	0.00469473165999006	0.00733369857943209	0.00987588219459607	0.0114648745731581	0.0114736943768502	0.00989869196016101	0.0073619506880654
2.35769521880223e-09	3.53654282820335e-09	5.30481424230502e-09	7.95722136345754e-09	1.19358320451863e-08	1.79037480677795e-08	2.68556221016692e-08	4.02834331525038e-08	6.04251497287557e-08	9.06377245931335e-08	1.359565868897e-07	2.03934880334551e-07	3.05902320501826e-07	5.20137376181457e-06	2.08805398723409e-05	7.22613293058423e-05	0.000215581124145828	0.000555343030928633	0.0012331019424105	0.00236362021767085	0.00391629377495314	0.00562240241923306	0.00702606054057179	0.00770655539086684	0.00752665145723917	0.00669314638789906	0.00557739373083827	0.00447081081447031	0.00348268176199089	0.00260830865696439	0.00183778596108994	0.00119519130237798	0.000711184622013452	0.000389531884665011	0.000201566892412432	0.000106208645781863	6.15357596510349e-05	4.01592092480042e-05	2.70094417036759e-05	1.78716180849934e-05	1.05992670927527e-05	5.48985046479086e-06	2.50193734173078e-06	9.87432520664068e-07	3.37419021129966e-07	9.98083300843235e-08	1.93258113303577e-08	8.46140256958209e-06	3.22041073163916e-05	0.000105662464206183	0.00029886204718325	0.000728721128557705	0.00153176632925051	0.00277564703594476	0.00433587267574651	0.00583887751761902	0.0067783309954998	0.00678354549203517	0.00585236324220696	0.00435257605461171
2.35769521880223e-09	3.53654282820335e-09	5.30481424230502e-09	7.95722136345754e-09	1.19358320451863e-08	1.79037480677795e-08	2.68556221016692e-08	4.02834331525038e-08	6.04251497287557e-08	9.06377245931335e-08	1.359565868897e-07	2.03934880334551e-07	3.05902320501826e-07	2.17517397782412e-06	8.73207907239295e-06	3.02191248517801e-05	9.01543462987911e-05	0.000234212237621267	0.000524092987857937	0.00101943374448999	0.00173600611468518	0.00261986081052944	0.00357129726667453	0.00450868822055987	0.00539848045567377	0.00619412776652644	0.00674402557284012	0.00680644815757688	0.00621185007512441	0.0050308837399411	0.00357326200073352	0.00221151227576758	0.0011891969267655	0.000555230617528732	0.000224988949583	7.95591270211219e-05	2.45729538994182e-05	6.65827860071623e-06	4.11169085171936e-07	1.1375055575189e-07	2.71285863245714e-08	3.05902320501826e-07	3.05902320501826e-07	3.05902320501826e-07	3.05902320501826e-07	3.05902320501826e-07	3.05902320501826e-07	3.48440090846195e-06	1.32616336200374e-05	4.35117444469416e-05	0.000123071226093613	0.000300086958572318	0.000630780529031787	0.00114300991757367	0.00178550997498428	0.00240444653938675	0.00279131296311101	0.00279346028990649	0.00240999995332954	0.00179238841718269
2.35769521880223e-09	3.53654282820335e-09	5.30481424230502e-09	7.95722136345754e-09	1.19358320451863e-08	1.79037480677795e-08	2.68556221016692e-08	4.02834331525038e-08	6.04251497287557e-08	9.06377245931335e-08	1.359565868897e-07	2.03934880334551e-07	3.05902320501826e-07	6.33581125992139e-07	2.54346573990987e-06	8.80217736387246e-06	2.62600108420808e-05	7.18016704402487e-05	0.0001679437893823	0.000353199881418709	0.000684152421790213	0.00125128723552121	0.00219124473413861	0.00365270807590808	0.00567142028275342	0.00799529289166421	0.0100252423219036	0.0110296738599904	0.0105620214301637	0.00876419666188941	0.00628672633637067	0.0038935956831285	0.00208080212078063	0.000959305998664717	0.000381431432832863	0.000130890800901247	3.87597167633442e-05	9.90899344044522e-06	4.68597702832108e-08	1.2963827058866e-08	3.09176776446138e-09	3.05902320501826e-07	2.03934880334551e-07	2.03934880334551e-07	2.03934880334551e-07	2.03934880334551e-07	3.05902320501826e-07	9.99415715808741e-07	3.80377729353003e-06	1.24802863863684e-05	3.52999900852686e-05	8.60726507613056e-05	0.00018092406428019	0.000327844615174497	0.00051213014133906	0.000689657052220717	0.00080062028347513	0.000801236191977843	0.000691249914040187	0.000514103055310202
2.35769521880223e-09	3.53654282820335e-09	5.30481424230502e-09	7.95722136345754e-09	1.19358320451863e-08	1.79037480677795e-08	2.68556221016692e-08	4.02834331525038e-08	6.04251497287557e-08	9.06377245931335e-08	1.359565868897e-07	2.03934880334551e-07	3.05902320501826e-07	1.28541321258933e-07	5.16019864500985e-07	1.78579105641111e-06	5.32764684968987e-06	1.90955176504311e-05	5.34050549049412e-05	0.000142807792114891	0.000364539299267918	0.000871272169393303	0.00190029858225055	0.00369997713861155	0.00633529147781867	0.00945366801323975	0.0122319528515181	0.0136854719154269	0.0132208411666455	0.011019481597341	0.00792122375890958	0.00490977901003534	0.00262375381795326	0.00120879104025674	0.000480084454716356	0.000164382468167223	4.85214658840585e-05	1.23467567299253e-05	3.05902320501826e-07	3.05902320501826e-07	3.05902320501826e-07	2.03934880334551e-07	1.359565868897e-07	1.359565868897e-07	1.359565868897e-07	2.03934880334551e-07	3.05902320501826e-07	1.99662510022764e-07	7.59915728740795e-07	2.49330210270789e-06	7.05220511616631e-06	1.71955285708193e-05	3.61448716748172e-05	6.5496547360392e-05	0.000102312969328609	0.000137779160286529	0.000159947310058483	0.000160070355789755	0.00013809738100686	0.000102707116578153
2.35769521880223e-09	3.53654282820335e-09	5.30481424230502e-09	7.95722136345754e-09	1.19358320451863e-08	1.79037480677795e-08	2.68556221016692e-08	4.02834331525038e-08	6.04251497287557e-08	9.06377245931335e-08	1.359565868897e-07	2.03934880334551e-07	3.05902320501826e-07	1.81641710852365e-08	7.29187549215815e-08	2.52350092199493e-07	7.52849651082627e-07	6.68719513960956e-06	2.45757563192898e-05	8.28531356983497e-05	0.000250355758111939	0.000666970122506577	0.00155083282745425	0.0031292451684291	0.00546226059497462	0.00823456503421414	0.0107118403389537	0.012018323661647	0.011627235661803	0.00969857496364513	0.0069744543053005	0.00432383224376869	0.00231087350124437	0.0010647026026533	0.000422883414673779	0.000144796647273509	4.27402365905619e-05	1.08756669681839e-05	3.05902320501826e-07	2.03934880334551e-07	2.03934880334551e-07	1.359565868897e-07	9.06377245931337e-08	9.06377245931335e-08	1.359565868897e-07	2.03934880334551e-07	3.05902320501826e-07	2.7783002268868e-08	1.05742136635199e-07	3.4694253802884e-07	9.81313070343713e-07	2.39275470013369e-06	5.02955237633193e-06	9.11383275563011e-06	1.42368312342026e-05	1.917194531115e-05	2.22566393548169e-05	2.22737611461371e-05	1.92162256670062e-05	1.42916767529086e-05
1.57179681253482e-09	2.35769521880224e-09	3.53654282820335e-09	5.30481424230502e-09	7.95722136345753e-09	1.19358320451863e-08	1.79037480677795e-08	2.68556221016692e-08	4.02834331525038e-08	6.04251497287556e-08	9.06377245931337e-08	1.359565868897e-07	2.03934880334551e-07	3.05902320501826e-07	3.05902320501826e-07	3.05902320501826e-07	3.05902320501826e-07	2.91486544058751e-06	1.24441948369696e-05	4.57989641666797e-05	0.000145306509924922	0.00039742487856609	0.000937056097932762	0.00190465663827508	0.00333740076121679	0.00504127732648783	0.00656467726633844	0.00736930842976292	0.00713149610755432	0.00594942683394524	0.004278683564512	0.00265268555388034	0.00141775745040427	0.000653218786666285	0.000259451363572802	8.88369850230767e-05	2.62223872539427e-05	6.67254029538077e-06	3.05902320501826e-07	2.03934880334551e-07	1.359565868897e-07	9.06377245931337e-08	6.04251497287558e-08	6.04251497287556e-08	9.06377245931337e-08	1.359565868897e-07	2.03934880334551e-07	3.05902320501826e-07	3.05902320501826e-07	3.05902320501826e-07	3.05902320501826e-07	3.05902320501826e-07	3.05902320501826e-07	3.05902320501826e-07	3.05902320501826e-07	3.05902320501826e-07	3.05902320501826e-07	3.05902320501826e-07	3.05902320501826e-07	3.05902320501826e-07
1.04786454168988e-09	1.57179681253482e-09	2.35769521880224e-09	3.53654282820335e-09	5.30481424230504e-09	7.95722136345756e-09	1.19358320451863e-08	1.79037480677795e-08	2.68556221016692e-08	4.02834331525039e-08	6.04251497287558e-08	9.06377245931337e-08	1.359565868897e-07	2.03934880334551e-07	2.03934880334551e-07	2.03934880334551e-07	3.05902320501826e-07	1.24562154643391e-06	5.31782942742865e-06	1.95714614390133e-05	6.20944339588846e-05	0.000169833222809429	0.000400436071439057	0.000813924826223071	0.00142618531866729	0.00215430996298626	0.0028053107819234	0.00314915715648939	0.00304753182983596	0.00254239326114505	0.00182842760565119	0.00113358312730942	0.000605856175468884	0.00027914269519177	0.000110872428009165	3.79630775143664e-05	1.12057215772751e-05	2.85140433779323e-06	3.05902320501826e-07	2.03934880334551e-07	1.359565868897e-07	9.06377245931335e-08	6.04251497287557e-08	4.02834331525038e-08	6.04251497287558e-08	9.06377245931337e-08	1.359565868897e-07	2.03934880334551e-07	2.03934880334551e-07	2.03934880334551e-07	2.03934880334551e-07	2.03934880334551e-07	2.03934880334551e-07	2.03934880334551e-07	2.03934880334551e-07	2.03934880334551e-07	2.03934880334551e-07	2.03934880334551e-07	2.03934880334551e-07	2.03934880334551e-07
6.9857636112659e-10	1.04786454168988e-09	1.57179681253482e-09	2.35769521880224e-09	3.53654282820336e-09	5.30481424230504e-09	7.95722136345756e-09	1.19358320451863e-08	1.79037480677795e-08	2.68556221016693e-08	4.02834331525039e-08	6.04251497287558e-08	9.06377245931337e-08	1.359565868897e-07	1.359565868897e-07	2.03934880334551e-07	3.05902320501826e-07	3.70754139458099e-07	1.58283009698714e-06	5.8253651476506e-06	1.84821533422194e-05	5.05501615272888e-05	0.000119188152693252	0.000242261382996981	0.000424498204967684	0.000641221516069332	0.000834989237174151	0.00093733369891935	0.000907085337658732	0.000756732916509417	0.000544223970302528	0.000337406363973909	0.000180330603315603	8.30856772172334e-05	3.30007230156314e-05	1.12995541666048e-05	3.3353370229375e-06	8.4870879484398e-07	3.05902320501826e-07	2.03934880334551e-07	1.359565868897e-07	9.06377245931335e-08	6.04251497287557e-08	4.02834331525038e-08	4.02834331525039e-08	6.04251497287558e-08	9.06377245931337e-08	1.359565868897e-07	1.359565868897e-07	1.359565868897e-07	1.359565868897e-07	1.359565868897e-07	1.359565868897e-07	1.359565868897e-07	1.359565868897e-07	1.359565868897e-07	1.359565868897e-07	1.359565868897e-07	1.359565868897e-07	1.359565868897e-07
4.65717574084393e-10	6.9857636112659e-10	1.04786454168989e-09	1.57179681253483e-09	2.35769521880224e-09	3.53654282820336e-09	5.30481424230504e-09	7.95722136345758e-09	1.19358320451864e-08	1.79037480677795e-08	2.68556221016693e-08	4.02834331525039e-08	6.04251497287556e-08	9.06377245931335e-08	1.359565868897e-07	2.03934880334551e-07	3.05902320501826e-07	7.686315397445e-08	3.28145529643819e-07	1.2076896537304e-06	3.83164055888566e-06	1.04798421255238e-05	2.47095753152798e-05	5.022458821519e-05	8.800514254001e-05	0.000132935287501861	0.00017310637825307	0.000194323991987744	0.000188053031797124	0.000156882614349803	0.000112826173396446	6.9949636554272e-05	3.73853652698572e-05	1.72249653378217e-05	6.84156799469888e-06	2.34257498249332e-06	6.91467729869276e-07	1.75950657955999e-07	3.05902320501826e-07	2.03934880334551e-07	1.359565868897e-07	9.06377245931335e-08	6.04251497287557e-08	4.02834331525038e-08	2.68556221016693e-08	4.02834331525039e-08	6.04251497287556e-08	9.06377245931335e-08	9.06377245931335e-08	9.06377245931335e-08	9.06377245931335e-08	9.06377245931335e-08	9.06377245931335e-08	9.06377245931335e-08	9.06377245931335e-08	9.06377245931335e-08	9.06377245931335e-08	9.06377245931335e-08	9.06377245931335e-08	9.06377245931335e-08
4.65717574084392e-10	6.98576361126588e-10	1.04786454168988e-09	1.57179681253482e-09	2.35769521880223e-09	3.53654282820335e-09	5.30481424230502e-09	7.95722136345754e-09	1.19358320451863e-08	1.79037480677795e-08	2.68556221016692e-08	4.02834331525038e-08	6.04251497287557e-08	9.06377245931335e-08	1.359565868897e-07	2.03934880334551e-07	3.05902320501826e-07	1.10989703093956e-08	4.73839193729716e-08	1.743892999001e-07	5.53285450834926e-07	1.51327977820174e-06	3.56804045372934e-06	7.25238537033377e-06	1.27078634380575e-05	1.91957359640039e-05	2.49964053418428e-05	2.8060209683721e-05	2.71546886717907e-05	2.26537084245544e-05	1.62919979716957e-05	1.01006646113813e-05	5.39841312358824e-06	2.48726950403831e-06	9.8791626568063e-07	3.38265720749228e-07	9.98473183428742e-08	2.54071167730302e-08	3.05902320501826e-07	2.03934880334551e-07	1.359565868897e-07	9.06377245931335e-08	6.04251497287557e-08	4.02834331525038e-08	2.68556221016692e-08	2.68556221016692e-08	4.02834331525038e-08	6.04251497287557e-08	6.04251497287557e-08	6.04251497287557e-08	6.04251497287557e-08	6.04251497287557e-08	6.04251497287557e-08	6.04251497287557e-08	6.04251497287557e-08	6.04251497287557e-08	6.04251497287557e-08	6.04251497287557e-08	6.04251497287557e-08	6.04251497287557e-08
3.10478382722928e-10	4.65717574084392e-10	6.98576361126587e-10	1.04786454168988e-09	1.57179681253482e-09	2.35769521880224e-09	3.53654282820335e-09	5.30481424230502e-09	7.95722136345753e-09	1.19358320451863e-08	1.79037480677795e-08	2.68556221016692e-08	4.02834331525038e-08	6.04251497287556e-08	9.06377245931337e-08	1.359565868897e-07	2.03934880334551e-07	3.05902320501826e-07	3.05902320501826e-07	3.05902320501826e-07	3.05902320501826e-07	3.05902320501826e-07	3.05902320501826e-07	3.05902320501826e-07	3.05902320501826e-07	3.05902320501826e-07	3.05902320501826e-07	3.05902320501826e-07	3.05902320501826e-07	3.05902320501826e-07	3.05902320501826e-07	3.05902320501826e-07	3.05902320501826e-07	3.05902320501826e-07	3.05902320501826e-07	3.05902320501826e-07	3.05902320501826e-07	3.05902320501826e-07	2.03934880334551e-07	1.359565868897e-07	9.06377245931337e-08	6.04251497287556e-08	4.02834331525038e-08	2.68556221016692e-08	1.79037480677795e-08	1.79037480677795e-08	2.68556221016692e-08	4.02834331525038e-08	4.02834331525038e-08	4.02834331525038e-08	4.02834331525038e-08	4.02834331525038e-08	4.02834331525038e-08	4.02834331525038e-08	4.02834331525038e-08	4.02834331525038e-08	4.02834331525038e-08	4.02834331525038e-08	4.02834331525038e-08	4.02834331525038e-08
2.06985588481952e-10	3.10478382722928e-10	4.65717574084392e-10	6.9857636112659e-10	1.04786454168988e-09	1.57179681253482e-09	2.35769521880224e-09	3.53654282820335e-09	5.30481424230504e-09	7.95722136345756e-09	1.19358320451863e-08	1.79037480677795e-08	2.68556221016692e-08	4.02834331525039e-08	6.04251497287558e-08	9.06377245931337e-08	1.359565868897e-07	2.03934880334551e-07	2.03934880334551e-07	2.03934880334551e-07	2.03934880334551e-07	2.03934880334551e-07	2.03934880334551e-07	2.03934880334551e-07	2.03934880334551e-07	2.03934880334551e-07	2.03934880334551e-07	2.03934880334551e-07	2.03934880334551e-07	2.03934880334551e-07	2.03934880334551e-07	2.03934880334551e-07	2.03934880334551e-07	2.03934880334551e-07	2.03934880334551e-07	2.03934880334551e-07	2.03934880334551e-07	2.03934880334551e-07	1.359565868897e-07	9.06377245931337e-08	6.04251497287558e-08	4.02834331525039e-08	2.68556221016692e-08	1.79037480677795e-08	1.19358320451863e-08	1.19358320451863e-08	1.79037480677795e-08	2.68556221016692e-08	2.68556221016692e-08	2.68556221016692e-08	2.68556221016692e-08	2.68556221016692e-08	2.68556221016692e-08	2.68556221016692e-08	2.68556221016692e-08	2.68556221016692e-08	2.68556221016692e-08	2.68556221016692e-08	2.68556221016692e-08	2.68556221016692e-08
1.37990392321302e-10	2.06985588481952e-10	3.10478382722929e-10	4.65717574084393e-10	6.9857636112659e-10	1.04786454168988e-09	1.57179681253482e-09	2.35769521880224e-09	3.53654282820336e-09	5.30481424230504e-09	7.95722136345756e-09	1.19358320451863e-08	1.79037480677795e-08	2.68556221016693e-08	4.02834331525039e-08	6.04251497287558e-08	9.06377245931337e-08	1.359565868897e-07	1.359565868897e-07	1.359565868897e-07	1.359565868897e-07	1.359565868897e-07	1.359565868897e-07	1.359565868897e-07	1.359565868897e-07	1.359565868897e-07	1.359565868897e-07	1.359565868897e-07	1.359565868897e-07	1.359565868897e-07	1.359565868897e-07	1.359565868897e-07	1.359565868897e-07	1.359565868897e-07	1.359565868897e-07	1.359565868897e-07	1.359565868897e-07	1.359565868897e-07	9.06377245931337e-08	6.04251497287558e-08	4.02834331525039e-08	2.68556221016693e-08	1.79037480677795e-08	1.19358320451863e-08	7.95722136345756e-09	7.95722136345756e-09	1.19358320451863e-08	1.79037480677795e-08	1.79037480677795e-08	1.79037480677795e-08	1.79037480677795e-08	1.79037480677795e-08	1.79037480677795e-08	1.79037480677795e-08	1.79037480677795e-08	1.79037480677795e-08	1.79037480677795e-08	1.79037480677795e-08	1.79037480677795e-08	1.79037480677795e-08
9.19935948808677e-11	1.37990392321302e-10	2.06985588481953e-10	3.10478382722929e-10	4.65717574084393e-10	6.9857636112659e-10	1.04786454168989e-09	1.57179681253483e-09	2.35769521880224e-09	3.53654282820336e-09	5.30481424230504e-09	7.95722136345758e-09	1.19358320451864e-08	1.79037480677795e-08	2.68556221016693e-08	4.02834331525039e-08	6.04251497287556e-08	9.06377245931335e-08	9.06377245931335e-08	9.06377245931335e-08	9.06377245931335e-08	9.06377245931335e-08	9.06377245931335e-08	9.06377245931335e-08	9.06377245931335e-08	9.06377245931335e-08	9.06377245931335e-08	9.06377245931335e-08	9.06377245931335e-08	9.06377245931335e-08	9.06377245931335e-08	9.06377245931335e-08	9.06377245931335e-08	9.06377245931335e-08	9.06377245931335e-08	9.06377245931335e-08	9.06377245931335e-08	9.06377245931335e-08	6.04251497287556e-08	4.02834331525039e-08	2.68556221016693e-08	1.79037480677795e-08	1.19358320451864e-08	7.95722136345758e-09	5.30481424230504e-09	5.30481424230504e-09	7.95722136345753e-09	1.19358320451863e-08	1.19358320451863e-08	1.19358320451863e-08	1.19358320451863e-08	1.19358320451863e-08	1.19358320451863e-08	1.19358320451863e-08	1.19358320451863e-08	1.19358320451863e-08	1.19358320451863e-08	1.19358320451863e-08	1.19358320451863e-08	1.19358320451863e-08
