2.68556221016692e-08	2.68556221016692e-08	2.68556221016692e-08	1.79037480677795e-08	1.79037480677795e-08	1.79037480677795e-08	1.79037480677795e-08	1.79037480677795e-08	1.79037480677795e-08	1.79037480677795e-08	1.79037480677795e-08	2.68556221016692e-08	4.02834331525038e-08	6.04251497287557e-08	6.04251497287557e-08	6.04251497287557e-08	6.04251497287557e-08	6.04251497287557e-08	6.04251497287557e-08	6.04251497287557e-08	6.04251497287557e-08	6.04251497287557e-08	6.04251497287557e-08	6.04251497287557e-08	6.04251497287557e-08	4.02834331525038e-08	2.68556221016692e-08	2.68556221016692e-08	2.68556221016692e-08	1.79037480677795e-08	1.19358320451863e-08	7.95722136345756e-09	5.30481424230504e-09	5.30481424230502e-09	3.53654282820335e-09	2.35769521880224e-09	1.57179681253482e-09	1.04786454168989e-09	6.98576361126592e-10	4.65717574084395e-10	4.65717574084392e-10	4.65717574084392e-10	4.65717574084392e-10	4.65717574084392e-10	3.10478382722928e-10	2.06985588481952e-10	1.37990392321302e-10	9.19935948808677e-11	9.19935948808675e-11	9.19935948808675e-11	9.19935948808675e-11	9.19935948808675e-11	9.19935948808675e-11	9.19935948808675e-11	9.19935948808675e-11	9.19935948808675e-11	9.19935948808675e-11	9.19935948808675e-11	6.13290632539117e-11	4.08860421692745e-11
4.02834331525038e-08	4.02834331525038e-08	4.02834331525038e-08	2.68556221016692e-08	2.68556221016692e-08	2.68556221016692e-08	2.68556221016692e-08	2.68556221016692e-08	2.68556221016692e-08	2.68556221016692e-08	2.68556221016693e-08	4.02834331525039e-08	6.04251497287556e-08	9.06377245931335e-08	9.06377245931335e-08	9.06377245931335e-08	9.06377245931335e-08	9.06377245931335e-08	9.06377245931335e-08	9.06377245931335e-08	9.06377245931335e-08	9.06377245931335e-08	9.06377245931335e-08	9.06377245931335e-08	9.06377245931335e-08	6.04251497287556e-08	4.02834331525039e-08	4.02834331525038e-08	4.02834331525038e-08	2.68556221016692e-08	1.79037480677795e-08	1.19358320451863e-08	7.95722136345758e-09	7.95722136345754e-09	5.30481424230502e-09	3.53654282820335e-09	2.35769521880224e-09	1.57179681253483e-09	1.04786454168989e-09	6.98576361126592e-10	6.98576361126588e-10	6.98576361126588e-10	6.98576361126588e-10	6.98576361126588e-10	4.65717574084392e-10	3.10478382722928e-10	2.06985588481952e-10	1.37990392321302e-10	1.37990392321301e-10	1.37990392321301e-10	1.37990392321301e-10	1.37990392321301e-10	1.37990392321301e-10	1.37990392321301e-10	1.37990392321301e-10	1.37990392321301e-10	1.37990392321301e-10	1.37990392321301e-10	9.19935948808674e-11	6.13290632539117e-11
6.04251497287557e-08	6.04251497287557e-08	6.04251497287557e-08	4.02834331525038e-08	4.02834331525038e-08	4.02834331525038e-08	4.02834331525038e-08	4.02834331525038e-08	4.02834331525038e-08	4.02834331525038e-08	4.02834331525039e-08	6.04251497287558e-08	9.06377245931337e-08	1.359565868897e-07	1.359565868897e-07	1.359565868897e-07	1.359565868897e-07	1.359565868897e-07	1.359565868897e-07	1.359565868897e-07	1.359565868897e-07	1.359565868897e-07	1.359565868897e-07	1.359565868897e-07	1.359565868897e-07	9.06377245931337e-08	6.04251497287558e-08	6.04251497287557e-08	6.04251497287557e-08	4.02834331525038e-08	2.68556221016692e-08	1.79037480677795e-08	1.19358320451864e-08	1.19358320451863e-08	7.95722136345753e-09	5.30481424230504e-09	3.53654282820336e-09	2.35769521880224e-09	1.57179681253483e-09	1.04786454168989e-09	1.04786454168988e-09	1.04786454168988e-09	1.04786454168988e-09	1.04786454168988e-09	6.98576361126587e-10	4.65717574084392e-10	3.10478382722929e-10	2.06985588481953e-10	2.06985588481952e-10	2.06985588481952e-10	2.06985588481952e-10	2.06985588481952e-10	2.06985588481952e-10	2.06985588481952e-10	2.06985588481952e-10	2.06985588481952e-10	2.06985588481952e-10	2.06985588481952e-10	1.37990392321301e-10	9.19935948808677e-11
9.06377245931335e-08	9.06377245931335e-08	9.06377245931335e-08	6.04251497287556e-08	6.04251497287557e-08	6.04251497287557e-08	6.04251497287557e-08	6.04251497287557e-08	6.04251497287557e-08	6.04251497287557e-08	6.04251497287558e-08	9.06377245931337e-08	1.359565868897e-07	2.03934880334551e-07	2.03934880334551e-07	2.03934880334551e-07	2.03934880334551e-07	2.03934880334551e-07	2.03934880334551e-07	2.03934880334551e-07	2.03934880334551e-07	2.03934880334551e-07	2.03934880334551e-07	2.03934880334551e-07	2.03934880334551e-07	1.359565868897e-07	9.06377245931337e-08	9.06377245931335e-08	9.06377245931335e-08	6.04251497287556e-08	4.02834331525039e-08	2.68556221016693e-08	1.79037480677795e-08	1.79037480677795e-08	1.19358320451863e-08	7.95722136345756e-09	5.30481424230504e-09	3.53654282820336e-09	2.35769521880224e-09	1.57179681253484e-09	1.57179681253482e-09	1.57179681253482e-09	1.57179681253482e-09	1.57179681253482e-09	1.04786454168988e-09	6.9857636112659e-10	4.65717574084393e-10	3.10478382722929e-10	3.10478382722928e-10	3.10478382722928e-10	3.10478382722928e-10	3.10478382722928e-10	3.10478382722928e-10	3.10478382722928e-10	3.10478382722928e-10	3.10478382722928e-10	3.10478382722928e-10	3.10478382722928e-10	2.06985588481952e-10	1.37990392321302e-10
1.359565868897e-07	1.359565868897e-07	1.359565868897e-07	9.06377245931337e-08	9.06377245931335e-08	9.06377245931335e-08	9.06377245931335e-08	9.06377245931335e-08	9.06377245931335e-08	9.06377245931335e-08	9.06377245931337e-08	1.359565868897e-07	2.03934880334551e-07	3.05902320501826e-07	3.05902320501826e-07	3.05902320501826e-07	3.05902320501826e-07	3.05902320501826e-07	3.05902320501826e-07	3.05902320501826e-07	3.05902320501826e-07	3.05902320501826e-07	3.05902320501826e-07	3.05902320501826e-07	3.05902320501826e-07	2.03934880334551e-07	1.359565868897e-07	1.359565868897e-07	1.359565868897e-07	9.06377245931337e-08	6.04251497287558e-08	4.02834331525039e-08	2.68556221016693e-08	2.68556221016692e-08	1.79037480677795e-08	1.19358320451863e-08	7.95722136345756e-09	5.30481424230504e-09	3.53654282820338e-09	2.35769521880225e-09	2.35769521880223e-09	2.35769521880223e-09	2.35769521880223e-09	2.35769521880223e-09	1.57179681253482e-09	1.04786454168988e-09	6.9857636112659e-10	4.65717574084393e-10	4.65717574084392e-10	4.65717574084392e-10	4.65717574084392e-10	4.65717574084392e-10	4.65717574084392e-10	4.65717574084392e-10	4.65717574084392e-10	4.65717574084392e-10	4.65717574084392e-10	4.65717574084392e-10	3.10478382722928e-10	2.06985588481952e-10
2.03934880334551e-07	2.03934880334551e-07	2.03934880334551e-07	1.359565868897e-07	1.359565868897e-07	1.359565868897e-07	1.359565868897e-07	1.359565868897e-07	1.359565868897e-07	1.359565868897e-07	1.359565868897e-07	2.03934880334551e-07	3.05902320501826e-07	5.1712866286741e-08	3.76914985645638e-07	1.83945169204385e-06	6.01081769408045e-06	1.31516097310158e-05	1.92674595933752e-05	1.89003648678339e-05	1.24141247951658e-05	5.45961744625553e-06	1.60771293602162e-06	3.169968793457e-07	4.18505967333209e-08	3.05902320501826e-07	2.03934880334551e-07	2.03934880334551e-07	2.03934880334551e-07	1.359565868897e-07	9.06377245931337e-08	6.04251497287558e-08	4.02834331525039e-08	4.02834331525038e-08	2.68556221016692e-08	1.79037480677795e-08	1.19358320451863e-08	7.95722136345758e-09	5.30481424230506e-09	3.53654282820338e-09	3.53654282820335e-09	3.53654282820335e-09	3.53654282820335e-09	3.53654282820335e-09	2.35769521880224e-09	1.57179681253482e-09	1.04786454168988e-09	6.9857636112659e-10	6.98576361126588e-10	6.98576361126588e-10	6.98576361126588e-10	6.98576361126588e-10	6.98576361126588e-10	6.98576361126588e-10	6.98576361126588e-10	6.98576361126588e-10	6.98576361126588e-10	6.98576361126588e-10	4.65717574084392e-10	3.10478382722928e-10
3.05902320501826e-07	3.05902320501826e-07	3.05902320501826e-07	2.03934880334551e-07	2.03934880334551e-07	2.03934880334551e-07	2.03934880334551e-07	2.03934880334551e-07	2.03934880334551e-07	2.03934880334551e-07	2.03934880334551e-07	2.03934880334551e-07	3.05902320501826e-07	4.66974357237799e-07	3.40359461375078e-06	1.66105039855893e-05	5.42785177213526e-05	0.000118760860531881	0.000173987833305008	0.000170672917002467	0.000112101269242133	4.93011030096998e-05	1.45178708671595e-05	2.86252580079477e-06	3.77916694874283e-07	3.05902320501826e-07	3.05902320501826e-07	3.05902320501826e-07	3.05902320501826e-07	2.03934880334551e-07	1.359565868897e-07	9.06377245931337e-08	6.04251497287558e-08	6.04251497287557e-08	4.02834331525038e-08	2.68556221016692e-08	1.79037480677795e-08	1.19358320451864e-08	7.95722136345758e-09	5.30481424230506e-09	5.30481424230502e-09	5.30481424230502e-09	5.30481424230502e-09	5.30481424230502e-09	3.53654282820335e-09	2.35769521880224e-09	1.57179681253482e-09	1.04786454168989e-09	1.04786454168988e-09	1.04786454168988e-09	1.04786454168988e-09	1.04786454168988e-09	1.04786454168988e-09	1.04786454168988e-09	1.04786454168988e-09	1.04786454168988e-09	1.04786454168988e-09	1.04786454168988e-09	6.98576361126587e-10	4.65717574084392e-10
4.12354238753233e-07	7.63290912427317e-08	9.46040889412402e-09	3.05902320501826e-07	3.05902320501826e-07	3.05902320501826e-07	3.05902320501826e-07	3.05902320501826e-07	3.05902320501826e-07	3.05902320501826e-07	3.05902320501826e-07	3.05902320501826e-07	3.05902320501826e-07	2.60489876476346e-06	1.89860947773629e-05	9.26575102969225e-05	0.000302783977753969	0.000662525308245195	0.000970856313345376	0.000953394250450686	0.000629209856587103	0.000282549808941668	9.07819344960764e-05	2.44969438826533e-05	7.07954038822768e-06	1.94026456104367e-06	5.07038565240115e-07	8.87199364039773e-08	1.03944529568699e-08	3.05902320501826e-07	2.03934880334551e-07	1.359565868897e-07	9.06377245931337e-08	9.06377245931335e-08	6.04251497287556e-08	4.02834331525039e-08	2.68556221016693e-08	1.79037480677795e-08	1.19358320451864e-08	7.95722136345758e-09	7.95722136345754e-09	7.95722136345754e-09	7.95722136345754e-09	7.95722136345754e-09	5.30481424230502e-09	3.53654282820335e-09	2.35769521880224e-09	1.57179681253483e-09	1.57179681253482e-09	1.57179681253482e-09	1.57179681253482e-09	1.57179681253482e-09	1.57179681253482e-09	1.57179681253482e-09	1.57179681253482e-09	1.57179681253482e-09	1.57179681253482e-09	1.57179681253482e-09	1.04786454168988e-09	6.9857636112659e-10
4.6117166025444e-06	8.5365470815952e-07	1.05803992450286e-07	8.89526535317946e-09	6.53783950189979e-08	3.21743505300384e-07	1.06019441121213e-06	2.33916802812543e-06	3.45571179650574e-06	3.41832852430628e-06	2.26407218785578e-06	1.004076789559e-06	2.98156151064489e-07	9.03547221149283e-06	6.54318563427774e-05	0.000319287441804357	0.00104339396682516	0.00228331831285702	0.00334759717103408	0.00329453514499946	0.00219499609890442	0.00102569005937669	0.000380501445128974	0.000143328040416545	5.87353169994287e-05	2.00882643776396e-05	5.24955459822636e-06	9.18549755447679e-07	1.0761755033356e-07	3.05902320501826e-07	3.05902320501826e-07	2.03934880334551e-07	1.359565868897e-07	1.359565868897e-07	9.06377245931337e-08	6.04251497287558e-08	4.02834331525039e-08	2.68556221016693e-08	1.79037480677795e-08	1.19358320451863e-08	1.19358320451863e-08	1.19358320451863e-08	1.19358320451863e-08	1.19358320451863e-08	7.95722136345753e-09	5.30481424230504e-09	3.53654282820336e-09	2.35769521880224e-09	2.35769521880223e-09	2.35769521880223e-09	2.35769521880223e-09	2.35769521880223e-09	2.35769521880223e-09	2.35769521880223e-09	2.35769521880223e-09	2.35769521880223e-09	2.35769521880223e-09	2.35769521880223e-09	1.57179681253482e-09	1.04786454168988e-09
3.18609083525361e-05	5.89763352031984e-06	7.30966708780653e-07	1.10355112717022e-07	8.11087681493469e-07	3.99156623030955e-06	1.31577755468452e-05	2.90606612485862e-05	4.30971767783456e-05	4.33012345535468e-05	3.06042685545095e-05	1.81180812467273e-05	1.49777405183921e-05	3.95520087639592e-05	0.000166613227646623	0.000707079743545933	0.00224078458332403	0.00487323902433107	0.00714726188823194	0.00708327502556132	0.0048603713240829	0.00253494091499753	0.00126151364706336	0.000702907330494087	0.000368556401110037	0.000149798661784126	4.68405048375105e-05	1.14493581344731e-05	2.262159406686e-06	2.97525604152861e-07	3.76598559719093e-08	3.05902320501826e-07	2.03934880334551e-07	2.03934880334551e-07	1.359565868897e-07	9.06377245931337e-08	6.04251497287558e-08	4.02834331525039e-08	2.68556221016692e-08	1.79037480677795e-08	1.79037480677795e-08	1.79037480677795e-08	1.79037480677795e-08	1.79037480677795e-08	1.19358320451863e-08	7.95722136345756e-09	5.30481424230504e-09	3.53654282820336e-09	3.53654282820335e-09	3.53654282820335e-09	3.53654282820335e-09	3.53654282820335e-09	3.53654282820335e-09	3.53654282820335e-09	3.53654282820335e-09	3.53654282820335e-09	3.53654282820335e-09	3.53654282820335e-09	2.35769521880224e-09	1.57179681253482e-09
0.000136231006004351	2.60623020846813e-05	5.19875716061951e-06	4.08827637464854e-06	9.60187893886284e-06	3.29908176217425e-05	0.000102226962532568	0.000224594138548426	0.000336116401990875	0.000346964395813296	0.00026314329457622	0.000180923151235247	0.000169499953610966	0.000251943761884983	0.000479031652214852	0.00119848747476848	0.00316223108840721	0.0065631034559436	0.00956782846751121	0.00968358657418005	0.00724553320663076	0.00484319450219836	0.00355696246376958	0.00260356445163404	0.00154878720130551	0.00070191185230559	0.000251178409283279	7.25869857819377e-05	1.66093838692784e-05	2.61810818937565e-06	3.31391906963766e-07	3.05902320501826e-07	3.05902320501826e-07	3.05902320501826e-07	2.03934880334551e-07	1.359565868897e-07	9.06377245931337e-08	6.04251497287556e-08	4.02834331525038e-08	2.68556221016692e-08	2.68556221016692e-08	2.68556221016692e-08	2.68556221016692e-08	2.68556221016692e-08	1.79037480677795e-08	1.19358320451863e-08	7.95722136345756e-09	5.30481424230504e-09	5.30481424230502e-09	5.30481424230502e-09	5.30481424230502e-09	5.30481424230502e-09	5.30481424230502e-09	5.30481424230502e-09	5.30481424230502e-09	5.30481424230502e-09	5.30481424230502e-09	5.30481424230502e-09	3.53654282820335e-09	2.35769521880224e-09
0.000361790290402859	7.81773244032895e-05	3.69580294996017e-05	5.22733640559229e-05	8.67759457351264e-05	0.000195065206365856	0.000513396351702737	0.00108680105832473	0.00162737033758256	0.00172452343273744	0.00140487556623789	0.00110004120662838	0.00112475649466527	0.00150892010262548	0.00206995764008062	0.0027566813677798	0.00409000690160333	0.00648619989317213	0.00883328866772472	0.00945785406373435	0.00878605442667878	0.00846692674574449	0.0082881833905489	0.00690962611194333	0.00450921171462046	0.00233585739887198	0.000994772980880652	0.000345182712283184	9.47534053827679e-05	1.98812221661406e-05	3.56151346428086e-06	3.76564136238754e-07	5.51537204823549e-08	4.50427602928738e-09	3.05902320501826e-07	2.03934880334551e-07	1.359565868897e-07	9.06377245931335e-08	6.04251497287557e-08	4.02834331525038e-08	4.02834331525038e-08	4.02834331525038e-08	4.02834331525038e-08	4.02834331525038e-08	2.68556221016692e-08	1.79037480677795e-08	1.19358320451863e-08	7.95722136345758e-09	7.95722136345754e-09	7.95722136345754e-09	7.95722136345754e-09	7.95722136345754e-09	7.95722136345754e-09	7.95722136345754e-09	7.95722136345754e-09	7.95722136345754e-09	7.95722136345754e-09	7.95722136345754e-09	5.30481424230502e-09	3.53654282820335e-09
0.00061628156749829	0.000203061425329753	0.000243891614913871	0.000409450886546352	0.000581151057820658	0.0008877492324801	0.00174946328286818	0.00336716502950646	0.00499559234771761	0.00551901115222662	0.00499410153575142	0.00454135374929839	0.00501227038896218	0.00655574397704773	0.00845944706422762	0.00953003520944968	0.00954609045341613	0.0094236714804713	0.00978944107360604	0.0107875662838986	0.0126771923073886	0.014943275528178	0.0156756862459838	0.0135832359797658	0.00968839043476283	0.00582174142019739	0.00293317637286641	0.00119962565814624	0.000396141908386286	0.00010718449108033	2.46177326092813e-05	3.99362512327307e-06	5.87666345459293e-07	4.92531107870622e-08	3.05902320501826e-07	2.03934880334551e-07	1.359565868897e-07	9.06377245931335e-08	6.04251497287556e-08	6.04251497287557e-08	6.04251497287557e-08	6.04251497287557e-08	6.04251497287557e-08	6.04251497287557e-08	4.02834331525038e-08	2.68556221016692e-08	1.79037480677795e-08	1.19358320451864e-08	1.19358320451863e-08	1.19358320451863e-08	1.19358320451863e-08	1.19358320451863e-08	1.19358320451863e-08	1.19358320451863e-08	1.19358320451863e-08	1.19358320451863e-08	1.19358320451863e-08	1.19358320451863e-08	7.95722136345753e-09	5.30481424230504e-09
0.000768801267546311	0.000582489650796277	0.00117187745096481	0.00208683982154857	0.00286474057153044	0.0034916646686376	0.00474506878228161	0.00727883356287834	0.0101977372111435	0.0118522362897575	0.0122708792598676	0.0130059236936186	0.0154168449813483	0.020152248505914	0.0259678840933167	0.0297253375070994	0.0296065581945573	0.0267028092086492	0.0236010486763195	0.0228454040564033	0.0247754601488995	0.0266669900751992	0.0257395563793197	0.0219021242284552	0.0167378790228816	0.0114424930244446	0.00675461955865973	0.00336062734284409	0.00141451157176772	0.000493153054970561	0.000135905446603348	2.66023968844285e-05	3.92434822481944e-06	3.32694581525499e-07	3.05902320501826e-07	2.03934880334551e-07	1.359565868897e-07	9.06377245931337e-08	9.06377245931335e-08	9.06377245931335e-08	9.06377245931335e-08	9.06377245931335e-08	9.06377245931335e-08	9.06377245931335e-08	6.04251497287556e-08	4.02834331525039e-08	2.68556221016693e-08	1.79037480677795e-08	1.79037480677795e-08	1.79037480677795e-08	1.79037480677795e-08	1.79037480677795e-08	1.79037480677795e-08	1.79037480677795e-08	1.79037480677795e-08	1.79037480677795e-08	1.79037480677795e-08	1.79037480677795e-08	1.19358320451863e-08	7.95722136345756e-09
0.00103770641640367	0.00156388244231017	0.00368944480616389	0.00686603666998988	0.00972893523878898	0.0112561076855353	0.0119669580474871	0.0133148963225831	0.0158354068101574	0.0189688025144021	0.0227368509536671	0.0279314016774607	0.0358048252392275	0.0478670556586335	0.0626482188004462	0.0744957340455659	0.0784373113336248	0.0739191294571707	0.0646254693801431	0.0562635415902522	0.0512274256885892	0.0466904906630535	0.0402623074393611	0.0329763537513861	0.0261619438611885	0.0197850741273623	0.0137489038720344	0.00845564740168269	0.00437227125010872	0.00176930453469997	0.000528538354332578	0.000110451952569132	1.62848035162301e-05	1.38822922824096e-06	3.05902320501826e-07	3.05902320501826e-07	2.03934880334551e-07	1.359565868897e-07	1.359565868897e-07	1.359565868897e-07	1.359565868897e-07	1.359565868897e-07	1.359565868897e-07	1.359565868897e-07	9.06377245931337e-08	6.04251497287558e-08	4.02834331525039e-08	2.68556221016693e-08	2.68556221016692e-08	2.68556221016692e-08	2.68556221016692e-08	2.68556221016692e-08	2.68556221016692e-08	2.68556221016692e-08	2.68556221016692e-08	2.68556221016692e-08	2.68556221016692e-08	2.68556221016692e-08	1.79037480677795e-08	1.19358320451863e-08
0.0018183380892203	0.00309224097080493	0.00756161663295049	0.0147721823420615	0.0222429658785766	0.0267952123046725	0.0270757272642676	0.0250538076653055	0.0246408527777571	0.0286829832361103	0.0379309425421916	0.052143533815377	0.0719321143846264	0.0986881965643086	0.130057884099582	0.157388017012324	0.170936548440547	0.166721231192127	0.148908948238906	0.126425573222663	0.105180970377223	0.0857064766362569	0.0685343048384794	0.0551649095921243	0.0450192266588679	0.0364083736681124	0.0280831988905677	0.0192937611297102	0.0108047154640273	0.00457167761158074	0.00139830402334506	0.000302397048601145	4.70526186350783e-05	4.84136531715417e-06	2.52113689507575e-07	3.40483255742783e-08	3.05902320501826e-07	2.03934880334551e-07	2.03934880334551e-07	2.03934880334551e-07	2.03934880334551e-07	2.03934880334551e-07	2.03934880334551e-07	2.03934880334551e-07	1.359565868897e-07	9.06377245931337e-08	6.04251497287558e-08	4.02834331525039e-08	4.02834331525038e-08	4.02834331525038e-08	4.02834331525038e-08	4.02834331525038e-08	4.02834331525038e-08	4.02834331525038e-08	4.02834331525038e-08	4.02834331525038e-08	4.02834331525038e-08	4.02834331525038e-08	2.68556221016692e-08	1.79037480677795e-08
0.00287682686795004	0.00430531418726584	0.0105400623019281	0.0215697432471466	0.0346697744015569	0.044804433262194	0.0478687943099029	0.0452936872503892	0.0439912739626358	0.0503460187825989	0.0672162519307589	0.0957833775006253	0.136100991411207	0.186275436936263	0.241029408706595	0.288942003537133	0.315679896609906	0.314900826347108	0.293143533250801	0.260707326813686	0.221855672669815	0.179280944876636	0.140940426681382	0.112738650956841	0.0919848962606614	0.0738516633831751	0.0560002642474173	0.0376317286863159	0.0206202519273044	0.00861865337225651	0.00267233347351123	0.000626903392751556	0.000120287829128939	1.92177198504109e-05	2.65925987039091e-06	3.53261843440843e-07	3.05902320501826e-07	3.05902320501826e-07	3.05902320501826e-07	3.05902320501826e-07	3.05902320501826e-07	3.05902320501826e-07	3.05902320501826e-07	3.05902320501826e-07	2.03934880334551e-07	1.359565868897e-07	9.06377245931337e-08	6.04251497287556e-08	6.04251497287557e-08	6.04251497287557e-08	6.04251497287557e-08	6.04251497287557e-08	6.04251497287557e-08	6.04251497287557e-08	6.04251497287557e-08	6.04251497287557e-08	6.04251497287557e-08	6.04251497287557e-08	4.02834331525038e-08	2.68556221016692e-08
0.00331148776613184	0.00456337176431756	0.0110345890817193	0.0229926517107996	0.0384629249931976	0.0530706356141767	0.0625639230247977	0.0678266384850135	0.0752047408006392	0.0905874877101365	0.119122314504539	0.166870582366056	0.233709202237169	0.311147042476708	0.389961569465712	0.458670122680941	0.501621553958925	0.513117041067608	0.504374255555635	0.483596913967508	0.441961410306444	0.374892994339639	0.300137465206085	0.237282355284278	0.187229309473936	0.142793362430828	0.101268851799652	0.0635652653166082	0.0331496699461129	0.0138026216344343	0.0046936784354899	0.00141946000442955	0.000399808362759346	9.44053351085684e-05	1.87040817638497e-05	6.71607597207128e-06	9.03947462635979e-06	1.23113946032491e-05	1.12272010616437e-05	6.85544950545514e-06	2.80285454025718e-06	7.67300304431206e-07	1.40646966151431e-07	1.72621765463634e-08	3.05902320501826e-07	2.03934880334551e-07	1.359565868897e-07	9.06377245931335e-08	9.06377245931335e-08	9.06377245931335e-08	9.06377245931335e-08	9.06377245931335e-08	9.06377245931335e-08	9.06377245931335e-08	9.06377245931335e-08	9.06377245931335e-08	9.06377245931335e-08	9.06377245931335e-08	6.04251497287556e-08	4.02834331525039e-08
0.00269308248593343	0.00407013038035037	0.00971914679252571	0.0195893823954289	0.0324520963768264	0.0469149238053643	0.0626526709074616	0.0817190270981064	0.106828374242179	0.13882831573184	0.183545099332555	0.252426967727693	0.344573576592748	0.444320789568098	0.540675282002981	0.626867657299587	0.690625277609911	0.728074549535117	0.752946036970619	0.767925584820739	0.745059742419514	0.663766734331079	0.546763769712356	0.431532465685269	0.331075714338699	0.241937646714981	0.163699785631135	0.099125415916812	0.0517657092933377	0.0234476787431079	0.00988885829502819	0.00404680644636708	0.00148180377448929	0.000437632506626623	0.000116162084962959	6.32595879289443e-05	9.17007709341273e-05	0.000122190281436353	0.000111162390300782	6.78602997479475e-05	2.77447232454117e-05	7.59530481757024e-06	1.39222749348248e-06	1.70873766017249e-07	3.05902320501826e-07	2.03934880334551e-07	1.359565868897e-07	1.359565868897e-07	1.359565868897e-07	1.359565868897e-07	1.359565868897e-07	1.359565868897e-07	1.359565868897e-07	1.359565868897e-07	1.359565868897e-07	1.359565868897e-07	1.359565868897e-07	1.359565868897e-07	9.06377245931337e-08	6.04251497287558e-08
0.00158017958596248	0.00301735171153514	0.00720280415226597	0.0138000626562285	0.0222708675363468	0.0341712386332965	0.0535359843368022	0.0842741212976752	0.125999155157135	0.174938313666563	0.236465369001779	0.323951079720219	0.433798275553386	0.545439128736296	0.649514681088972	0.747831998618355	0.835555055999052	0.909050891659159	0.976745644954177	1.03270263338374	1.03657225540142	0.956109617063671	0.812466347259235	0.65246153727403	0.499699829961401	0.359473241227672	0.239826651408406	0.147010053026964	0.0820228342760395	0.0426693146348454	0.0216360658239897	0.0104338650491133	0.00440666630241949	0.00156974646861875	0.000548498681482711	0.000383387734492439	0.000570485545222695	0.000752095368164216	0.000682593855136213	0.000416224599994959	0.000170040925922383	4.65227879784378e-05	8.52398314354429e-06	1.04486124842216e-06	3.05902320501826e-07	2.03934880334551e-07	2.03934880334551e-07	2.03934880334551e-07	2.03934880334551e-07	2.03934880334551e-07	2.03934880334551e-07	2.03934880334551e-07	2.03934880334551e-07	2.03934880334551e-07	2.03934880334551e-07	2.03934880334551e-07	2.03934880334551e-07	2.03934880334551e-07	1.359565868897e-07	9.06377245931337e-08
0.000678728139956982	0.00165928078579515	0.00402722251906344	0.00768870479950029	0.013114751613564	0.0234911392857928	0.0446105293488268	0.0808621460590914	0.130677121302406	0.189515332719374	0.262612074503692	0.361087776214074	0.477928793334618	0.591933141821684	0.696813763883768	0.802211695610694	0.912714742126782	1.02415305026197	1.13132956422553	1.21530152902573	1.23432434222336	1.16022154840466	1.01481352102071	0.841186353140951	0.658826496302545	0.478248085122941	0.322248110917163	0.205105770150321	0.123903484002502	0.0716139560308734	0.0404517592935343	0.022182043890346	0.0113349417109011	0.00517407383636702	0.00225000312905225	0.00159752403465701	0.00223016037260012	0.00288242242353931	0.0026025040371945	0.00158284464278453	0.000645511716654145	0.000176385344666045	3.2286949513121e-05	3.94680116305665e-06	3.05902320501826e-07	2.03934880334551e-07	3.05902320501826e-07	3.05902320501826e-07	3.05902320501826e-07	3.05902320501826e-07	3.05902320501826e-07	3.05902320501826e-07	3.05902320501826e-07	3.05902320501826e-07	3.05902320501826e-07	3.05902320501826e-07	3.05902320501826e-07	3.05902320501826e-07	2.03934880334551e-07	1.359565868897e-07
0.000209230032439189	0.000617015975604901	0.00157311685170001	0.00334241800249217	0.00722652661230683	0.0169739654501164	0.0382716423829316	0.0746573736589652	0.124375129252848	0.184910394960481	0.261682874185922	0.360924616628385	0.473597659099239	0.584037274489914	0.690187008273102	0.802788031218641	0.931299099296764	1.07247021265839	1.20710116837329	1.30151072632576	1.31836379549745	1.24615756593236	1.11452430305875	0.956365848060582	0.774704393739091	0.577784479831034	0.401453814065214	0.268659382797074	0.173820811104085	0.108298480712619	0.067708193016078	0.0439654232332503	0.0277854147256586	0.0152178887289769	0.00721334002404399	0.00459447032800602	0.00564577273252587	0.00701972500141551	0.00625160250060162	0.0037725889641491	0.00153012460808941	0.000416433752195039	7.59995303184096e-05	9.20948333675501e-06	3.05902320501826e-07	3.05902320501826e-07	9.33556532515807e-08	6.68094568211288e-07	3.2013668737498e-06	1.02714827230719e-05	2.20663763298453e-05	3.17416200247388e-05	3.05722458722969e-05	1.97163167305906e-05	8.51381905986089e-06	2.46163259171174e-06	4.76565103350195e-07	6.17762340461053e-08	3.05902320501826e-07	2.03934880334551e-07
4.41917875057145e-05	0.000151592740297762	0.000456487336990511	0.00136305061446062	0.00444971023978411	0.0134112677480676	0.0332095496313344	0.0661762146322177	0.110718312482512	0.1668514632132	0.239875605473169	0.330913652448367	0.431237198916547	0.535449481519934	0.646884636108775	0.769713203208739	0.909044196491079	1.06225861280499	1.20330160491882	1.29154534492984	1.29855793725893	1.23068561447133	1.12367713533572	0.996777747857227	0.835959528432412	0.646517772066156	0.470987422093919	0.335753728233752	0.233922385068649	0.159085295805618	0.112230849776109	0.0842401038753793	0.0599921424121219	0.035428456308665	0.0172618452971408	0.00982810081954249	0.0100583491487972	0.0114997464287713	0.0098539731055949	0.00580820137976525	0.00231886858946001	0.000629586920790864	0.000125268415886418	2.89142086257282e-05	1.29233057184709e-05	7.15035632653362e-06	3.41259213215227e-06	6.12171315124124e-06	2.62943684740808e-05	8.40265962426303e-05	0.000180489487595914	0.00025962707460856	0.000250062307905262	0.00016126743470653	6.96378425088426e-05	2.01346518561151e-05	3.89801161840212e-06	5.05291882179415e-07	3.05902320501826e-07	2.03934880334551e-07
6.36881963636808e-06	3.15283809029885e-05	0.000156057395363869	0.000775890745310692	0.00336495918936376	0.011190975583854	0.0283417061285634	0.0563251773971463	0.0937822783644315	0.14177047344014	0.20486256682171	0.282432937851207	0.369495699567497	0.468968068676562	0.585362798681172	0.714281462744376	0.853540616474156	0.998048207733745	1.12161704095742	1.19211073675814	1.197288341027	1.15336345504447	1.08931235356411	1.00444421232856	0.87108884434515	0.697308121801261	0.532467881339006	0.404434294784967	0.304659343933003	0.226974565844659	0.175021103004323	0.13949167035624	0.102629994440222	0.0624460518946952	0.0316982864645926	0.0174926567275188	0.0148013853396744	0.0144686354551206	0.0112942549706024	0.00626167773927401	0.00240756992880671	0.0006843519478021	0.000229137561345417	0.00016009954977341	0.000122527761505922	6.77935795798491e-05	2.89737667474379e-05	3.38411945843881e-05	0.000133341119396425	0.000424615689936583	0.000911960855466986	0.00131182005232627	0.00126349206967605	0.000814837416144687	0.000351859752460602	0.000101734536320155	1.96955183234656e-05	2.55309283255616e-06	3.05902320501826e-07	2.03934880334551e-07
5.48065390042898e-06	3.07646003825568e-05	0.000144822530859522	0.000657786328356472	0.00267830416106597	0.00875643935382566	0.0223017750884797	0.0449910246097064	0.0759643894708052	0.115342392661067	0.166164469059795	0.230432644692781	0.310084818894273	0.409474348365851	0.525565788994465	0.647848974392435	0.772655924696939	0.893031874104477	0.987840115267279	1.043188038343	1.06240644034833	1.05949565259833	1.0484736773796	1.01111678605073	0.908770304692857	0.750124526822888	0.591691468523811	0.467896214435496	0.37175767247229	0.293615198253516	0.234807285808418	0.188004222063424	0.1384729561465	0.0868397079736139	0.0477230226676904	0.0280018224154942	0.0210010613918305	0.016894655226109	0.0112747954054053	0.00557020903101441	0.00205444938353107	0.000841931921922685	0.000779522750359655	0.000874951832728986	0.000717627006655385	0.000397056985179553	0.0001591405225059	0.000122669818886798	0.000419020907542534	0.00132564386719258	0.002846452077454	0.00409451007771364	0.00394366666619085	0.00254330615406141	0.00109824003668564	0.000317538280860792	6.14745125432542e-05	7.96882492663686e-06	3.05902320501826e-07	2.03934880334551e-07
2.76401661743898e-05	0.000127572798139133	0.000411623794472894	0.00105027179030941	0.00254482485691583	0.00654986921523908	0.0162289746502513	0.0343891207028227	0.0610737910159196	0.0946383479442868	0.135963698174138	0.190827431173256	0.268248330574114	0.370199485760616	0.482513602270425	0.590061628296639	0.691727557631161	0.783582832971642	0.854366988562337	0.905865946686615	0.94608229026683	0.978294605380406	1.00585912908978	1.00737609304573	0.938567094880297	0.798429396023712	0.642044666594448	0.513787286415182	0.415535374816721	0.335648558307367	0.270202952728366	0.21390589604459	0.15767401802283	0.103536159326541	0.0633983678316834	0.0413079723678998	0.0297849279945439	0.0205692841642427	0.0116090226014821	0.0050005245467341	0.0019732832162016	0.00170134712005505	0.0026028646414773	0.00315364296847844	0.00260145793858257	0.00143839623257091	0.000555867802966225	0.000298255732113311	0.000818166730052389	0.00255712188888352	0.00548826343907122	0.00789465248279331	0.00760381028416907	0.00490376574060754	0.00211752401820067	0.000612247699920032	0.000118529422047268	1.53647450605735e-05	3.05902320501826e-07	2.03934880334551e-07
9.53316740133983e-05	0.000427903578103084	0.00129499502152153	0.00272185497095551	0.00437296473891524	0.00701684935186662	0.0142367919866179	0.0305293383172805	0.056572678817486	0.0884753523181786	0.124249075748153	0.171012471592439	0.242014286217037	0.339350551909062	0.444843196409804	0.540655337936849	0.624588918248029	0.695088643656851	0.750151144258768	0.800797586906828	0.854346050532211	0.903988119151816	0.946411527420949	0.965727061227424	0.921655838773665	0.803588511823542	0.656181098091763	0.52653137375129	0.426337221729599	0.34672975906204	0.280096401623982	0.221787400917361	0.167054583374304	0.117914213281561	0.0819428672433317	0.0596553187706272	0.0432780573025061	0.0273996294378199	0.0136238657884058	0.00525740861329804	0.00247888217444077	0.00343476982834442	0.00584511509127039	0.00712147019980735	0.00585541638677613	0.00322958152266353	0.00122168150182479	0.00049370969544957	0.000997447879355092	0.00304823705207716	0.00653686350210458	0.00940302269551847	0.00905661152663689	0.00584069034741397	0.00252210296081346	0.000729225134377301	0.00014117592231277	1.83003681074394e-05	3.05902320501826e-07	2.03934880334551e-07
0.000203112748327327	0.000908898056654862	0.00273279330318196	0.00558643007935801	0.00820649486106714	0.0106816622241931	0.0176657045301313	0.0353810436458943	0.0640114636214815	0.0966722219055653	0.12848525060163	0.165308007526865	0.220086651426518	0.297370816640309	0.385584929708806	0.470291584420671	0.545037449496855	0.6053444040416	0.652060632579673	0.698986369010349	0.753467621589076	0.803959873132591	0.840757931298783	0.853468578410994	0.817130586802831	0.724585129580871	0.605983134895454	0.494629453947211	0.403088144971791	0.329848507335051	0.270453987914053	0.220941832056259	0.177003563482617	0.13847278265169	0.108821281996489	0.0859190137522693	0.0627540468810012	0.0379528118639008	0.0176246413495705	0.00649374455390896	0.00344898766722637	0.00524759182111078	0.00870089011024603	0.0103273314401611	0.00834561025634655	0.0045523086832583	0.0016913158204461	0.000557632876679758	0.00076592415900922	0.00224629419049118	0.00480958137641415	0.00691839485768747	0.00666351838582932	0.00429736302605676	0.00185566968406515	0.000536536769413188	0.000103872000162613	1.34647311516794e-05	3.05902320501826e-07	2.03934880334551e-07
0.000267325593652297	0.00119583778852308	0.00359527164266778	0.00733439542772755	0.0106952258785708	0.0135786659180389	0.0214104535131679	0.0409509803970594	0.0710174875200548	0.102851468457236	0.131161914947431	0.160001269155905	0.197064068381367	0.246310524831175	0.306329346350365	0.371823098715192	0.435245783387665	0.489493573621757	0.534591921291455	0.580166958574783	0.629559714999015	0.669242876225151	0.686804711210174	0.678312969421057	0.639933179390963	0.576740049576417	0.502757938430051	0.426205255610762	0.352675878452356	0.290266245034349	0.243746509741761	0.210658326539998	0.183488603151619	0.157906142943329	0.134175487218691	0.1092945638539	0.0788305195435227	0.046279420705189	0.0212318895150404	0.00849575980235272	0.00534397730775804	0.00718584384177989	0.0101399314522869	0.0108341812004733	0.00817000477136806	0.00425481982011573	0.00152313150203411	0.000431849845551425	0.000376743916358715	0.00102395547670019	0.00218599181710268	0.0031444638031399	0.00302862048160132	0.00195318462769904	0.00084341617848585	0.000243860098357746	4.7210624919471e-05	6.11982412053574e-06	3.05902320501826e-07	2.03934880334551e-07
0.000217343817601909	0.000972216467741245	0.00292518810602657	0.00598432387999802	0.00883030624200173	0.0116353899173953	0.0191889177691228	0.0369308201107561	0.0630359286011482	0.0901469167965213	0.115285010037029	0.140762925213218	0.167127134721374	0.194659528620167	0.228072217528734	0.269713305260807	0.314963924622137	0.360164649869802	0.407080742590478	0.45749608188702	0.50446087512796	0.532499786134318	0.532514095649108	0.508249016144776	0.470976444177792	0.433237999029076	0.395711647526363	0.348254839348273	0.291474426154359	0.240059520723125	0.205814580789838	0.18719312599191	0.173153579284886	0.156019672749564	0.13515006849783	0.10918755171002	0.0771534617531217	0.0452210725999909	0.0225413909888367	0.0119994867618993	0.00996200939787402	0.0115824883233642	0.0127863335784507	0.0110692707996011	0.00702569072428237	0.00318844516598847	0.00102286452635436	0.000246668037034632	0.000123936092042477	0.000289071156723442	0.00061375236757782	0.000882858796103726	0.000850333920069828	0.000548388004103209	0.000236802659712249	6.84676454659374e-05	1.32551423991871e-05	1.71823906830399e-06	3.05902320501826e-07	2.03934880334551e-07
0.000109158469065708	0.000488282477812963	0.00147066237635476	0.00302562328580117	0.00457348320924185	0.00651557153357272	0.0119261560792375	0.0241230046514173	0.04197844149006	0.0615638967916948	0.082332974262678	0.105036513124884	0.126141281960754	0.143625262055016	0.162429199639131	0.185784881367283	0.21267232798872	0.247351864062899	0.296009032611041	0.353116933121252	0.400989093035615	0.423733032073897	0.418910607906043	0.395041970984878	0.365337784389331	0.339759820227289	0.313547967483024	0.275513064670733	0.228458039644834	0.187676167193727	0.164127557288531	0.154571952353413	0.14602747382889	0.130489723019202	0.109504669782055	0.0853754098223208	0.0596679116896705	0.0372372846502159	0.0230411275272577	0.0174338286246408	0.0173218475981031	0.0187659143644833	0.0178614647411134	0.0130947779315596	0.00695528540424844	0.00262037484357593	0.000696451399678712	0.000134323883291255	3.19051288488778e-05	5.06503064186304e-05	0.000106448911000705	0.000153122598587318	0.000147481499966542	9.51121477103465e-05	4.10709376941722e-05	1.18749950039211e-05	2.29896542659581e-06	2.98010545167688e-07	3.05902320501826e-07	2.03934880334551e-07
3.3866551393981e-05	0.000151490248728929	0.000456869551279295	0.000949641554241173	0.00150052093061872	0.00244665100923204	0.00526856681621819	0.011619524018647	0.0213812990993479	0.0335759059150394	0.0490099094957491	0.0677293657794	0.0861226006222185	0.102266447091133	0.118084105070758	0.133163971803445	0.148279807656102	0.173603883340534	0.218316921433837	0.27411744461745	0.320201978165731	0.342636991704309	0.342252866000004	0.326823024736404	0.304324706394822	0.278725326814513	0.246606892105718	0.205863096580673	0.164925443942652	0.136130901199327	0.12423115599381	0.121798869308856	0.115446299422828	0.099688477805327	0.0794795622695938	0.0597330497764295	0.0423681075648237	0.0295722054059393	0.0227228418055233	0.0210175775725631	0.0224555919804124	0.0238522173376786	0.0214188618199533	0.0145387652284316	0.00703562940121191	0.00236938836461398	0.000549384340862022	8.87385774089592e-05	9.57475826957568e-06	5.52999630865021e-06	1.14049309213087e-05	1.64055474401996e-05	1.58011604203097e-05	1.01903106778296e-05	4.40033817980822e-06	1.27228636194982e-06	2.46311039110852e-07	3.19288346823626e-08	3.05902320501826e-07	2.03934880334551e-07
6.49064576731598e-06	2.9033648282146e-05	8.7702800986287e-05	0.000186224928201995	0.000321304349593607	0.000654849754692251	0.00174987582470508	0.00434733385572234	0.00896114008239248	0.0164134636801711	0.0282590792131564	0.0443311925332081	0.0618993853748905	0.0798038965388697	0.0978448577105199	0.112620243692034	0.123723051407214	0.140358990372787	0.171682333277549	0.214005003230596	0.253428627116748	0.277340404021752	0.281182353602522	0.268546096644065	0.246485566560458	0.218131144168285	0.182581619586178	0.143577771465873	0.111540143958728	0.0948556017385792	0.0923837774192238	0.0938538400907615	0.0882444764035511	0.0740747977986441	0.0579503616217717	0.0439891404025051	0.0322840938022774	0.0235448202181358	0.0189444048559081	0.0185161186048129	0.0209923872067443	0.0230157558484831	0.0205317268138858	0.0134774225203402	0.00620682870032086	0.00196852705349626	0.000428379698820526	6.7461632782715e-05	7.01580882857595e-06	1.62545977036704e-06	4.94150082676608e-07	1.02316287700959e-07	1.41850497672488e-08	3.05902320501826e-07	3.05902320501826e-07	3.05902320501826e-07	3.05902320501826e-07	3.05902320501826e-07	2.03934880334551e-07	1.359565868897e-07
7.68436940865195e-07	3.43733561619311e-06	1.04042781544872e-05	2.3219721773337e-05	4.78562123175588e-05	0.000133584543161061	0.000466500179554498	0.00141059586495343	0.00378146194386602	0.00929276731497612	0.0197767515352431	0.0345152967665975	0.0506518503013381	0.067607897792585	0.0859743819606718	0.102847361186589	0.115262088518757	0.125962790906949	0.14119690086164	0.164995807208535	0.194708235377083	0.218392770577323	0.222228282825991	0.205140044755477	0.178448530131515	0.150466338181711	0.122264776812403	0.0960284196861645	0.0775513406506935	0.0704378932149595	0.0710578025809159	0.070741446811376	0.0636451575022335	0.0517821930702094	0.0409672472770089	0.0327729808611516	0.0249630400272003	0.0174487685295845	0.0126560463159715	0.0122153500111576	0.015345166522624	0.018335749272823	0.0168818602633238	0.0110262113895195	0.00496054373503019	0.00154361114584173	0.000366481351937639	0.000101503637084992	4.13911597777319e-05	1.85892411718631e-05	5.74840524026894e-06	1.1902365394725e-06	1.65013459016039e-07	3.05902320501826e-07	2.03934880334551e-07	2.03934880334551e-07	2.03934880334551e-07	2.03934880334551e-07	1.359565868897e-07	9.06377245931337e-08
3.05902320501826e-07	3.05902320501826e-07	9.89886709173439e-09	4.09502172657217e-07	3.37560048750463e-06	1.90149514949273e-05	0.000117528515086526	0.000527467965772766	0.00207421229270399	0.0065255234132527	0.015442760635231	0.0276167316260976	0.0399373164623893	0.0519778118025658	0.0658480337638702	0.0814025053969011	0.0952563421054571	0.104387683409212	0.110263302245368	0.120088761342686	0.139361574605437	0.159703197843089	0.163414929750726	0.145100711000239	0.117172788876225	0.0926514986898628	0.0752880646648056	0.064125437065133	0.0581803894387434	0.0564631945882922	0.0556625132444239	0.0513365793057391	0.0425886066252138	0.0328040438812275	0.0258164374387798	0.0215635536767783	0.0169954801535223	0.0113548261189398	0.00718234740521609	0.00672809101151913	0.0096312891801131	0.0126692631421917	0.0121375951600862	0.00802389277137237	0.00367624385923722	0.00133315900958518	0.000622359734682605	0.000448520376603846	0.000289489173429346	0.000133583728181845	4.13084856985703e-05	8.55313204509141e-06	1.18579950906814e-06	3.05902320501826e-07	2.03934880334551e-07	1.359565868897e-07	1.359565868897e-07	1.359565868897e-07	9.06377245931337e-08	6.04251497287558e-08
2.03934880334551e-07	2.03934880334551e-07	3.05902320501826e-07	4.06101041838666e-08	3.57994943781743e-07	2.11641241609686e-06	3.89537025061334e-05	0.000249659796336472	0.00120097649494956	0.00409028788559048	0.00992954616994849	0.0178258178469719	0.0255038990989849	0.032306553465965	0.0400046863864936	0.0503970725069089	0.0624589563526323	0.0720272118354736	0.0762401549829923	0.0794683734944971	0.0897712752722001	0.105188785780857	0.111791039002936	0.10131029710507	0.0807783525595082	0.0616795967648733	0.0498936689147899	0.0452395544524813	0.0441556803430477	0.0432428438201196	0.0403037837366449	0.0343158779682476	0.0266127597956656	0.0195991825534777	0.0148339306038682	0.012038979385036	0.00937930158588676	0.00609783720538904	0.00357873427266246	0.00328839782620704	0.00508308734516261	0.00702407524556216	0.00688320664722754	0.00469041095168628	0.00253442997463543	0.00177935704559794	0.00192827701346697	0.00187783339562259	0.00128402689576005	0.000592992024062362	0.00018337265233383	3.79682402379657e-05	5.26388700618732e-06	3.05902320501826e-07	2.03934880334551e-07	1.359565868897e-07	9.06377245931335e-08	9.06377245931335e-08	6.04251497287556e-08	4.02834331525039e-08
1.359565868897e-07	2.03934880334551e-07	3.05902320501826e-07	3.29893378481995e-09	2.90814721747376e-08	1.71656148651608e-07	1.44140091837897e-05	0.000102866122387669	0.000520972519580142	0.00180933090403286	0.00447632726606986	0.00826313258771698	0.0121841498502411	0.0155665978331407	0.0190725516012702	0.0248346940190796	0.0341351490884044	0.0441282276283851	0.0494963622082826	0.0501627424362941	0.0532408349364122	0.0623852738355829	0.0709719430656687	0.0712730442668445	0.0630633353023046	0.050731980817483	0.0396027681425217	0.033243071936688	0.0304348756443966	0.0279397800654331	0.0244208831528297	0.0203377405027988	0.0166674408849006	0.0133637632367971	0.00995255101239737	0.00688297136390208	0.0045829672667944	0.00293975482365323	0.00199385694532171	0.00190768764383241	0.00252605773766177	0.00315490601883138	0.00300646706741412	0.00230021641363195	0.00223136672468473	0.00346602035984674	0.00500416347490292	0.00511125301176973	0.00352097004498745	0.00162610107854857	0.000502843977046467	0.00010411640274449	1.44346163030665e-05	3.05902320501826e-07	2.03934880334551e-07	1.359565868897e-07	9.06377245931335e-08	6.04251497287556e-08	4.02834331525038e-08	2.68556221016692e-08
9.06377245931337e-08	1.359565868897e-07	2.03934880334551e-07	3.05902320501826e-07	3.05902320501826e-07	3.05902320501826e-07	3.90333852012934e-06	2.84964384741839e-05	0.000148254730149196	0.000525366361498143	0.00135021369400323	0.0026477499115691	0.00418885205524237	0.0056519054062236	0.00737684127138211	0.0112123899354372	0.018996479575224	0.0287261530790274	0.0345482928370641	0.0340292608141404	0.032313117725588	0.0350060401744803	0.0412522094418272	0.0467523736101904	0.0475727642752619	0.0413788914903022	0.0309316538056383	0.0222454648831042	0.017284261350646	0.0141390623181287	0.011904498655446	0.0111885780099325	0.0118187535298632	0.0116484501334287	0.00906468604762155	0.00547621684040941	0.00319528498640002	0.00273931825946132	0.00314474699586186	0.00341647300259005	0.003279071471492	0.00281800296087263	0.00211969564234687	0.00175298288275188	0.00277749537619308	0.00556173650442009	0.00841344740671916	0.00864958975460976	0.00596436331316561	0.00275454338856909	0.000851795482290348	0.000176368586556389	2.44516023196008e-05	3.05902320501826e-07	2.03934880334551e-07	1.359565868897e-07	9.06377245931335e-08	6.04251497287557e-08	4.02834331525038e-08	2.68556221016692e-08
6.04251497287558e-08	9.06377245931337e-08	1.359565868897e-07	2.03934880334551e-07	2.03934880334551e-07	3.05902320501826e-07	6.93734756207377e-07	5.03377250129575e-06	2.70299773995824e-05	9.901110410283e-05	0.000270601723333844	0.000578055691655408	0.00101357796735294	0.00156191888325339	0.00266139551067971	0.005757717457626	0.0122012410353245	0.0202919543835338	0.0252516601591512	0.0248498243498812	0.022370011889724	0.0217865193568543	0.0240383508643202	0.0282877655376788	0.0313025087943944	0.0284988827133117	0.0203633392218652	0.0124098784676767	0.00771210086976764	0.00543536622107306	0.00478078965567612	0.00597736420936115	0.00833827113893469	0.00940498587914606	0.00762831998878005	0.00474738573417966	0.00359397533895387	0.00490381930038704	0.00706064076523538	0.00814533130434095	0.00770577039115801	0.00619383374316269	0.00413333302961347	0.00264330440941476	0.00313352196404932	0.00585865400970198	0.00880755172225051	0.0090511361536621	0.00624122103885186	0.00288240558907923	0.000891334683307189	0.000184555379210136	2.55866128231773e-05	3.05902320501826e-07	2.03934880334551e-07	1.359565868897e-07	9.06377245931335e-08	6.04251497287557e-08	4.02834331525038e-08	2.68556221016692e-08
4.02834331525039e-08	6.04251497287558e-08	9.06377245931337e-08	1.359565868897e-07	2.03934880334551e-07	3.05902320501826e-07	7.68604782649644e-08	5.54701776704536e-07	3.14367543900396e-06	1.21245660622307e-05	3.59477023620519e-05	8.43602179581272e-05	0.000175357150692653	0.00037754490855225	0.00106318612210375	0.00314396586583469	0.00733647011988642	0.0124593963395717	0.0157525373292961	0.0162834652906697	0.0157690690630032	0.015399005837617	0.0154406877019183	0.016803331096999	0.0184400557925276	0.0168263465925769	0.0114837721515028	0.00600874876399695	0.00284934865749925	0.00165617496380366	0.00170115083858447	0.00285295317954658	0.00456192387949425	0.00536884767005006	0.00449035791299957	0.00327828401371033	0.00391966942062235	0.00704293579551605	0.0108667935442021	0.0130560868315415	0.0129351443284877	0.010792783279351	0.00720437461369302	0.00390529922187418	0.0027682747147734	0.00396296595194975	0.00572644762780033	0.00585734982449451	0.00403577150327774	0.00186353577678199	0.000576217460504118	0.0001193036888064	1.65394729039898e-05	3.05902320501826e-07	2.03934880334551e-07	1.359565868897e-07	9.06377245931335e-08	6.04251497287557e-08	4.02834331525038e-08	2.68556221016692e-08
2.68556221016693e-08	4.02834331525039e-08	6.04251497287558e-08	9.06377245931337e-08	1.359565868897e-07	2.03934880334551e-07	3.05902320501826e-07	3.05902320501826e-07	5.1539070500637e-08	3.82218864750187e-07	1.89796343774512e-06	6.31049973721199e-06	2.38925336423446e-05	9.72276276971349e-05	0.000409564318643986	0.00136494704005947	0.00324302811303707	0.00551291116738254	0.00716024722879245	0.00812684279426941	0.00901779977222547	0.00947038343378434	0.00912471251335184	0.00904150003262499	0.00939227100675815	0.00839440574702462	0.00554543486899034	0.00264091768689907	0.00105565627462723	0.000676556934502586	0.000998757781810764	0.0016665046611102	0.00226491992971326	0.00233878028696036	0.00188867364933183	0.00176369244362549	0.00318829253108259	0.00654693025718717	0.0104896936073563	0.013122404920202	0.0136772257488428	0.0119069314719629	0.00810072889092802	0.00416517166048175	0.00205686514456601	0.00187994620075661	0.00239414141356201	0.00238161868891868	0.00162512445230662	0.00074725816081426	0.000230571892813471	4.76890203552771e-05	6.60440847872417e-06	3.05902320501826e-07	2.03934880334551e-07	1.359565868897e-07	9.06377245931335e-08	6.04251497287557e-08	4.02834331525038e-08	2.68556221016692e-08
1.79037480677795e-08	2.68556221016693e-08	4.02834331525039e-08	6.04251497287558e-08	9.06377245931337e-08	1.359565868897e-07	2.03934880334551e-07	2.03934880334551e-07	3.05902320501826e-07	3.05902320501826e-07	3.05902320501826e-07	3.05902320501826e-07	3.00641271298091e-06	2.29979755523171e-05	0.000116217551822975	0.000400303960366363	0.000950570170416968	0.00162500347059108	0.00221909554351946	0.00285210495823806	0.00363219311431376	0.00408871384041919	0.00390669187908825	0.00364684546458318	0.00360334865275208	0.00315344443668278	0.0020572098419709	0.00100009730682906	0.000634603716964822	0.00111863943021459	0.00218978326008521	0.00307047401516142	0.00298045240532396	0.00204928563653161	0.00110928608046468	0.000878024310304522	0.00177182599105807	0.00382213155966278	0.00630782673106274	0.00823782204400632	0.00903932286527752	0.00821068643076102	0.00578942953839442	0.00316812432610211	0.00168140884980541	0.00124350206213233	0.00110193969136827	0.000840907402714116	0.000487147306569979	0.000204168555080921	5.99306905622863e-05	1.20784942852646e-05	1.62910689396169e-06	3.05902320501826e-07	2.03934880334551e-07	1.359565868897e-07	9.06377245931335e-08	6.04251497287557e-08	4.02834331525038e-08	2.68556221016692e-08
1.19358320451864e-08	1.79037480677795e-08	2.68556221016693e-08	4.02834331525039e-08	6.04251497287558e-08	9.06377245931337e-08	1.359565868897e-07	1.359565868897e-07	2.03934880334551e-07	2.03934880334551e-07	2.03934880334551e-07	3.05902320501826e-07	5.71449052561163e-07	4.3302695754456e-06	2.17516457860377e-05	7.45372644065288e-05	0.00017664780776354	0.00030812551152268	0.000456301320143491	0.000677071579154004	0.000970544654635393	0.0011528732183541	0.00110822494944023	0.00100231577500329	0.000950383685587172	0.000813403455943649	0.00054357616516361	0.000400680301544562	0.000848902671330384	0.0023954170613456	0.00487150754870507	0.00667329239712812	0.00613485921979958	0.00379566393565063	0.00161699384899619	0.000629234339374569	0.000687424980089438	0.0013965669032553	0.0023622073095894	0.00323228735565928	0.00374702339995273	0.00362823732126917	0.00298009158749319	0.00256013903166127	0.0027172310248453	0.00275758091768726	0.002097482792524	0.00111404294327916	0.000412527174399167	0.000108913513348331	2.11130739749558e-05	3.07583859756951e-06	2.48238209793009e-07	3.05902320501826e-07	2.03934880334551e-07	1.359565868897e-07	9.06377245931335e-08	6.04251497287557e-08	4.02834331525038e-08	2.68556221016692e-08
7.95722136345758e-09	1.19358320451864e-08	1.79037480677795e-08	2.68556221016693e-08	4.02834331525039e-08	6.04251497287556e-08	9.06377245931335e-08	9.06377245931337e-08	1.359565868897e-07	1.359565868897e-07	2.03934880334551e-07	3.05902320501826e-07	6.78019382306342e-08	5.1055913291636e-07	2.55502689882855e-06	8.74991062654619e-06	2.08688783551321e-05	3.79957504527791e-05	6.37382794211292e-05	0.000114492649688528	0.000199354926714013	0.000295234461383083	0.000364923612648414	0.000381822398931564	0.000331553790324766	0.000231899038260688	0.0001552882733693	0.000289897728862298	0.00112490259860271	0.00339619764053144	0.0069332281517712	0.00948351257340354	0.00868702532629053	0.00533046766277297	0.00219835869132245	0.000643480963705223	0.000245055039825753	0.000326841097643193	0.000551245980126506	0.000797838432823977	0.00101503165515693	0.00125785788943013	0.00192729138895545	0.00356139246988154	0.00563463017807896	0.0063466686683916	0.00485057097223235	0.00249074660887241	0.000858233915724757	0.00019870154554625	3.10070653897969e-05	3.28172903862542e-06	2.33663605433992e-08	3.05902320501826e-07	2.03934880334551e-07	1.359565868897e-07	9.06377245931335e-08	6.04251497287557e-08	4.02834331525038e-08	2.68556221016692e-08
5.30481424230506e-09	7.95722136345758e-09	1.19358320451864e-08	1.79037480677795e-08	2.68556221016692e-08	4.02834331525038e-08	6.04251497287557e-08	6.04251497287556e-08	9.06377245931335e-08	9.06377245931337e-08	1.359565868897e-07	2.03934880334551e-07	3.05902320501826e-07	3.05902320501826e-07	3.05902320501826e-07	1.44103209188164e-08	1.31932369501828e-07	1.58237363172719e-06	1.04483871756219e-05	5.31379723026253e-05	0.000198725818967563	0.000524457801852983	0.000951791328218508	0.00117231829270892	0.000974612018043445	0.000549398122127068	0.000238476389300334	0.0002683128184865	0.000989512589096854	0.00299128612510091	0.00610795031250334	0.00835401808152286	0.00765063799974604	0.00469153152910121	0.00192732788333518	0.000535057198150031	0.000115890992813865	5.59560454986989e-05	8.02186284765633e-05	0.000131289609986242	0.000240440088592842	0.000649197552482658	0.00200404848427288	0.00488852697863564	0.00827786876222116	0.0094541347764438	0.00724035544085271	0.00371385661197006	0.00127560002851811	0.000293367621122939	4.51762341298115e-05	4.65809197056503e-06	3.05902320501826e-07	2.03934880334551e-07	1.359565868897e-07	9.06377245931337e-08	6.04251497287556e-08	4.02834331525038e-08	2.68556221016692e-08	1.79037480677795e-08
3.53654282820338e-09	5.30481424230506e-09	7.95722136345758e-09	1.19358320451863e-08	1.79037480677795e-08	2.68556221016692e-08	4.02834331525038e-08	4.02834331525038e-08	6.04251497287557e-08	6.04251497287558e-08	9.06377245931337e-08	1.359565868897e-07	2.03934880334551e-07	2.03934880334551e-07	2.03934880334551e-07	3.05902320501826e-07	3.05902320501826e-07	2.55096162960856e-06	2.35069043861265e-05	0.000145039783496332	0.000599209971804986	0.00165756706414426	0.00307017670861298	0.00380763950390675	0.00316190241683689	0.00175978398111727	0.000671744654310154	0.000280255015410471	0.000560717689929155	0.00163054883508576	0.00332448372776643	0.00454701373997596	0.00416417055421144	0.00255348425901163	0.00104851004535027	0.000288693825810686	5.46283323075519e-05	1.0373664922064e-05	7.28511360194707e-06	2.10540877691011e-05	9.59366512327327e-05	0.000474785748383702	0.00176177584711067	0.0044729342955618	0.00763560370678017	0.00873476277867174	0.00669160568213983	0.00343260653749239	0.00117901841561858	0.000271155393632266	4.17557312610142e-05	4.30540615565941e-06	3.05902320501826e-07	2.03934880334551e-07	1.359565868897e-07	9.06377245931335e-08	6.04251497287557e-08	4.02834331525038e-08	2.68556221016692e-08	1.79037480677795e-08
2.35769521880225e-09	3.53654282820338e-09	5.30481424230504e-09	7.95722136345756e-09	1.19358320451863e-08	1.79037480677795e-08	2.68556221016692e-08	2.68556221016692e-08	4.02834331525038e-08	4.02834331525039e-08	6.04251497287558e-08	9.06377245931337e-08	1.359565868897e-07	1.359565868897e-07	1.359565868897e-07	2.03934880334551e-07	3.05902320501826e-07	5.19633527460274e-06	4.78838078317497e-05	0.00029544754199944	0.00122059692205631	0.00337648128668805	0.0062539817710537	0.00775620112724223	0.00644082798924045	0.00358181838533054	0.00133908460858902	0.000371738088857557	0.000234849256691268	0.000553413464436744	0.00111778547282644	0.00152883464606461	0.00140011193707855	0.000858549200150477	0.00035250704819564	9.69104497724412e-05	1.78391271421172e-05	2.19875469451462e-06	3.05902320501826e-07	5.41825636580144e-06	4.60633503895983e-05	0.000262211468797456	0.000999419988037521	0.0025506129826331	0.00435854253113605	0.0049869865610291	0.00382063275674241	0.00195989398095525	0.000673178211314367	0.000154820230503223	2.38410597409248e-05	2.45823608558995e-06	3.05902320501826e-07	2.03934880334551e-07	1.359565868897e-07	9.06377245931335e-08	6.04251497287557e-08	4.02834331525038e-08	2.68556221016692e-08	1.79037480677795e-08
1.57179681253484e-09	2.35769521880224e-09	3.53654282820336e-09	5.30481424230504e-09	7.95722136345756e-09	1.19358320451863e-08	1.79037480677795e-08	1.79037480677795e-08	2.68556221016692e-08	2.68556221016693e-08	4.02834331525039e-08	6.04251497287556e-08	9.06377245931335e-08	9.06377245931335e-08	1.359565868897e-07	2.03934880334551e-07	3.05902320501826e-07	6.53873590431894e-06	6.02539206881539e-05	0.000371772287318817	0.00153592108614681	0.00424874806047152	0.00786961059868703	0.00975990734079317	0.00810472592725621	0.0045065329898659	0.00167893980274777	0.000426409054696924	0.000107064579844235	0.000121458460284517	0.000232164655774825	0.000317539794503422	0.000290804017246821	0.000178321139757411	7.32159072488214e-05	2.01283535699482e-05	3.70519649159554e-06	4.56682555995725e-07	3.05902320501826e-07	1.91105156668864e-06	1.62468203764937e-05	9.24835601009786e-05	0.000352501433113074	0.000899616520038248	0.00153728413169586	0.00175894011598696	0.00134756012314204	0.000691266379805962	0.000237433998788407	5.46060252751655e-05	8.40888497948962e-06	8.67034633560078e-07	3.05902320501826e-07	2.03934880334551e-07	1.359565868897e-07	9.06377245931335e-08	6.04251497287557e-08	4.02834331525038e-08	2.68556221016692e-08	1.79037480677795e-08
1.04786454168989e-09	1.57179681253483e-09	2.35769521880224e-09	3.53654282820336e-09	5.30481424230504e-09	7.95722136345753e-09	1.19358320451863e-08	1.19358320451863e-08	1.79037480677795e-08	1.79037480677795e-08	2.68556221016692e-08	4.02834331525038e-08	6.04251497287556e-08	9.06377245931335e-08	1.359565868897e-07	2.03934880334551e-07	3.05902320501826e-07	5.08269234794596e-06	4.683659748563e-05	0.000288986156893965	0.00119390268483711	0.00330263824251487	0.00611720830395384	0.00758657439046362	0.00629996822863807	0.00350294296484225	0.00130429412945149	0.000326149458279208	5.90439356159362e-05	2.06472411626994e-05	2.97877116846094e-05	4.07417046987206e-05	3.73113908900762e-05	2.28793598260562e-05	9.39391195690988e-06	2.58255327808822e-06	4.75392451353667e-07	5.85943121445028e-08	3.05902320501826e-07	4.16378844737394e-07	3.53984812180768e-06	2.01502662634958e-05	7.68028147676933e-05	0.000196007943401158	0.000334942605393828	0.000383236887074661	0.000293605644697645	0.000150612731569636	5.17319866403187e-05	1.18975301954679e-05	1.83212314849062e-06	1.88909020228377e-07	3.05902320501826e-07	2.03934880334551e-07	1.359565868897e-07	9.06377245931335e-08	6.04251497287557e-08	4.02834331525038e-08	2.68556221016692e-08	1.79037480677795e-08
6.98576361126592e-10	1.04786454168989e-09	1.57179681253483e-09	2.35769521880224e-09	3.53654282820335e-09	5.30481424230502e-09	7.95722136345754e-09	7.95722136345756e-09	1.19358320451863e-08	1.79037480677795e-08	2.68556221016692e-08	4.02834331525038e-08	6.04251497287557e-08	9.06377245931335e-08	1.359565868897e-07	2.03934880334551e-07	3.05902320501826e-07	2.44060357406765e-06	2.24899638607463e-05	0.000138765165996426	0.000573287336755681	0.00158585846766659	0.00293735670544362	0.00364291586127149	0.00302511423528131	0.00168203456329037	0.000626233207227572	0.00015618959245796	2.64352470222682e-05	4.06790209917711e-06	2.36092163924688e-06	3.22911586030671e-06	2.95723522086772e-06	1.81337782094087e-06	7.44544940244858e-07	2.04688630778467e-07	3.76787696020098e-08	4.64408212834349e-09	3.05902320501826e-07	5.60413127159661e-08	4.76435674070724e-07	2.71206711689388e-06	1.03370538975804e-05	2.63811252415706e-05	4.50806363676194e-05	5.15806662713373e-05	3.95170070661274e-05	2.0271287303809e-05	6.96271791271416e-06	1.60131384833536e-06	2.46589344286881e-07	2.54256661002126e-08	3.05902320501826e-07	2.03934880334551e-07	1.359565868897e-07	9.06377245931335e-08	6.04251497287557e-08	4.02834331525038e-08	2.68556221016692e-08	1.79037480677795e-08
4.65717574084395e-10	6.98576361126592e-10	1.04786454168989e-09	1.57179681253482e-09	2.35769521880224e-09	3.53654282820335e-09	5.30481424230502e-09	7.95722136345754e-09	1.19358320451863e-08	1.79037480677795e-08	2.68556221016692e-08	4.02834331525038e-08	6.04251497287557e-08	9.06377245931335e-08	1.359565868897e-07	2.03934880334551e-07	3.05902320501826e-07	7.23942472626529e-07	6.67107113159487e-06	4.11611285229966e-05	0.00017005098923324	0.000470404252668053	0.000871291552187996	0.00108057758507002	0.000897322573291684	0.0004989320687765	0.000185752399381554	4.63049727402112e-05	7.72895930750597e-06	8.63802777181609e-07	3.05902320501826e-07	3.05902320501826e-07	3.05902320501826e-07	3.05902320501826e-07	3.05902320501826e-07	3.05902320501826e-07	3.05902320501826e-07	3.05902320501826e-07	3.05902320501826e-07	4.65941439791815e-09	3.96120492519177e-08	2.25488018751844e-07	8.59448421676964e-07	2.19339249611896e-06	3.74811645157548e-06	4.28854513628137e-06	3.28554244651178e-06	1.68540534384723e-06	5.78897718823424e-07	1.3313722393219e-07	2.05020526012081e-08	2.11395324203814e-09	3.05902320501826e-07	2.03934880334551e-07	1.359565868897e-07	9.06377245931335e-08	6.04251497287557e-08	4.02834331525038e-08	2.68556221016692e-08	1.79037480677795e-08
4.65717574084392e-10	6.98576361126588e-10	1.04786454168988e-09	1.57179681253482e-09	2.35769521880223e-09	3.53654282820335e-09	5.30481424230502e-09	7.95722136345754e-09	1.19358320451863e-08	1.79037480677795e-08	2.68556221016692e-08	4.02834331525038e-08	6.04251497287557e-08	9.06377245931335e-08	1.359565868897e-07	2.03934880334551e-07	3.05902320501826e-07	1.32652141198353e-07	1.22237871537219e-06	7.54219021423945e-06	3.11594203788684e-05	8.61948755663349e-05	0.000159651760154981	0.000198000443143542	0.000164421573803924	9.1422191318053e-05	3.40364800276147e-05	8.48472636207546e-06	1.41622164763432e-06	1.58279548857658e-07	3.05902320501826e-07	2.03934880334551e-07	2.03934880334551e-07	2.03934880334551e-07	2.03934880334551e-07	2.03934880334551e-07	2.03934880334551e-07	2.03934880334551e-07	2.03934880334551e-07	3.05902320501826e-07	3.05902320501826e-07	3.05902320501826e-07	3.05902320501826e-07	3.05902320501826e-07	3.05902320501826e-07	3.05902320501826e-07	3.05902320501826e-07	3.05902320501826e-07	3.05902320501826e-07	3.05902320501826e-07	3.05902320501826e-07	3.05902320501826e-07	2.03934880334551e-07	1.359565868897e-07	9.06377245931337e-08	6.04251497287556e-08	4.02834331525038e-08	2.68556221016692e-08	1.79037480677795e-08	1.19358320451863e-08
4.65717574084392e-10	6.98576361126588e-10	1.04786454168988e-09	1.57179681253482e-09	2.35769521880223e-09	3.53654282820335e-09	5.30481424230502e-09	7.95722136345754e-09	1.19358320451863e-08	1.79037480677795e-08	2.68556221016692e-08	4.02834331525038e-08	6.04251497287557e-08	9.06377245931335e-08	1.359565868897e-07	2.03934880334551e-07	3.05902320501826e-07	1.50150874565253e-08	1.38362812318753e-07	8.53711403807784e-07	3.52697979736157e-06	9.75652245972868e-06	1.80712133227518e-05	2.24119561386164e-05	1.861111541889e-05	1.03482098796668e-05	3.85263833444443e-06	9.60398431720379e-07	1.6030417379586e-07	1.79158907440735e-08	3.05902320501826e-07	2.03934880334551e-07	1.359565868897e-07	1.359565868897e-07	1.359565868897e-07	1.359565868897e-07	1.359565868897e-07	1.359565868897e-07	1.359565868897e-07	2.03934880334551e-07	2.03934880334551e-07	2.03934880334551e-07	2.03934880334551e-07	2.03934880334551e-07	2.03934880334551e-07	2.03934880334551e-07	2.03934880334551e-07	2.03934880334551e-07	2.03934880334551e-07	2.03934880334551e-07	2.03934880334551e-07	2.03934880334551e-07	1.359565868897e-07	9.06377245931337e-08	6.04251497287558e-08	4.02834331525039e-08	2.68556221016692e-08	1.79037480677795e-08	1.19358320451863e-08	7.95722136345756e-09
3.10478382722928e-10	4.65717574084392e-10	6.98576361126587e-10	1.04786454168988e-09	1.57179681253482e-09	2.35769521880224e-09	3.53654282820335e-09	5.30481424230502e-09	7.95722136345753e-09	1.19358320451863e-08	1.79037480677795e-08	2.68556221016692e-08	4.02834331525038e-08	6.04251497287556e-08	9.06377245931337e-08	1.359565868897e-07	2.03934880334551e-07	3.05902320501826e-07	3.05902320501826e-07	3.05902320501826e-07	3.05902320501826e-07	3.05902320501826e-07	3.05902320501826e-07	3.05902320501826e-07	3.05902320501826e-07	3.05902320501826e-07	3.05902320501826e-07	3.05902320501826e-07	3.05902320501826e-07	3.05902320501826e-07	2.03934880334551e-07	1.359565868897e-07	9.06377245931337e-08	9.06377245931335e-08	9.06377245931335e-08	9.06377245931335e-08	9.06377245931335e-08	9.06377245931335e-08	9.06377245931337e-08	1.359565868897e-07	1.359565868897e-07	1.359565868897e-07	1.359565868897e-07	1.359565868897e-07	1.359565868897e-07	1.359565868897e-07	1.359565868897e-07	1.359565868897e-07	1.359565868897e-07	1.359565868897e-07	1.359565868897e-07	1.359565868897e-07	9.06377245931337e-08	6.04251497287558e-08	4.02834331525039e-08	2.68556221016693e-08	1.79037480677795e-08	1.19358320451863e-08	7.95722136345756e-09	5.30481424230504e-09
2.06985588481952e-10	3.10478382722928e-10	4.65717574084392e-10	6.9857636112659e-10	1.04786454168988e-09	1.57179681253482e-09	2.35769521880224e-09	3.53654282820335e-09	5.30481424230504e-09	7.95722136345756e-09	1.19358320451863e-08	1.79037480677795e-08	2.68556221016692e-08	4.02834331525039e-08	6.04251497287558e-08	9.06377245931337e-08	1.359565868897e-07	2.03934880334551e-07	2.03934880334551e-07	2.03934880334551e-07	2.03934880334551e-07	2.03934880334551e-07	2.03934880334551e-07	2.03934880334551e-07	2.03934880334551e-07	2.03934880334551e-07	2.03934880334551e-07	2.03934880334551e-07	2.03934880334551e-07	2.03934880334551e-07	1.359565868897e-07	9.06377245931337e-08	6.04251497287558e-08	6.04251497287557e-08	6.04251497287557e-08	6.04251497287557e-08	6.04251497287557e-08	6.04251497287557e-08	6.04251497287556e-08	9.06377245931335e-08	9.06377245931335e-08	9.06377245931335e-08	9.06377245931335e-08	9.06377245931335e-08	9.06377245931335e-08	9.06377245931335e-08	9.06377245931335e-08	9.06377245931335e-08	9.06377245931335e-08	9.06377245931335e-08	9.06377245931335e-08	9.06377245931335e-08	6.04251497287556e-08	4.02834331525039e-08	2.68556221016693e-08	1.79037480677795e-08	1.19358320451864e-08	7.95722136345758e-09	5.30481424230504e-09	3.53654282820336e-09
1.37990392321302e-10	2.06985588481952e-10	3.10478382722929e-10	4.65717574084393e-10	6.9857636112659e-10	1.04786454168988e-09	1.57179681253482e-09	2.35769521880224e-09	3.53654282820336e-09	5.30481424230504e-09	7.95722136345756e-09	1.19358320451863e-08	1.79037480677795e-08	2.68556221016693e-08	4.02834331525039e-08	6.04251497287558e-08	9.06377245931337e-08	1.359565868897e-07	1.359565868897e-07	1.359565868897e-07	1.359565868897e-07	1.359565868897e-07	1.359565868897e-07	1.359565868897e-07	1.359565868897e-07	1.359565868897e-07	1.359565868897e-07	1.359565868897e-07	1.359565868897e-07	1.359565868897e-07	9.06377245931337e-08	6.04251497287558e-08	4.02834331525039e-08	4.02834331525038e-08	4.02834331525038e-08	4.02834331525038e-08	4.02834331525038e-08	4.02834331525038e-08	4.02834331525038e-08	6.04251497287557e-08	6.04251497287557e-08	6.04251497287557e-08	6.04251497287557e-08	6.04251497287557e-08	6.04251497287557e-08	6.04251497287557e-08	6.04251497287557e-08	6.04251497287557e-08	6.04251497287557e-08	6.04251497287557e-08	6.04251497287557e-08	6.04251497287557e-08	4.02834331525038e-08	2.68556221016692e-08	1.79037480677795e-08	1.19358320451864e-08	7.95722136345758e-09	5.30481424230506e-09	3.53654282820338e-09	2.35769521880224e-09
9.19935948808677e-11	1.37990392321302e-10	2.06985588481953e-10	3.10478382722929e-10	4.65717574084393e-10	6.9857636112659e-10	1.04786454168989e-09	1.57179681253483e-09	2.35769521880224e-09	3.53654282820336e-09	5.30481424230504e-09	7.95722136345758e-09	1.19358320451864e-08	1.79037480677795e-08	2.68556221016693e-08	4.02834331525039e-08	6.04251497287556e-08	9.06377245931335e-08	9.06377245931335e-08	9.06377245931335e-08	9.06377245931335e-08	9.06377245931335e-08	9.06377245931335e-08	9.06377245931335e-08	9.06377245931335e-08	9.06377245931335e-08	9.06377245931335e-08	9.06377245931335e-08	9.06377245931335e-08	9.06377245931335e-08	6.04251497287556e-08	4.02834331525039e-08	2.68556221016693e-08	2.68556221016692e-08	2.68556221016692e-08	2.68556221016692e-08	2.68556221016692e-08	2.68556221016692e-08	2.68556221016692e-08	4.02834331525038e-08	4.02834331525038e-08	4.02834331525038e-08	4.02834331525038e-08	4.02834331525038e-08	4.02834331525038e-08	4.02834331525038e-08	4.02834331525038e-08	4.02834331525038e-08	4.02834331525038e-08	4.02834331525038e-08	4.02834331525038e-08	4.02834331525038e-08	2.68556221016692e-08	1.79037480677795e-08	1.19358320451863e-08	7.95722136345758e-09	5.30481424230506e-09	3.53654282820338e-09	2.35769521880225e-09	1.57179681253484e-09
6.13290632539121e-11	9.19935948808681e-11	1.37990392321302e-10	2.06985588481953e-10	3.10478382722929e-10	4.65717574084395e-10	6.98576361126592e-10	1.04786454168989e-09	1.57179681253483e-09	2.35769521880224e-09	3.53654282820338e-09	5.30481424230506e-09	7.95722136345758e-09	1.19358320451864e-08	1.79037480677795e-08	2.68556221016692e-08	4.02834331525038e-08	6.04251497287557e-08	6.04251497287557e-08	6.04251497287557e-08	6.04251497287557e-08	6.04251497287557e-08	6.04251497287557e-08	6.04251497287557e-08	6.04251497287557e-08	6.04251497287557e-08	6.04251497287557e-08	6.04251497287557e-08	6.04251497287557e-08	6.04251497287557e-08	4.02834331525038e-08	2.68556221016692e-08	1.79037480677795e-08	1.79037480677795e-08	1.79037480677795e-08	1.79037480677795e-08	1.79037480677795e-08	1.79037480677795e-08	1.79037480677795e-08	2.68556221016692e-08	2.68556221016692e-08	2.68556221016692e-08	2.68556221016692e-08	2.68556221016692e-08	2.68556221016692e-08	2.68556221016692e-08	2.68556221016692e-08	2.68556221016692e-08	2.68556221016692e-08	2.68556221016692e-08	2.68556221016692e-08	2.68556221016692e-08	1.79037480677795e-08	1.19358320451863e-08	7.95722136345756e-09	5.30481424230504e-09	3.53654282820338e-09	2.35769521880225e-09	1.57179681253484e-09	1.04786454168989e-09
4.08860421692747e-11	6.13290632539121e-11	9.19935948808681e-11	1.37990392321302e-10	2.06985588481954e-10	3.1047838272293e-10	4.65717574084395e-10	6.98576361126592e-10	1.04786454168989e-09	1.57179681253484e-09	2.35769521880225e-09	3.53654282820338e-09	5.30481424230506e-09	7.95722136345758e-09	1.19358320451863e-08	1.79037480677795e-08	2.68556221016692e-08	4.02834331525038e-08	4.02834331525038e-08	4.02834331525038e-08	4.02834331525038e-08	4.02834331525038e-08	4.02834331525038e-08	4.02834331525038e-08	4.02834331525038e-08	4.02834331525038e-08	4.02834331525038e-08	4.02834331525038e-08	4.02834331525038e-08	4.02834331525038e-08	2.68556221016692e-08	1.79037480677795e-08	1.19358320451863e-08	1.19358320451863e-08	1.19358320451863e-08	1.19358320451863e-08	1.19358320451863e-08	1.19358320451863e-08	1.19358320451863e-08	1.79037480677795e-08	1.79037480677795e-08	1.79037480677795e-08	1.79037480677795e-08	1.79037480677795e-08	1.79037480677795e-08	1.79037480677795e-08	1.79037480677795e-08	1.79037480677795e-08	1.79037480677795e-08	1.79037480677795e-08	1.79037480677795e-08	1.79037480677795e-08	1.19358320451863e-08	7.95722136345756e-09	5.30481424230504e-09	3.53654282820336e-09	2.35769521880224e-09	1.57179681253484e-09	1.04786454168989e-09	6.98576361126595e-10
2.72573614461832e-11	4.08860421692747e-11	6.13290632539121e-11	9.19935948808684e-11	1.37990392321302e-10	2.06985588481954e-10	3.1047838272293e-10	4.65717574084395e-10	6.98576361126595e-10	1.04786454168989e-09	1.57179681253484e-09	2.35769521880225e-09	3.53654282820338e-09	5.30481424230504e-09	7.95722136345756e-09	1.19358320451863e-08	1.79037480677795e-08	2.68556221016692e-08	2.68556221016692e-08	2.68556221016692e-08	2.68556221016692e-08	2.68556221016692e-08	2.68556221016692e-08	2.68556221016692e-08	2.68556221016692e-08	2.68556221016692e-08	2.68556221016692e-08	2.68556221016692e-08	2.68556221016692e-08	2.68556221016692e-08	1.79037480677795e-08	1.19358320451863e-08	7.95722136345756e-09	7.95722136345754e-09	7.95722136345754e-09	7.95722136345754e-09	7.95722136345754e-09	7.95722136345754e-09	7.95722136345753e-09	1.19358320451863e-08	1.19358320451863e-08	1.19358320451863e-08	1.19358320451863e-08	1.19358320451863e-08	1.19358320451863e-08	1.19358320451863e-08	1.19358320451863e-08	1.19358320451863e-08	1.19358320451863e-08	1.19358320451863e-08	1.19358320451863e-08	1.19358320451863e-08	7.95722136345753e-09	5.30481424230504e-09	3.53654282820336e-09	2.35769521880224e-09	1.57179681253483e-09	1.04786454168989e-09	6.98576361126595e-10	4.65717574084397e-10
