0.00660842135412349	0.00608864985355958	0.00475389646994627	0.00326251712121965	0.00221706634617022	0.00188491448764283	0.00217038916651398	0.00272804559904903	0.0031323147189747	0.00308234125632867	0.00255281598275944	0.00177216562959217	0.00102903937818391	0.000499765106528699	0.000203066586220192	6.90694606492459e-05	1.96883714905349e-05	4.70821699186265e-06	9.14974412100123e-08	2.04504828517209e-08	3.05902320501826e-07	3.05902320501826e-07	3.05902320501826e-07	2.03934880334551e-07	1.359565868897e-07	9.06377245931337e-08	9.06377245931335e-08	9.06377245931335e-08	9.06377245931335e-08	9.06377245931335e-08	9.06377245931335e-08	9.06377245931335e-08	6.04251497287556e-08	4.02834331525039e-08	2.68556221016693e-08	1.79037480677795e-08	1.79037480677795e-08	1.79037480677795e-08	1.79037480677795e-08	1.79037480677795e-08	1.79037480677795e-08	1.79037480677795e-08	1.79037480677795e-08	1.79037480677795e-08	1.79037480677795e-08	1.79037480677795e-08	1.19358320451863e-08	7.95722136345756e-09	5.30481424230504e-09	3.53654282820336e-09	2.35769521880224e-09	1.57179681253484e-09	1.04786454168989e-09	6.98576361126595e-10	4.65717574084397e-10	3.10478382722931e-10	2.06985588481954e-10	1.37990392321302e-10	9.19935948808684e-11	6.13290632539123e-11
0.010944029417961	0.0101959208413164	0.00813512313236042	0.005827276052277	0.00425998454033474	0.00388799034012739	0.00456265555255152	0.0056808021263417	0.00646002757584024	0.00632877873047262	0.00524070490326187	0.00364895433734834	0.00213218743493777	0.00104664541373022	0.000432945902213045	0.000151846152477913	4.57081769064279e-05	1.20467070145177e-05	1.1399512649122e-06	3.53833910989497e-07	7.93747102870034e-08	2.008172267867e-08	4.24078023248877e-09	3.05902320501826e-07	2.03934880334551e-07	1.359565868897e-07	1.359565868897e-07	1.359565868897e-07	1.359565868897e-07	1.359565868897e-07	1.359565868897e-07	1.359565868897e-07	9.06377245931337e-08	6.04251497287558e-08	4.02834331525039e-08	2.68556221016693e-08	2.68556221016692e-08	2.68556221016692e-08	2.68556221016692e-08	2.68556221016692e-08	2.68556221016692e-08	2.68556221016692e-08	2.68556221016692e-08	2.68556221016692e-08	2.68556221016692e-08	2.68556221016692e-08	1.79037480677795e-08	1.19358320451863e-08	7.95722136345756e-09	5.30481424230504e-09	3.53654282820338e-09	2.35769521880225e-09	1.57179681253484e-09	1.04786454168989e-09	6.98576361126595e-10	4.65717574084395e-10	3.1047838272293e-10	2.06985588481954e-10	1.37990392321302e-10	9.19935948808684e-11
0.0152663408719013	0.0145918409412676	0.012181532704828	0.0094035582263986	0.00755170335517392	0.00726161272514514	0.00838115673180895	0.0100893514111875	0.0112299634883418	0.010908993114965	0.00903780561647084	0.0063371417205046	0.00375420366887816	0.00188494848903929	0.000808509642146599	0.000300569217581841	9.91972968513398e-05	2.9941225168015e-05	5.61410139892795e-06	1.80248856261116e-06	4.40387694324121e-07	1.10759546356571e-07	2.16050869039466e-08	3.05902320501826e-07	2.03934880334551e-07	2.03934880334551e-07	2.03934880334551e-07	2.03934880334551e-07	2.03934880334551e-07	2.03934880334551e-07	2.03934880334551e-07	2.03934880334551e-07	1.359565868897e-07	9.06377245931337e-08	6.04251497287558e-08	4.02834331525039e-08	4.02834331525038e-08	4.02834331525038e-08	4.02834331525038e-08	4.02834331525038e-08	4.02834331525038e-08	4.02834331525038e-08	4.02834331525038e-08	4.02834331525038e-08	4.02834331525038e-08	4.02834331525038e-08	2.68556221016692e-08	1.79037480677795e-08	1.19358320451863e-08	7.95722136345758e-09	5.30481424230506e-09	3.53654282820338e-09	2.35769521880225e-09	1.57179681253484e-09	1.04786454168989e-09	6.98576361126592e-10	4.65717574084395e-10	3.1047838272293e-10	2.06985588481954e-10	1.37990392321302e-10
0.0185770734617758	0.0187840937796023	0.0170987276562961	0.0147985414022403	0.0131563701250806	0.0129060528199324	0.0140606221371788	0.0158585684012127	0.0169823223383454	0.0162736342720954	0.0135352630693257	0.00965796257072098	0.00590677766532185	0.00312154667974092	0.00145039172151876	0.000608408694374897	0.000237811981123536	8.83732431904643e-05	2.71586082243318e-05	9.49231296015551e-06	2.70417062576206e-06	7.33737858286421e-07	1.60299170523008e-07	1.35539926571121e-08	3.05902320501826e-07	3.05902320501826e-07	3.05902320501826e-07	3.05902320501826e-07	3.05902320501826e-07	3.05902320501826e-07	3.05902320501826e-07	3.05902320501826e-07	2.03934880334551e-07	1.359565868897e-07	9.06377245931337e-08	6.04251497287556e-08	6.04251497287557e-08	6.04251497287557e-08	6.04251497287557e-08	6.04251497287557e-08	6.04251497287557e-08	6.04251497287557e-08	6.04251497287557e-08	6.04251497287557e-08	6.04251497287557e-08	6.04251497287557e-08	4.02834331525038e-08	2.68556221016692e-08	1.79037480677795e-08	1.19358320451864e-08	7.95722136345758e-09	5.30481424230506e-09	3.53654282820338e-09	2.35769521880224e-09	1.57179681253483e-09	1.04786454168989e-09	6.98576361126592e-10	4.65717574084395e-10	3.10478382722929e-10	2.06985588481953e-10
0.0211218562098804	0.023626943751214	0.024400951122246	0.0239725076538225	0.0230574950061094	0.0223761976767659	0.022449066665823	0.0231394387294499	0.023436895184129	0.0220754375927374	0.0185944977506564	0.013765895844756	0.00895748785125795	0.00519312642793949	0.00274818860735816	0.00136549320701167	0.000653568302852148	0.000307949310710442	0.000143702135549426	7.70377361681101e-05	4.60382164931522e-05	3.0823958515209e-05	2.0949425774564e-05	1.36097080134855e-05	8.15414773744232e-06	4.34154882963612e-06	2.00752481892381e-06	7.93704971412191e-07	2.62132781415749e-07	7.38683548349686e-08	1.77166852059908e-08	3.54676569990304e-09	3.05902320501826e-07	2.03934880334551e-07	1.359565868897e-07	9.06377245931335e-08	9.06377245931335e-08	9.06377245931335e-08	9.06377245931335e-08	9.06377245931335e-08	9.06377245931335e-08	9.06377245931335e-08	9.06377245931335e-08	9.06377245931335e-08	9.06377245931335e-08	9.06377245931335e-08	6.04251497287556e-08	4.02834331525039e-08	2.68556221016693e-08	1.79037480677795e-08	1.19358320451864e-08	7.95722136345758e-09	5.30481424230504e-09	3.53654282820336e-09	2.35769521880224e-09	1.57179681253483e-09	1.04786454168989e-09	6.9857636112659e-10	4.65717574084393e-10	3.10478382722929e-10
0.0245084352100806	0.0311176085710799	0.036326965582143	0.0391777150939267	0.0392731067068624	0.037285017472323	0.0347406221884392	0.0328523707709048	0.0314606534404683	0.0293075622969376	0.0253981311294529	0.0199784699000741	0.014236312232621	0.00931041598516515	0.00569686618042335	0.00331291679609671	0.00185408386925568	0.00101867770004791	0.000568277294083436	0.000345454472664262	0.00022651235077054	0.000156148703532224	0.000106204794089391	6.8482181242261e-05	4.06225736867094e-05	2.149430650857e-05	9.90410427118742e-06	3.90054142424634e-06	1.28978560833969e-06	3.6302095521908e-07	8.7067432341811e-08	1.7430336376025e-08	3.05902320501826e-07	2.03934880334551e-07	1.359565868897e-07	1.359565868897e-07	1.359565868897e-07	1.359565868897e-07	1.359565868897e-07	1.359565868897e-07	1.359565868897e-07	1.359565868897e-07	1.359565868897e-07	1.359565868897e-07	1.359565868897e-07	1.359565868897e-07	9.06377245931337e-08	6.04251497287558e-08	4.02834331525039e-08	2.68556221016693e-08	1.79037480677795e-08	1.19358320451863e-08	7.95722136345756e-09	5.30481424230504e-09	3.53654282820336e-09	2.35769521880224e-09	1.57179681253482e-09	1.04786454168988e-09	6.9857636112659e-10	4.65717574084393e-10
0.0299950667909717	0.0421805332449435	0.0532614484857062	0.060286433558949	0.061434006817351	0.057436394534292	0.0513118387786688	0.0461760769815599	0.0430158828850388	0.0404918840248163	0.0367316757020795	0.0310996496616831	0.0243994979169465	0.0178575748028003	0.0123044709493667	0.00802697245067829	0.00500602788204299	0.00306104741436194	0.00191107609674158	0.00126737371993322	0.000881949922116938	0.000623644651301567	0.000428434467446898	0.000277291936467777	0.000164486622209071	8.70051314514839e-05	4.00825945941552e-05	1.5778253567961e-05	5.22296924153805e-06	1.46817136361857e-06	3.52128187175587e-07	7.04937837819176e-08	3.05902320501826e-07	2.03934880334551e-07	2.03934880334551e-07	2.03934880334551e-07	2.03934880334551e-07	2.03934880334551e-07	2.03934880334551e-07	2.03934880334551e-07	2.03934880334551e-07	2.03934880334551e-07	2.03934880334551e-07	2.03934880334551e-07	2.03934880334551e-07	2.03934880334551e-07	1.359565868897e-07	9.06377245931337e-08	6.04251497287558e-08	4.02834331525039e-08	2.68556221016692e-08	1.79037480677795e-08	1.19358320451863e-08	7.95722136345756e-09	5.30481424230504e-09	3.53654282820335e-09	2.35769521880224e-09	1.57179681253482e-09	1.04786454168988e-09	6.9857636112659e-10
0.0364724945175098	0.0543337725109369	0.0713043694977177	0.0824954547206168	0.0847877490862185	0.0791518752547654	0.0702500244653006	0.0631107753672781	0.0596838874327979	0.058244122639568	0.0557660729722262	0.0505716467087992	0.0430028212985532	0.0343438279504913	0.025830441559728	0.0183448037034789	0.0124582250100008	0.00833032366010247	0.00568510589254512	0.00403364274126415	0.00292233759146387	0.00209814921776889	0.0014466204337055	0.00093533420195164	0.000553086950285172	0.000291707238946159	0.000134091011618816	5.26820989557552e-05	1.74377202873331e-05	4.88645144905239e-06	1.17197306330473e-06	2.34621421208858e-07	3.05902320501826e-07	3.05902320501826e-07	3.05902320501826e-07	3.05902320501826e-07	3.05902320501826e-07	3.05902320501826e-07	3.05902320501826e-07	3.05902320501826e-07	3.05902320501826e-07	3.05902320501826e-07	3.05902320501826e-07	3.05902320501826e-07	3.05902320501826e-07	3.05902320501826e-07	2.03934880334551e-07	1.359565868897e-07	9.06377245931337e-08	6.04251497287556e-08	4.02834331525038e-08	2.68556221016692e-08	1.79037480677795e-08	1.19358320451863e-08	7.95722136345753e-09	5.30481424230502e-09	3.53654282820335e-09	2.35769521880224e-09	1.57179681253482e-09	1.04786454168988e-09
0.0405727956897075	0.0622103900809782	0.0832660528284079	0.0976778927766798	0.101607456554628	0.0963392943895458	0.0877403757113693	0.082059855778013	0.0816072347156173	0.0839517715160871	0.0848605579126753	0.0816353434781388	0.0740652879653202	0.0633133198470799	0.0509696967745441	0.0387581986404071	0.0282713040290239	0.0203554444595318	0.0148548749418778	0.0110382586168983	0.00819027611351626	0.00592260708357029	0.0040834242889181	0.00263517331531058	0.00155665837272184	0.000823138826300178	0.000381609314561436	0.000152520378840266	5.2184852147079e-05	1.54599492113926e-05	4.2787228645585e-06	1.7203439199484e-06	2.06671329619196e-06	4.09829274170183e-06	6.97509028106902e-06	9.95093116365898e-06	1.18495975369018e-05	1.1777943524715e-05	9.77150197931407e-06	6.76673502420181e-06	3.91131691293723e-06	1.88709094499584e-06	7.59956344146383e-07	2.55452671195123e-07	7.16734386819306e-08	1.67854126869393e-08	3.05902320501826e-07	2.03934880334551e-07	1.359565868897e-07	9.06377245931335e-08	6.04251497287557e-08	4.02834331525038e-08	2.68556221016692e-08	1.79037480677795e-08	1.19358320451863e-08	7.95722136345754e-09	5.30481424230502e-09	3.53654282820335e-09	2.35769521880223e-09	1.57179681253482e-09
0.0392883960567072	0.0613696997847265	0.0835075857596304	0.0997207746189639	0.106264199774308	0.104596210529817	0.100816014219403	0.101241633168217	0.107862208589146	0.117489778970271	0.124925690155035	0.126518342705505	0.121194310199896	0.109534281679284	0.093255741901466	0.0751276626817498	0.0582201707518309	0.0444647782198029	0.0340200214038818	0.0259864041204751	0.0194703083001183	0.0140547668092806	0.00963116638594923	0.00617675170459854	0.00363530036077732	0.00192437605035095	0.000899250769561982	0.000365583315414901	0.000129153517779216	4.02210386684688e-05	1.24057078968101e-05	6.65647824487906e-06	9.98418246893622e-06	1.97986351661171e-05	3.3696291707134e-05	4.80724213933577e-05	5.72447780782536e-05	5.68986213405859e-05	4.72056085073842e-05	3.26897384968957e-05	1.88953648406656e-05	9.11643640413572e-06	3.6713088469328e-06	1.23407832430783e-06	3.46250586036797e-07	8.10894396390594e-08	3.05902320501826e-07	2.03934880334551e-07	1.359565868897e-07	9.06377245931335e-08	6.04251497287557e-08	4.02834331525038e-08	2.68556221016692e-08	1.79037480677795e-08	1.19358320451863e-08	7.95722136345754e-09	5.30481424230502e-09	3.53654282820335e-09	2.35769521880223e-09	1.57179681253482e-09
0.0325647168108103	0.0519262979427267	0.0723872396561408	0.0892609902925473	0.0996143072330843	0.104803524686546	0.110075964187251	0.120711976298981	0.137971143411413	0.158248082623541	0.175878204648387	0.18628246323068	0.186952900760057	0.177135018419054	0.158199778175316	0.133926246537902	0.10910813088685	0.0870913773189704	0.0686796018541653	0.0531535158311732	0.0398051565576441	0.0284923467767703	0.0193149777604365	0.0122758090482003	0.00719843124060445	0.00382983366030459	0.00182079443342306	0.000765094987698424	0.000285528010628002	9.61771982027429e-05	3.40403072984593e-05	2.34054504465065e-05	3.96932418895088e-05	7.8711703955322e-05	0.00013396340277956	0.000191117325481357	0.000227583062533258	0.000226206877436213	0.000187671213227005	0.000129961737127619	7.51206510442485e-05	3.62434196776292e-05	1.45957018079142e-05	4.9062173682979e-06	1.37655820180609e-06	3.22380200110751e-07	3.05902320501826e-07	2.03934880334551e-07	1.359565868897e-07	9.06377245931335e-08	6.04251497287557e-08	4.02834331525038e-08	2.68556221016692e-08	1.79037480677795e-08	1.19358320451863e-08	7.95722136345754e-09	5.30481424230502e-09	3.53654282820335e-09	2.35769521880223e-09	1.57179681253482e-09
0.0232462086911142	0.038311493456534	0.0557511152384526	0.0728583824521467	0.0879159093733265	0.101992681384166	0.118800331973163	0.141948180207142	0.171932193689205	0.205326867033062	0.236642996104113	0.260425977278723	0.272093391225712	0.268635266721443	0.250258966715928	0.221181139160567	0.187654272133533	0.154592732649206	0.124027365289671	0.0962418336151478	0.0714998914977167	0.0504827445711914	0.0337318063299362	0.0212238130645829	0.0124464375172087	0.00672714610562615	0.00331691365499876	0.00148073537626686	0.000602727493152696	0.000227879808427146	9.70082852964214e-05	8.26153425494153e-05	0.000143103123245682	0.000271973611274988	0.000451633830506276	0.000635587796274091	0.000751237650783705	0.000743666844633292	0.000615617509292701	0.000425802384849255	0.000245962838084344	0.00011862772465328	4.77638162877199e-05	1.6051759053708e-05	4.50371007236126e-06	1.054737062671e-06	3.05902320501826e-07	2.03934880334551e-07	1.359565868897e-07	9.06377245931335e-08	6.04251497287557e-08	4.02834331525038e-08	2.68556221016692e-08	1.79037480677795e-08	1.19358320451863e-08	7.95722136345754e-09	5.30481424230502e-09	3.53654282820335e-09	2.35769521880223e-09	1.57179681253482e-09
0.0146938218150098	0.0256354219457772	0.0401226878816551	0.0574603735700468	0.0772525148117483	0.100386193156811	0.129030658973142	0.165091890162241	0.208490561960996	0.256523194974471	0.30447943164308	0.346241663301316	0.374768751037344	0.383922677344859	0.371532948949168	0.340921154768631	0.298846683058947	0.25175047495349	0.203810409038265	0.157688819450936	0.115841706183022	0.0805347192931977	0.0530165730337619	0.0330983193113789	0.0195575758584621	0.010893273602193	0.00568011870002857	0.00274495761064485	0.00122799196710262	0.000515987872987333	0.000251086986945248	0.000238629998313587	0.000412334888149951	0.000761756097387207	0.00124322258967316	0.00173231422748263	0.00203623721578779	0.00200959322620778	0.00166080452673153	0.00114768437369882	0.000662628750961256	0.000319500156500336	0.000128623712334288	4.32185571519242e-05	1.21260137600357e-05	2.83982670502202e-06	3.05902320501826e-07	2.03934880334551e-07	1.359565868897e-07	9.06377245931335e-08	6.04251497287557e-08	4.02834331525038e-08	2.68556221016692e-08	1.79037480677795e-08	1.19358320451863e-08	7.95722136345754e-09	5.30481424230502e-09	3.53654282820335e-09	2.35769521880223e-09	1.57179681253482e-09
0.00865138626047645	0.0164870416572778	0.0286044116855564	0.0459177119609546	0.0693067035891564	0.0998831504654515	0.138871432626885	0.186930919987065	0.243645514736224	0.307279026259814	0.374287116006693	0.438291734224637	0.489869686562062	0.519136380024057	0.520058853060808	0.493076945424173	0.443915044924844	0.380304679582584	0.309689287180924	0.238831982411116	0.173870581661896	0.119534725224505	0.0780446620287065	0.048833674000266	0.0294928085921194	0.0172088936526507	0.00960718330218919	0.00503245056024011	0.0024464223154494	0.00112911076499021	0.000620987324167206	0.000627695947750089	0.00103366589326295	0.00181209947319315	0.00286568996682997	0.00392247769653134	0.00456544399605366	0.00448145779024175	0.00369277700464264	0.00254778929688685	0.00146971899192813	0.000708323459435656	0.00028508291001137	9.57612223439542e-05	2.68681320326986e-05	6.2923265939202e-06	3.05902320501826e-07	2.03934880334551e-07	1.359565868897e-07	9.06377245931335e-08	6.04251497287557e-08	4.02834331525038e-08	2.68556221016692e-08	1.79037480677795e-08	1.19358320451863e-08	7.95722136345754e-09	5.30481424230502e-09	3.53654282820335e-09	2.35769521880223e-09	1.57179681253482e-09
0.00503251406492749	0.0106988794383129	0.0207863816500348	0.037282162473262	0.0622288973058772	0.0974544756658289	0.14409371859334	0.202273613459645	0.271489432210925	0.350938970560549	0.438378278784022	0.527673138951734	0.60752107191164	0.664074668842779	0.686108769082204	0.669148329891674	0.616185508738938	0.535753362952698	0.439365186233792	0.339332661303692	0.246801293172055	0.169758807332909	0.111618582357645	0.0712469435130692	0.0446822093423659	0.0275018398104936	0.0163066506218021	0.00905683540278032	0.0046519306821678	0.00230480649117686	0.00140245281064771	0.0014673332702562	0.00226256218963358	0.00369783476400202	0.0055787590868236	0.00742087473439581	0.00849639252427071	0.00826357106652645	0.00677474001605345	0.00466116511543033	0.00268476282347252	0.00129284468866124	0.000520106251485022	0.000174614732647977	4.89923956357729e-05	1.14736727355538e-05	3.05902320501826e-07	2.03934880334551e-07	1.359565868897e-07	9.06377245931335e-08	6.04251497287557e-08	4.02834331525038e-08	2.68556221016692e-08	1.79037480677795e-08	1.19358320451863e-08	7.95722136345754e-09	5.30481424230502e-09	3.53654282820335e-09	2.35769521880223e-09	1.57179681253482e-09
0.00297877811422488	0.00705155067147098	0.0151862928991964	0.0299673206225784	0.0544041510725952	0.0913111745512672	0.142379367774595	0.207823886167456	0.287271470614938	0.380749533688044	0.487385628326701	0.601863038956233	0.711786864735353	0.799645144114071	0.848452187334882	0.847629240314686	0.79620354428933	0.702720398025425	0.582625056591838	0.454151413734658	0.333970507900688	0.233642917128678	0.15780137823084	0.104667970266924	0.0687697369042804	0.0443332603975884	0.0273288079358633	0.0156692791442353	0.00832681471755932	0.00439677606461767	0.00294712293130253	0.00313818515929448	0.00445486537615053	0.00663455479121268	0.00933502031281187	0.0118624459110124	0.0132118170662519	0.0126470049142083	0.0102764464891124	0.00703576165792462	0.00404160007906541	0.00194339397528156	0.000781200548534457	0.000262025688600009	7.35176580346594e-05	1.72173158227463e-05	3.05902320501826e-07	2.03934880334551e-07	1.359565868897e-07	9.06377245931335e-08	6.04251497287557e-08	4.02834331525038e-08	2.68556221016692e-08	1.79037480677795e-08	1.19358320451863e-08	7.95722136345754e-09	5.30481424230502e-09	3.53654282820335e-09	2.35769521880223e-09	1.57179681253482e-09
0.00178397920678222	0.00466086871077236	0.011031601652218	0.0237489283414539	0.046506109569094	0.0829836708721834	0.135509886162442	0.204523390015423	0.289787414573829	0.392100952255879	0.512207990536761	0.646364132867028	0.782151278866199	0.899360366360636	0.97590599120674	0.995378696335599	0.952527095453203	0.854901232208939	0.720479180480908	0.572123945020361	0.431090736366763	0.311878688887039	0.22001470179866	0.153237258331374	0.10528961123431	0.0701241678859715	0.0440916563741866	0.0256627480134607	0.0139985362177739	0.00788445300815321	0.00575958627601143	0.00613387823822671	0.00796880035855319	0.0106614996358124	0.0136853213466039	0.0162607546804227	0.017334357756737	0.0161598972328431	0.0129322208251419	0.00877877507746075	0.00501909839533575	0.00240724827047725	0.000966309759847833	0.000323577744840529	9.07875793396979e-05	2.12618093130401e-05	3.05902320501826e-07	2.03934880334551e-07	1.359565868897e-07	9.06377245931335e-08	6.04251497287557e-08	4.02834331525038e-08	2.68556221016692e-08	1.79037480677795e-08	1.19358320451863e-08	7.95722136345754e-09	5.30481424230502e-09	3.53654282820335e-09	2.35769521880223e-09	1.57179681253482e-09
0.00109369527155779	0.00316571590159579	0.00824510026281764	0.0192821565154647	0.0403480050682694	0.07556242530009	0.127405994386585	0.196065771640447	0.281067710181406	0.383877378322651	0.507250156748468	0.649963041902857	0.800966190340972	0.939038102749503	1.03886176633421	1.07985448438603	1.05314690677736	0.964346571866961	0.831587410484187	0.679416334278462	0.531050072933516	0.402184582400986	0.298641993014733	0.218254525408016	0.155458705373374	0.105696851174065	0.0671154070262614	0.039460100896352	0.0221362445234997	0.0133107096851192	0.0103935404631983	0.0109027782467426	0.0130101196309448	0.015608739819265	0.0179979451743535	0.0195409021031829	0.0195062344208408	0.0174220894195299	0.0135864331412515	0.00908675920195211	0.00515197314623956	0.00245975862884069	0.000984933284436576	0.000328840425946471	9.22641520832305e-05	2.16076122118304e-05	3.05902320501826e-07	2.03934880334551e-07	1.359565868897e-07	9.06377245931335e-08	6.04251497287557e-08	4.02834331525038e-08	2.68556221016692e-08	1.79037480677795e-08	1.19358320451863e-08	7.95722136345754e-09	5.30481424230502e-09	3.53654282820335e-09	2.35769521880223e-09	1.57179681253482e-09
0.000735495406857579	0.00236671897367831	0.00672281466004946	0.0167762759490693	0.0367056292452829	0.0705735247088355	0.120332547117339	0.185195586220186	0.263877251969485	0.35824690199361	0.473271155095825	0.611014025094167	0.763214981469607	0.909714055217761	1.02450524801233	1.08526758893391	1.08089373524454	1.01450242524654	0.901744704332126	0.764952778559824	0.625547361485122	0.498056600196394	0.388147351774752	0.294892541349463	0.21536278333031	0.148322965191845	0.0948993588464543	0.0565564212643739	0.0328597270203136	0.0210409712532538	0.0171583705209964	0.0175052865443624	0.019331079708018	0.0209859089018694	0.021678872885964	0.0211445179854699	0.0192865222320112	0.0161290622287817	0.0120504297263343	0.00785419362230779	0.0043873122318084	0.00207759079727451	0.000828161910633631	0.000275019536330897	7.71633969663569e-05	1.8071122109186e-05	3.05902320501826e-07	2.03934880334551e-07	1.359565868897e-07	9.06377245931335e-08	6.04251497287557e-08	4.02834331525038e-08	2.68556221016692e-08	1.79037480677795e-08	1.19358320451863e-08	7.95722136345754e-09	5.30481424230502e-09	3.53654282820335e-09	2.35769521880223e-09	1.57179681253482e-09
0.000580157601803258	0.00200977794198689	0.00601619517547907	0.0155201253994124	0.0345772754830565	0.0668331835569983	0.113293550767148	0.171812181860083	0.239954134821903	0.319606607117997	0.417568590896142	0.539172789738566	0.679775413086688	0.822114156954983	0.942042047669743	1.01808601066053	1.03865709606363	1.00441576042914	0.926377064008196	0.820930580435375	0.703986758353721	0.58681998154535	0.475049651822471	0.370560949870008	0.274844626825491	0.191065922553827	0.123566119580379	0.075299928634447	0.0457242042953054	0.0309991576497135	0.0258436250710975	0.0254160728244727	0.0261779115987034	0.0260781446625508	0.0243646436164109	0.0212529648723148	0.0173561337273844	0.0132146365788559	0.00921710005409662	0.00574479460730842	0.00312329134086247	0.00145670998127675	0.00057577000366635	0.000189283899437158	5.31081859364205e-05	1.24375617298555e-05	3.05902320501826e-07	2.03934880334551e-07	1.359565868897e-07	9.06377245931335e-08	6.04251497287557e-08	4.02834331525038e-08	2.68556221016692e-08	1.79037480677795e-08	1.19358320451863e-08	7.95722136345754e-09	5.30481424230502e-09	3.53654282820335e-09	2.35769521880223e-09	1.57179681253482e-09
0.000506391091522509	0.00181272493300083	0.00553749148963839	0.0144273004411541	0.0322099695573032	0.0619561242115616	0.103765889571222	0.154373196415899	0.210343401127186	0.273185776456472	0.350518686031526	0.449919302998805	0.570222512301923	0.69820255967973	0.813661380280759	0.898267266372049	0.941690937846231	0.942626578039453	0.906260700444121	0.840541272245664	0.753366375971237	0.651626700086505	0.541504189802211	0.429132486135086	0.321381230894803	0.225662916004172	0.148604772463087	0.093724204491888	0.0599987322888156	0.0427210415911044	0.0357914934143987	0.0337562545395527	0.0326780609416209	0.0303316477876417	0.0260790737071155	0.0205580641151848	0.014927055649044	0.0100832010590991	0.00633985464063446	0.00365993753214959	0.00189166241010471	0.000856448558770878	0.000332816063233641	0.000107210072151825	3.00803843487306e-05	7.04461337924458e-06	3.05902320501826e-07	2.03934880334551e-07	1.359565868897e-07	9.06377245931335e-08	6.04251497287557e-08	4.02834331525038e-08	2.68556221016692e-08	1.79037480677795e-08	1.19358320451863e-08	7.95722136345754e-09	5.30481424230502e-09	3.53654282820335e-09	2.35769521880223e-09	1.57179681253482e-09
0.000441026871539282	0.00159416482158408	0.00489496310410945	0.0127677558743833	0.0284485490025055	0.054439318424938	0.0903120035010507	0.132346355913958	0.17658877105489	0.22383230870498	0.2812182949305	0.357001626699502	0.452684065940278	0.559512698964843	0.66260886032747	0.748354403231258	0.808912045718002	0.841647055301346	0.845835293908943	0.820310817910399	0.764264827331308	0.68011632082878	0.575205850397533	0.460514136300278	0.348054223624136	0.248273519974593	0.168478362348974	0.111563778628893	0.0757625419127898	0.0560733602231082	0.0465521466855731	0.0419857413506705	0.0385091334258587	0.0338390463776218	0.027361464766061	0.0199468959285554	0.0130590415956613	0.00776605425135642	0.00425805414820256	0.00217350324703203	0.00102169850375048	0.000434828833703425	0.000162728947354222	5.00573604979834e-05	1.40403459092305e-05	3.28360465405159e-06	3.05902320501826e-07	2.03934880334551e-07	1.359565868897e-07	9.06377245931335e-08	6.04251497287557e-08	4.02834331525038e-08	2.68556221016692e-08	1.79037480677795e-08	1.19358320451863e-08	7.95722136345754e-09	5.30481424230502e-09	3.53654282820335e-09	2.35769521880223e-09	1.57179681253482e-09
0.000357464170083134	0.00129683453661929	0.00399113894066291	0.0104260679449346	0.0232528357712972	0.0444948176714936	0.0736416087839505	0.107211801815159	0.141234702157598	0.175572349224381	0.215831591075217	0.269589255553816	0.340119419378698	0.423066394477537	0.509321726694027	0.590446007181145	0.661439769422827	0.718856225416006	0.75696917262656	0.766638710608685	0.739384320705117	0.673790508631952	0.578406408552137	0.468394069934099	0.359542872131862	0.263662569889755	0.187274994944498	0.13184498871711	0.0949272067655116	0.0720473509447607	0.0585547815693544	0.0503798709990016	0.0440853425626014	0.0372300093180569	0.0289512879089734	0.0201022310569553	0.012270528339667	0.00659701154709048	0.00315942487403258	0.00137960501636361	0.000555927147296308	0.000208970034587666	7.15861352349612e-05	1.95621669913668e-05	5.46801615500212e-06	1.259552711337e-06	3.05902320501826e-07	2.03934880334551e-07	1.359565868897e-07	9.06377245931335e-08	6.04251497287557e-08	4.02834331525038e-08	2.68556221016692e-08	1.79037480677795e-08	1.19358320451863e-08	7.95722136345754e-09	5.30481424230502e-09	3.53654282820335e-09	2.35769521880223e-09	1.57179681253482e-09
0.000260148292425541	0.000950145047550899	0.00294031952064191	0.00773084429259649	0.0173705162923263	0.0334982131274563	0.0558250611347523	0.081568662532011	0.107123651242141	0.131456958747869	0.158202065219928	0.193556942333287	0.241885696759047	0.302703784638212	0.372118630232493	0.446172990250244	0.522182603969517	0.596212105334987	0.659110831948013	0.696210295892658	0.693631650412886	0.64716436123446	0.565960401974396	0.467554671029717	0.369381795251167	0.282978168546429	0.213237545253052	0.160097429539229	0.120937973378007	0.0927360907008749	0.0731365292565941	0.059899225822045	0.0501725657182252	0.0411197907019064	0.0312843726911695	0.0212393051032002	0.0125635561810201	0.00643232770068643	0.00285199534868007	0.00111370334777137	0.000387519126893486	0.000123653319750929	3.61141192099164e-05	7.54807837067981e-06	2.03931051576935e-06	3.97606629458655e-07	3.05902320501826e-07	2.03934880334551e-07	1.359565868897e-07	9.06377245931335e-08	6.04251497287557e-08	4.02834331525038e-08	2.68556221016692e-08	1.79037480677795e-08	1.19358320451863e-08	7.95722136345754e-09	5.30481424230502e-09	3.53654282820335e-09	2.35769521880223e-09	1.57179681253482e-09
0.00016697281891002	0.000618510184048829	0.00193564230379704	0.00515825068533256	0.011771613942654	0.0230829137140718	0.0391143099740886	0.057955916371525	0.0766409381770982	0.0935848933572756	0.110676208517822	0.132660972172268	0.164459398797783	0.208481711545919	0.264694001414328	0.332180688204413	0.409613035600537	0.492798378773638	0.57098456824508	0.626947350400766	0.644217435112213	0.616984174646209	0.554041429013351	0.472953994682125	0.390441315400339	0.316354462942469	0.253624051598953	0.201095439122052	0.156805739745338	0.120114678383955	0.0916951940955791	0.0715076688219054	0.0573025627216232	0.0456519997922087	0.0342422033606668	0.023112299540983	0.013654341184174	0.00699780408161728	0.00310402406911247	0.00120684941953943	0.000412855514643705	0.000126196436426827	3.40699650763816e-05	6.2602642063451e-06	1.51066858499543e-06	1.03291045202674e-07	3.05902320501826e-07	2.03934880334551e-07	1.359565868897e-07	9.06377245931335e-08	6.04251497287557e-08	4.02834331525038e-08	2.68556221016692e-08	1.79037480677795e-08	1.19358320451863e-08	7.95722136345754e-09	5.30481424230502e-09	3.53654282820335e-09	2.35769521880223e-09	1.57179681253482e-09
9.33007756534808e-05	0.000354626748532706	0.00113056064080897	0.00307824711869266	0.00719620236702416	0.0144758526268741	0.0251697390971779	0.0381799648486313	0.0513404787871141	0.0630320993325369	0.0740454614095695	0.0879620351500217	0.109760021043046	0.143478968949166	0.191273441772565	0.253757508594293	0.330120742594269	0.41618345644229	0.501218709141769	0.568105188368402	0.600338868539116	0.591610823060507	0.54949215383958	0.489525155188424	0.425753818678629	0.365244590270096	0.308783332310202	0.254620363851301	0.202269597030972	0.154231164879628	0.114604638155124	0.0856374414095604	0.0656836225288742	0.0507377965468727	0.0375699236279241	0.0254684345576506	0.0153714941239462	0.00819388918159118	0.0038529264016533	0.00161335763423292	0.000600022521699558	0.000198009616798679	5.6644149906819e-05	1.24191771042046e-05	2.85100308992443e-06	2.20822596666731e-08	3.05902320501826e-07	2.03934880334551e-07	1.359565868897e-07	9.06377245931335e-08	6.04251497287556e-08	4.02834331525039e-08	2.68556221016693e-08	1.79037480677795e-08	1.19358320451864e-08	7.95722136345758e-09	5.30481424230504e-09	3.53654282820336e-09	2.35769521880224e-09	1.57179681253483e-09
4.49981260046939e-05	0.000178263586235735	0.000583342307111976	0.00163558169296573	0.00394743796329073	0.00820824244455242	0.0147520626455191	0.02308897867347	0.0318641843896342	0.0398628128901821	0.0474754251875255	0.0574987923155872	0.0745309937754305	0.103028312587553	0.145898368505456	0.204238692738892	0.277370157245284	0.361427384803135	0.446751933111962	0.518021736418003	0.560417972695489	0.567998462648964	0.546756570405754	0.509138791207241	0.465484067477671	0.419441890896107	0.369440218023701	0.313296927442463	0.252350784743961	0.192447322322514	0.141006481884905	0.102402858337402	0.0757166952236478	0.0567156696317284	0.0414901924777285	0.0284741367548245	0.0178624927105186	0.0101429720270807	0.00517980839376328	0.002373605968413	0.000963429361689909	0.000342145172353501	0.000103712619560736	2.56279314766163e-05	5.84690638326814e-06	3.05902320501826e-07	2.03934880334551e-07	1.359565868897e-07	1.359565868897e-07	1.359565868897e-07	9.06377245931337e-08	6.04251497287558e-08	4.02834331525039e-08	2.68556221016693e-08	1.79037480677795e-08	1.19358320451863e-08	7.95722136345756e-09	5.30481424230504e-09	3.53654282820336e-09	2.35769521880224e-09
1.86358569011364e-05	7.8559862543644e-05	0.000265783002229935	0.00077263264024372	0.00193678413093239	0.00418651632056654	0.00781536542150566	0.0126968200229346	0.0181463690992554	0.0235369520749122	0.0293158804428984	0.037779600669898	0.05283839727677	0.07851303684992	0.117602988709323	0.171286918778989	0.239058844964826	0.317564848874994	0.398490960421009	0.468846242709788	0.516251351231661	0.535808422565285	0.532307169920344	0.515247177568132	0.491333066902385	0.460760915885138	0.419435966796726	0.364476660407347	0.298609082802237	0.230303247032551	0.169472338901728	0.122183916990607	0.0885264690830653	0.0647617594977844	0.0468979352935003	0.0326668903713121	0.0213717943978828	0.0129130156150126	0.00707638169183696	0.00346303846170957	0.0014849574910978	0.000549500379897599	0.000171794868234243	4.47321787071629e-05	1.02054612350998e-05	3.05902320501826e-07	2.03934880334551e-07	2.03934880334551e-07	2.03934880334551e-07	2.03934880334551e-07	1.359565868897e-07	9.06377245931337e-08	6.04251497287558e-08	4.02834331525039e-08	2.68556221016692e-08	1.79037480677795e-08	1.19358320451863e-08	7.95722136345756e-09	5.30481424230504e-09	3.53654282820335e-09
6.57222602261022e-06	3.03110921217547e-05	0.000106693433771717	0.000323253458194944	0.000844753630753989	0.00190503464518121	0.00370420806889119	0.00628002579033982	0.00939850203283616	0.0129460484447636	0.0175520489357548	0.0251309847832808	0.0387687567551002	0.0616853733996452	0.0963074726972887	0.143941289432144	0.204432029400944	0.274897748471761	0.348041193009752	0.412909047862006	0.459646049301743	0.484975141486792	0.49342013345813	0.492573700890237	0.486397023747444	0.472161692621277	0.44332997058336	0.395841247528115	0.332687441862915	0.263347983111624	0.19869941643383	0.145739364790716	0.105827047145435	0.0766198548339175	0.0549679352999253	0.0384750657314487	0.0257539974243088	0.0161085387875043	0.00915920428899239	0.00462495541319134	0.00203144036409692	0.000764451503560981	0.000241859195015014	6.42537284710319e-05	1.46592219309171e-05	3.05902320501826e-07	3.05902320501826e-07	3.05902320501826e-07	3.05902320501826e-07	3.05902320501826e-07	2.03934880334551e-07	1.359565868897e-07	9.06377245931337e-08	6.04251497287556e-08	4.02834331525038e-08	2.68556221016692e-08	1.79037480677795e-08	1.19358320451863e-08	7.95722136345753e-09	5.30481424230502e-09
1.97835870960574e-06	1.03217498954181e-05	3.79360979743358e-05	0.000120025940276925	0.000327059771735986	0.000770907740758686	0.00156371882860503	0.00278611072655795	0.00443840303855543	0.00670438923602255	0.0102875464746611	0.0167213158670959	0.028290474540108	0.0474342305897206	0.0762828181438532	0.116400402331992	0.168043167169253	0.22863478373262	0.291482388156786	0.347192477702042	0.388203799547294	0.413158326488005	0.427183329285898	0.437131988425745	0.445386869345296	0.447238013783695	0.434227211218917	0.400855736132907	0.349147707195562	0.28768579917667	0.226493412562617	0.172435804861775	0.128044265057034	0.093019258110599	0.0660515447719028	0.0456004757989526	0.0302315867811329	0.018844219745858	0.0107255395394988	0.00543253030112931	0.00239794523636941	0.000909597424409374	0.000292046959587703	8.0634708635409e-05	1.96954958771866e-05	9.99016466832051e-07	3.5194427470927e-07	1.03490658872709e-07	2.54012090343867e-08	5.2039559814125e-09	3.05902320501826e-07	2.03934880334551e-07	1.359565868897e-07	9.06377245931335e-08	6.04251497287557e-08	4.02834331525038e-08	2.68556221016692e-08	1.79037480677795e-08	1.19358320451863e-08	7.95722136345754e-09
4.95167356026161e-07	3.06173723709726e-06	1.1777900069968e-05	3.89347562237702e-05	0.000110484843058806	0.000273416221480658	0.0005814183333388	0.00110480460910317	0.00192465418602955	0.00331078739401517	0.0058792790311202	0.0107612186362299	0.0195576087253837	0.034096687308505	0.0563103180294046	0.0879796315109437	0.129674093995449	0.179083707052132	0.230110103110569	0.274754140235694	0.30740344132346	0.328347833999317	0.343422296490255	0.35926974673647	0.377597221567761	0.392869762184211	0.395780777034782	0.379785790512115	0.345323754075971	0.298722089096552	0.247666866513926	0.197706249961262	0.151840185918811	0.111752547694907	0.0786025715093469	0.0527692036841415	0.0336891063277805	0.0202273273153951	0.0111730181609308	0.0055542489002251	0.00243964632665698	0.000938298358265747	0.000314483532251992	9.64490235331139e-05	2.82653760256423e-05	4.81498925740782e-06	1.69627624588115e-06	4.98796994101925e-07	1.22426959601161e-07	2.50816607918204e-08	3.05902320501826e-07	2.03934880334551e-07	1.359565868897e-07	9.06377245931335e-08	6.04251497287557e-08	4.02834331525038e-08	2.68556221016692e-08	1.79037480677795e-08	1.19358320451863e-08	7.95722136345754e-09
8.29483540951421e-08	7.36488999371679e-07	3.05561723868395e-06	1.07422901277047e-05	3.20183764918869e-05	8.46942600037478e-05	0.000191650696393727	0.000398738383822106	0.000785376481124595	0.00157811010100381	0.00321275153084155	0.00644136852026902	0.0123269899732492	0.022228180833092	0.0378471830663398	0.0609692173561937	0.092338369335024	0.130100318452694	0.169163625413307	0.203081730654377	0.227775700042375	0.244356044071853	0.258597385891512	0.276627077617535	0.299877075598299	0.323101295750976	0.337571911827734	0.336783332485501	0.319935571368405	0.290806859385029	0.254066942065392	0.212963116478825	0.169795506727871	0.127353531712233	0.0891423078456325	0.0580796452294095	0.0352689305606739	0.0199809824514096	0.0104949065202908	0.00508020836617604	0.00226296487729037	0.000940096670521806	0.000371500342464072	0.000148639334739954	5.87446876402093e-05	1.909808331168e-05	6.72807836769761e-06	1.97841906590307e-06	4.85592002196365e-07	9.94834301365318e-08	3.05902320501826e-07	2.03934880334551e-07	1.359565868897e-07	9.06377245931335e-08	6.04251497287557e-08	4.02834331525038e-08	2.68556221016692e-08	1.79037480677795e-08	1.19358320451863e-08	7.95722136345754e-09
1.17177700863473e-08	1.59544601219207e-07	6.87940789381609e-07	2.50845886879951e-06	7.73076626406275e-06	2.24297751976515e-05	5.54627122823026e-05	0.00013165880933685	0.000302860175788326	0.000713103065702796	0.00161713885791185	0.00346109084427408	0.00690464170042168	0.0129119338637743	0.0228524471632657	0.0382862698579	0.0600332310697156	0.0869258051933356	0.115291623284317	0.140380693798395	0.159211492075208	0.172796946385027	0.185837734289799	0.20328631367939	0.226306592678607	0.250705129021164	0.269565578255775	0.277683660560664	0.274021072314746	0.260478052530381	0.238942333095537	0.209933416011687	0.173942829413576	0.133556112338212	0.0937425626562605	0.059775024793698	0.0347082411693683	0.0185660918273543	0.00932645203660093	0.00456012334579155	0.0022709153679593	0.0011863726196768	0.000631729148656287	0.000331069851840407	0.000156590912182157	6.23384543298966e-05	2.19612617249489e-05	6.45779917138431e-06	1.58503103991425e-06	3.24725951025403e-07	3.05902320501826e-07	2.03934880334551e-07	1.359565868897e-07	9.06377245931335e-08	6.04251497287557e-08	4.02834331525038e-08	2.68556221016692e-08	1.79037480677795e-08	1.19358320451863e-08	7.95722136345754e-09
3.05902320501826e-07	2.61167718326827e-08	1.21367818605884e-07	4.7077521129173e-07	1.52422688276766e-06	5.25878987619064e-06	1.48798792440437e-05	4.15985863617088e-05	0.000111199234178917	0.000297197104932438	0.000724018722487848	0.00162831411172304	0.00338663937556867	0.00663139969298061	0.0123513707923096	0.0217716786349061	0.0357290851586761	0.0537772597049155	0.0736732738355652	0.0921861314177738	0.10702517918878	0.118583957992097	0.129990231912845	0.144702133723276	0.163552902100791	0.183640274002261	0.200342693043231	0.210468108151182	0.213672857443673	0.211039570001844	0.202563699101932	0.18636697754231	0.160682975905887	0.126828043225078	0.0900100081858779	0.0569325664977759	0.0322301116224893	0.0167758598007813	0.00856966755482704	0.00477888839549673	0.00307228077232241	0.0021136697831778	0.00137966578505891	0.000806310235601801	0.000401730307949893	0.000167491896676718	5.90001009326867e-05	1.73469276240983e-05	4.25770730888925e-06	8.72278220584036e-07	3.05902320501826e-07	2.03934880334551e-07	1.359565868897e-07	9.06377245931335e-08	6.04251497287557e-08	4.02834331525038e-08	2.68556221016692e-08	1.79037480677795e-08	1.19358320451863e-08	7.95722136345754e-09
3.05902320501826e-07	5.13898175675212e-09	2.38814739305539e-08	9.263416006613e-08	2.99921222801814e-07	1.26445285268786e-06	4.05117575085591e-06	1.28893940299931e-05	3.80581186055039e-05	0.000110590123701014	0.00028169169996461	0.000665242100933327	0.00145686657668003	0.00303912500708598	0.00606852129866057	0.0114507156105386	0.019984961392397	0.0317464632351306	0.0455411979991865	0.0592131663143907	0.0708714797111972	0.0802910647626893	0.0892390469164775	0.0999182312306959	0.112879975927237	0.126301109532494	0.137510910726072	0.145181036424365	0.149985551050598	0.15300603495636	0.153415373666197	0.147901551933618	0.132913755481956	0.108197344390321	0.078187100167716	0.0497667301587242	0.0282830721664	0.0152409023696806	0.00890570250460055	0.00637730893531738	0.00521691639148402	0.00414942584054923	0.00290850357038254	0.00174641664686296	0.000879928381767878	0.000370347019031576	0.000130443720791272	3.83470874038632e-05	9.41208021685798e-06	1.92825668556745e-06	3.05902320501826e-07	2.03934880334551e-07	1.359565868897e-07	9.06377245931335e-08	6.04251497287557e-08	4.02834331525038e-08	2.68556221016692e-08	1.79037480677795e-08	1.19358320451863e-08	7.95722136345754e-09
2.03934880334551e-07	3.05902320501826e-07	3.05902320501826e-07	3.05902320501826e-07	3.05902320501826e-07	1.48792954174018e-07	7.28631082903866e-07	3.06303536480259e-06	1.05482833613432e-05	3.42684656695518e-05	9.21717911713045e-05	0.000236213891371119	0.000560480467098279	0.00128617329177534	0.00283381684810752	0.00585681610368952	0.0110552800305596	0.0187380885291207	0.0282833307901834	0.0381723615876693	0.0467975006801063	0.0536215630444463	0.0596101112311275	0.0662000882975351	0.0737688148853346	0.0811690733510414	0.0869341634204699	0.0908940351841382	0.0944388615939535	0.0989164315274566	0.103490007242749	0.104592148068137	0.098012321070569	0.0824036246044537	0.0609620780707025	0.0396562146763405	0.0235372807930479	0.0142977186661405	0.0105231750762916	0.00947559660086739	0.00878521469253806	0.0073457508694869	0.00524996412771894	0.0031681426145103	0.00159902754764696	0.000674072598531053	0.000237371908958423	6.9761206897781e-05	1.71225018586573e-05	3.50789388975467e-06	3.05902320501826e-07	2.03934880334551e-07	1.359565868897e-07	9.06377245931335e-08	6.04251497287557e-08	4.02834331525038e-08	2.68556221016692e-08	1.79037480677795e-08	1.19358320451863e-08	7.95722136345754e-09
1.359565868897e-07	2.03934880334551e-07	2.03934880334551e-07	2.03934880334551e-07	3.05902320501826e-07	4.0137904094264e-08	1.96553154603619e-07	8.16805985303722e-07	2.80222755363416e-06	9.42062078780258e-06	2.5900207513208e-05	7.62422820831416e-05	0.000204481831548391	0.000538515907302098	0.00134626736068993	0.00308602370703853	0.00630627289793606	0.0113287926836591	0.0177831988281701	0.0245523812544426	0.0303449781543677	0.0346307706573316	0.0380276718193059	0.0415543822890332	0.0454601926831587	0.0489259003697493	0.0510474931474748	0.0520999472932538	0.0536524494598993	0.0571614785830881	0.0621499567877379	0.0656977223402388	0.0640784277194102	0.0556624145316981	0.0424554064773586	0.0288901886536502	0.018948323379695	0.0140463271786362	0.0130060545041417	0.0133764363787506	0.0129930359820636	0.0109988252421399	0.00788433691648748	0.00475350766818899	0.00239722263994564	0.00101019247294261	0.000355581024357037	0.0001044401225758	2.56342496416788e-05	5.25169910500115e-06	3.05902320501826e-07	2.03934880334551e-07	1.359565868897e-07	9.06377245931335e-08	6.04251497287557e-08	4.02834331525038e-08	2.68556221016692e-08	1.79037480677795e-08	1.19358320451863e-08	7.95722136345754e-09
9.06377245931337e-08	1.359565868897e-07	1.359565868897e-07	2.03934880334551e-07	3.05902320501826e-07	8.91043282960258e-09	4.36339096687494e-08	1.78350957443338e-07	6.0848902758403e-07	2.1431621844201e-06	6.05750859469531e-06	2.4167576387225e-05	7.75236643330822e-05	0.000239829556866547	0.000676467292497809	0.00168640576597584	0.00364490005569042	0.00678577979117112	0.0108634786902502	0.0151035210240712	0.0186100391428682	0.0210443861834322	0.0228769945763503	0.0248109978824013	0.0269159458027679	0.0284751444170777	0.0288021314177178	0.0282222999642184	0.0281207237319816	0.029829820600835	0.0332579518348619	0.0364993472539683	0.0369470088216064	0.0333107833417868	0.0267151528489562	0.0199561842607106	0.0155976264084239	0.0144718245587204	0.0155418630400218	0.0167634543243139	0.0163500278335523	0.013763533013794	0.00981518451200562	0.00589243256533884	0.00296399903718864	0.0012472129075435	0.000438620752095749	0.000128674516643951	3.15824474428347e-05	6.47030879732115e-06	3.05902320501826e-07	2.03934880334551e-07	1.359565868897e-07	9.06377245931335e-08	6.04251497287557e-08	4.02834331525038e-08	2.68556221016692e-08	1.79037480677795e-08	1.19358320451863e-08	7.95722136345754e-09
6.04251497287556e-08	9.06377245931335e-08	9.06377245931337e-08	1.359565868897e-07	2.03934880334551e-07	3.05902320501826e-07	3.05902320501826e-07	3.05902320501826e-07	3.05902320501826e-07	1.00764824518452e-07	4.6798123045615e-07	6.99947825686701e-06	2.99553561836535e-05	0.000109730971496099	0.000340163549804039	0.000894460149159228	0.00199397800528759	0.00377564702844867	0.00609285943300592	0.0084973733547803	0.0105081387312331	0.0120262868619677	0.0134233030119828	0.0150765717338178	0.0167783961473387	0.0177502794084464	0.01737330229082	0.0159425809881895	0.0146302271844606	0.0145984765542193	0.0160448544212712	0.0179789638547553	0.0189316110666908	0.0181580807130011	0.016223145276554	0.0145303693597324	0.0142522284245534	0.0155272263093531	0.0174316498817734	0.0185001688683522	0.0175607260902885	0.0144663089901878	0.0101713555614976	0.00605114244635628	0.00302758030448173	0.00127000260992034	0.000445824653633767	0.00013046364363266	3.20215787530831e-05	6.56027380668346e-06	3.05902320501826e-07	2.03934880334551e-07	1.359565868897e-07	9.06377245931335e-08	6.04251497287557e-08	4.02834331525038e-08	2.68556221016692e-08	1.79037480677795e-08	1.19358320451863e-08	7.95722136345754e-09
4.02834331525038e-08	6.04251497287557e-08	6.04251497287558e-08	9.06377245931337e-08	1.359565868897e-07	2.03934880334551e-07	2.03934880334551e-07	2.03934880334551e-07	3.05902320501826e-07	1.48466527321753e-08	6.87414858687094e-08	2.9165107938053e-06	1.31330927735193e-05	5.0003077317106e-05	0.000159388409543305	0.000426973944088649	0.000965829173394762	0.00184741904428127	0.00301592884377461	0.00429958576484742	0.00557416405267769	0.00695992461317155	0.0087543730977858	0.0110136573138655	0.0131678815483593	0.0142240470885823	0.0135357622624132	0.011436289866723	0.00907958168050968	0.00760282504178295	0.00741932723168914	0.00814744183193973	0.00911641068606834	0.010021517813339	0.0110888149214114	0.0126899352320446	0.0148360659813628	0.0170096274372318	0.0184234979670553	0.0183483931280218	0.0164328785144058	0.0129697200625582	0.00886515732978546	0.00518100043976746	0.00256461508864632	0.00106901996353363	0.000373886711054342	0.000108857472560625	2.67184637298372e-05	5.47382248430824e-06	3.05902320501826e-07	2.03934880334551e-07	1.359565868897e-07	9.06377245931335e-08	6.04251497287557e-08	4.02834331525038e-08	2.68556221016692e-08	1.79037480677795e-08	1.19358320451863e-08	7.95722136345754e-09
2.68556221016692e-08	4.02834331525038e-08	4.02834331525039e-08	6.04251497287558e-08	9.06377245931337e-08	1.359565868897e-07	1.359565868897e-07	1.359565868897e-07	2.03934880334551e-07	3.05902320501826e-07	3.05902320501826e-07	1.12852355018825e-06	5.21769134787549e-06	2.02201201055379e-05	6.52296912554265e-05	0.000175967582575859	0.0004042824626093	0.000787284875928322	0.00133596017815693	0.00206869190140715	0.00311370905449647	0.00476329178505402	0.00728158957837057	0.0104703197431703	0.0133975271630026	0.0147765656474605	0.0138695700145575	0.0111068143445337	0.00780037015629927	0.00521392001337413	0.00393081294856277	0.00388719018964681	0.00483276437690129	0.0067051415120792	0.00952221383650923	0.0129740468815782	0.0162329615918934	0.0182718291768712	0.0184625467471455	0.0168195056258118	0.0138271353929832	0.0101818728833474	0.00662152165548952	0.00374392231610222	0.00181527153373835	0.000747237710266759	0.000259407327870275	7.47478620132548e-05	1.83464487380209e-05	3.75864438258253e-06	3.05902320501826e-07	2.03934880334551e-07	1.359565868897e-07	9.06377245931335e-08	6.04251497287557e-08	4.02834331525038e-08	2.68556221016692e-08	1.79037480677795e-08	1.19358320451863e-08	7.95722136345754e-09
1.79037480677795e-08	2.68556221016692e-08	2.68556221016693e-08	4.02834331525039e-08	6.04251497287556e-08	9.06377245931335e-08	9.06377245931335e-08	9.06377245931337e-08	1.359565868897e-07	2.03934880334551e-07	3.05902320501826e-07	3.94253427648549e-07	1.81896376275365e-06	7.03607186951468e-06	2.26705214247255e-05	6.10512295959853e-05	0.00014602241053925	0.000300501601735834	0.000573300181783886	0.00108513859361487	0.00210289373709205	0.00402045059548903	0.0070926104382426	0.0109734046952619	0.0144937199200705	0.0161525734362334	0.0151335583901103	0.0119431684535539	0.00803857397697416	0.00480191549507036	0.00291525140407893	0.00244879857602065	0.00332805956107237	0.00558679250171629	0.00912478083492828	0.013268765607336	0.016735048341927	0.0182295012111782	0.0172786090239168	0.0144370305102977	0.0107757912504906	0.00723758565963586	0.00436215597609767	0.00233205930870689	0.00108879704697127	0.000437566879505267	0.000149693573096396	4.22387530766185e-05	1.03672680021362e-05	2.12394639395265e-06	3.05902320501826e-07	2.03934880334551e-07	1.359565868897e-07	9.06377245931335e-08	6.04251497287557e-08	4.02834331525038e-08	2.68556221016692e-08	1.79037480677795e-08	1.19358320451863e-08	7.95722136345754e-09
1.19358320451863e-08	1.79037480677795e-08	1.79037480677795e-08	2.68556221016692e-08	4.02834331525038e-08	6.04251497287557e-08	6.04251497287556e-08	9.06377245931335e-08	1.359565868897e-07	2.03934880334551e-07	3.05902320501826e-07	1.14210576278588e-07	5.2693238664536e-07	2.03598593629127e-06	6.55612428124769e-06	1.7638277064667e-05	4.82533749565405e-05	0.000115563769212524	0.00027960071189117	0.000690670267911923	0.00164940151633988	0.00356245441634718	0.00666777112953537	0.010591911369192	0.0141595676651557	0.0158934794258592	0.0150018094732879	0.0119727702146701	0.0081904105533106	0.00495407177692347	0.00291888961320987	0.00220814812903331	0.00283900527741255	0.00489193096377347	0.00823210153145869	0.0121004651842376	0.0151465097071954	0.0160942260544755	0.0146019957037315	0.0114358991326686	0.00784455382169548	0.00478458077388476	0.0026215801971211	0.00129135357724707	0.000566560049237638	0.000218121901271036	7.25820922799688e-05	1.96424288200593e-05	4.82112536374003e-06	9.87705905644512e-07	3.05902320501826e-07	2.03934880334551e-07	1.359565868897e-07	9.06377245931335e-08	6.04251497287557e-08	4.02834331525038e-08	2.68556221016692e-08	1.79037480677795e-08	1.19358320451863e-08	7.95722136345754e-09
7.95722136345753e-09	1.19358320451863e-08	1.19358320451863e-08	1.79037480677795e-08	2.68556221016692e-08	4.02834331525038e-08	6.04251497287557e-08	9.06377245931335e-08	1.359565868897e-07	2.03934880334551e-07	3.05902320501826e-07	2.72275743888556e-08	1.2561963368688e-07	4.83762367900571e-07	1.55500800631301e-06	4.17214282132376e-06	1.64749807701438e-05	5.1322245994127e-05	0.000161197168764738	0.000477821134175103	0.00125950230175703	0.00284787072685347	0.00544288884447765	0.00874484371845561	0.0118079626953503	0.0134486443463983	0.0130280519779202	0.0108976076332774	0.0080722932515824	0.00548576331866541	0.00362530546433892	0.00266390522360098	0.00275199556202292	0.00405618510195755	0.00648635527115302	0.00938937237808941	0.0116297895533132	0.0121664928369266	0.0107590762174826	0.00809244353954651	0.00523125350567731	0.00294719192506275	0.00146974111247862	0.000656916860787498	0.000264199512839761	9.49892986549042e-05	3.01128261582605e-05	7.51711288902947e-06	1.84503372487149e-06	3.77992806383935e-07	3.05902320501826e-07	2.03934880334551e-07	1.359565868897e-07	9.06377245931335e-08	6.04251497287557e-08	4.02834331525038e-08	2.68556221016692e-08	1.79037480677795e-08	1.19358320451863e-08	7.95722136345754e-09
5.30481424230502e-09	7.95722136345753e-09	1.19358320451863e-08	1.79037480677795e-08	2.68556221016692e-08	4.02834331525038e-08	6.04251497287557e-08	9.06377245931335e-08	1.359565868897e-07	2.03934880334551e-07	3.05902320501826e-07	5.34174766582129e-09	2.46451768139461e-08	9.49088032095416e-08	3.05075298644884e-07	8.18528079622149e-07	6.70685000360207e-06	2.65358627796086e-05	9.6764150153236e-05	0.000308820331768252	0.000843183688153882	0.00193747711554867	0.00374384630928103	0.00609541635692745	0.00841666064023574	0.00998302881224871	0.0103857555491048	0.00974655911989334	0.00848215766074049	0.00693348548026712	0.00532158418721466	0.00392116798198584	0.00313487274766499	0.00331442732928914	0.00447618097051006	0.00613878363612948	0.00747048866979518	0.00772888290490571	0.00673769041017422	0.00495416595106931	0.00309053791018126	0.00165069357431968	0.000764832050275663	0.00031221963138992	0.000113875629699084	3.73694553221884e-05	1.09957442552923e-05	2.36743869624694e-06	5.81074715868123e-07	1.19045012353386e-07	3.05902320501826e-07	2.03934880334551e-07	1.359565868897e-07	9.06377245931335e-08	6.04251497287557e-08	4.02834331525038e-08	2.68556221016692e-08	1.79037480677795e-08	1.19358320451863e-08	7.95722136345754e-09
3.53654282820335e-09	5.30481424230502e-09	7.95722136345753e-09	1.19358320451863e-08	1.79037480677795e-08	2.68556221016692e-08	4.02834331525038e-08	6.04251497287556e-08	9.06377245931337e-08	1.359565868897e-07	2.03934880334551e-07	3.05902320501826e-07	3.05902320501826e-07	3.05902320501826e-07	3.05902320501826e-07	3.05902320501826e-07	2.7410777807161e-06	1.29903781044837e-05	5.13864024863502e-05	0.000169668267676438	0.000474224149397317	0.00110585358792612	0.00218024691740489	0.00367490996927919	0.00539492216116472	0.00708336579056447	0.00855826129985066	0.00967376359526939	0.0101667585703702	0.00969572056485815	0.00818670460585777	0.00608252550279506	0.0041606250178785	0.00306206828545425	0.00294502195449023	0.00346488496164853	0.00401971130713232	0.00409353049488355	0.00353359425539635	0.00256556212318134	0.00156972902855209	0.000812713996468294	0.000359079811116262	0.00013703077650006	4.5851524524851e-05	1.36559124235956e-05	3.65532243789323e-06	6.13589892298704e-07	1.50602240679871e-07	3.08539420363485e-08	3.05902320501826e-07	2.03934880334551e-07	1.359565868897e-07	9.06377245931335e-08	6.04251497287557e-08	4.02834331525038e-08	2.68556221016692e-08	1.79037480677795e-08	1.19358320451863e-08	7.95722136345754e-09
2.35769521880224e-09	3.53654282820335e-09	5.30481424230504e-09	7.95722136345756e-09	1.19358320451863e-08	1.79037480677795e-08	2.68556221016692e-08	4.02834331525039e-08	6.04251497287558e-08	9.06377245931337e-08	1.359565868897e-07	2.03934880334551e-07	2.03934880334551e-07	2.03934880334551e-07	2.03934880334551e-07	3.05902320501826e-07	1.26867749821225e-06	6.01245266018026e-06	2.37836273772133e-05	7.85290789178245e-05	0.00022628382817986	0.000542803281604541	0.00112694205851315	0.00207512734510652	0.00348901792675857	0.00547347014058541	0.00801498487290596	0.0107267109292191	0.0127466301226884	0.0131234526186242	0.0115296517910249	0.00860318868153164	0.00553022854228443	0.00327391066179801	0.0021307538730957	0.00182204454909494	0.00185005139103148	0.00180957028242686	0.00154146423479855	0.00110902544615168	0.000671809297687469	0.000342075117197287	0.000147103756851774	5.38253595707607e-05	1.69418081179657e-05	4.65331501111054e-06	1.13274899832539e-06	1.30872812907823e-07	3.21220070854764e-08	6.58084859981059e-09	3.05902320501826e-07	2.03934880334551e-07	1.359565868897e-07	9.06377245931335e-08	6.04251497287557e-08	4.02834331525038e-08	2.68556221016692e-08	1.79037480677795e-08	1.19358320451863e-08	7.95722136345754e-09
1.57179681253482e-09	2.35769521880224e-09	3.53654282820336e-09	5.30481424230504e-09	7.95722136345756e-09	1.19358320451863e-08	1.79037480677795e-08	2.68556221016693e-08	4.02834331525039e-08	6.04251497287558e-08	9.06377245931337e-08	1.359565868897e-07	1.359565868897e-07	1.359565868897e-07	2.03934880334551e-07	3.05902320501826e-07	4.83228900488594e-07	2.29009412739861e-06	9.05898947787472e-06	2.99110849804745e-05	9.45170185394875e-05	0.000244708090455154	0.000573668143040305	0.00124906817936372	0.00254479479178203	0.00477504008475893	0.00802134777134471	0.0117449712664466	0.0147104239053222	0.0155833199160602	0.0138799979050273	0.0103754199882378	0.00653625041405799	0.00354832281519316	0.00179852006106078	0.00103073018752045	0.000779269163208553	0.000678669953220771	0.000557880868334997	0.000394740894258441	0.000236782538759918	0.000118553181744789	4.95453322197781e-05	1.72829655767204e-05	5.03222179486055e-06	1.22300229813667e-06	2.48096570646914e-07	3.05902320501826e-07	3.05902320501826e-07	3.05902320501826e-07	2.03934880334551e-07	1.359565868897e-07	9.06377245931337e-08	6.04251497287556e-08	4.02834331525038e-08	2.68556221016692e-08	1.79037480677795e-08	1.19358320451863e-08	7.95722136345753e-09	5.30481424230502e-09
1.04786454168989e-09	1.57179681253483e-09	2.35769521880224e-09	3.53654282820336e-09	5.30481424230504e-09	7.95722136345758e-09	1.19358320451864e-08	1.79037480677795e-08	2.68556221016693e-08	4.02834331525039e-08	6.04251497287556e-08	9.06377245931335e-08	9.06377245931335e-08	1.359565868897e-07	2.03934880334551e-07	3.05902320501826e-07	1.51469903482075e-07	7.17838556616136e-07	2.83957408274096e-06	9.37574129042302e-06	3.80258152766784e-05	0.000114990462447199	0.000325487874758255	0.000854146006049605	0.00202400736351901	0.00421017272948441	0.00752563456522304	0.0114067504079465	0.0145513142016438	0.015560675025191	0.0139213940140436	0.0104133141329023	0.00652039793292408	0.00344104625922998	0.00157291890217973	0.000683379934393506	0.000345767938003898	0.000230445291964784	0.000171747336427073	0.000117196579733671	7.02995410076502e-05	3.51978414679705e-05	1.4709759141714e-05	5.13122527386353e-06	1.49404125946163e-06	3.63103211328789e-07	7.36586199868996e-08	3.05902320501826e-07	2.03934880334551e-07	2.03934880334551e-07	1.359565868897e-07	9.06377245931337e-08	6.04251497287558e-08	4.02834331525039e-08	2.68556221016692e-08	1.79037480677795e-08	1.19358320451863e-08	7.95722136345756e-09	5.30481424230504e-09	3.53654282820335e-09
6.98576361126592e-10	1.04786454168989e-09	1.57179681253483e-09	2.35769521880224e-09	3.53654282820338e-09	5.30481424230506e-09	7.95722136345758e-09	1.19358320451864e-08	1.79037480677795e-08	2.68556221016692e-08	4.02834331525038e-08	6.04251497287556e-08	9.06377245931335e-08	1.359565868897e-07	2.03934880334551e-07	3.05902320501826e-07	3.90725344155028e-08	1.85170592067341e-07	7.32484497069713e-07	2.41852649153008e-06	1.6780545937981e-05	6.14410885115821e-05	0.000204872537138428	0.000604324455875423	0.0015400054810858	0.00333827666792654	0.00610085711733536	0.00935467794723555	0.0120044019112613	0.0128754944721161	0.0115352170049928	0.00863049545197059	0.00539442671952521	0.00282248624520361	0.00124666774027747	0.000480193326963233	0.000179442999233796	8.03353247973614e-05	4.70387591780221e-05	2.86344957374712e-05	1.71762001237942e-05	8.59984518126021e-06	3.59401730323382e-06	1.25370594062001e-06	3.65037257681753e-07	8.87165596528847e-08	1.79969197466e-08	3.05902320501826e-07	2.03934880334551e-07	1.359565868897e-07	9.06377245931337e-08	6.04251497287558e-08	4.02834331525039e-08	2.68556221016693e-08	1.79037480677795e-08	1.19358320451863e-08	7.95722136345756e-09	5.30481424230504e-09	3.53654282820336e-09	2.35769521880224e-09
6.98576361126588e-10	1.04786454168988e-09	1.57179681253482e-09	2.35769521880223e-09	3.53654282820335e-09	5.30481424230502e-09	7.95722136345754e-09	1.19358320451863e-08	1.79037480677795e-08	2.68556221016692e-08	4.02834331525038e-08	6.04251497287557e-08	9.06377245931335e-08	1.359565868897e-07	2.03934880334551e-07	3.05902320501826e-07	8.29446924852736e-09	3.93087319420151e-08	1.55494651853379e-07	5.13414190065584e-07	8.32435348155711e-06	3.47501920325113e-05	0.00012608264305383	0.00039058464014193	0.00102222266668983	0.00224711340185331	0.00413642242876654	0.00636589840078109	0.0081842744470873	0.00878636803728769	0.0078752001453087	0.00589260976441176	0.00368121379152638	0.00192118958225766	0.000839722331708676	0.000310508191984665	0.000100946802572902	3.25679409833356e-05	1.29253221827853e-05	5.75752625097261e-06	3.45361147656927e-06	1.72916732459207e-06	7.22647577227633e-07	2.52082136535556e-07	7.33978908849943e-08	1.78382020685995e-08	3.61863323271666e-09	3.05902320501826e-07	2.03934880334551e-07	1.359565868897e-07	9.06377245931335e-08	6.04251497287557e-08	4.02834331525038e-08	2.68556221016692e-08	1.79037480677795e-08	1.19358320451863e-08	7.95722136345754e-09	5.30481424230502e-09	3.53654282820335e-09	2.35769521880223e-09
4.65717574084392e-10	6.98576361126587e-10	1.04786454168988e-09	1.57179681253482e-09	2.35769521880224e-09	3.53654282820335e-09	5.30481424230502e-09	7.95722136345753e-09	1.19358320451863e-08	1.79037480677795e-08	2.68556221016692e-08	4.02834331525038e-08	6.04251497287556e-08	9.06377245931337e-08	1.359565868897e-07	2.03934880334551e-07	3.05902320501826e-07	3.05902320501826e-07	3.05902320501826e-07	3.05902320501826e-07	3.8840125087909e-06	1.77045715145967e-05	6.73621919094533e-05	0.0002139306395483	0.000567094921451644	0.00125477112448278	0.00231739071795844	0.00357239933346183	0.00459670597760054	0.0049369580931593	0.00442586482281531	0.00331179037198899	0.00206849046107369	0.00107837595348755	0.000469259265992998	0.000170443917772987	5.16744840187943e-05	1.30766583957041e-05	2.76212544070748e-06	3.05902320501826e-07	3.05902320501826e-07	3.05902320501826e-07	3.05902320501826e-07	3.05902320501826e-07	3.05902320501826e-07	3.05902320501826e-07	3.05902320501826e-07	2.03934880334551e-07	1.359565868897e-07	9.06377245931337e-08	6.04251497287556e-08	4.02834331525038e-08	2.68556221016692e-08	1.79037480677795e-08	1.19358320451863e-08	7.95722136345753e-09	5.30481424230502e-09	3.53654282820335e-09	2.35769521880224e-09	1.57179681253482e-09
3.10478382722928e-10	4.65717574084392e-10	6.9857636112659e-10	1.04786454168988e-09	1.57179681253482e-09	2.35769521880224e-09	3.53654282820335e-09	5.30481424230504e-09	7.95722136345756e-09	1.19358320451863e-08	1.79037480677795e-08	2.68556221016692e-08	4.02834331525039e-08	6.04251497287558e-08	9.06377245931337e-08	1.359565868897e-07	2.03934880334551e-07	2.03934880334551e-07	2.03934880334551e-07	3.05902320501826e-07	1.796774313919e-06	8.19027211276213e-06	3.11622724896595e-05	9.89659732636413e-05	0.000262342509482655	0.000580466855144026	0.00107204292157088	0.0016526196419032	0.00212647184078243	0.00228387510869386	0.00204743939740497	0.00153205991484473	0.000956899732076471	0.000498865080786651	0.0002170829763798	7.88486784543238e-05	2.39050171336577e-05	6.04936360635166e-06	1.27778065401503e-06	3.05902320501826e-07	2.03934880334551e-07	2.03934880334551e-07	2.03934880334551e-07	2.03934880334551e-07	2.03934880334551e-07	2.03934880334551e-07	2.03934880334551e-07	1.359565868897e-07	9.06377245931337e-08	6.04251497287558e-08	4.02834331525039e-08	2.68556221016692e-08	1.79037480677795e-08	1.19358320451863e-08	7.95722136345756e-09	5.30481424230504e-09	3.53654282820335e-09	2.35769521880224e-09	1.57179681253482e-09	1.04786454168988e-09
2.06985588481952e-10	3.10478382722929e-10	4.65717574084393e-10	6.9857636112659e-10	1.04786454168988e-09	1.57179681253482e-09	2.35769521880224e-09	3.53654282820336e-09	5.30481424230504e-09	7.95722136345756e-09	1.19358320451863e-08	1.79037480677795e-08	2.68556221016693e-08	4.02834331525039e-08	6.04251497287558e-08	9.06377245931337e-08	1.359565868897e-07	1.359565868897e-07	2.03934880334551e-07	3.05902320501826e-07	6.84034846277234e-07	3.11804965277043e-06	1.18635268252585e-05	3.76765038233531e-05	9.98742116668758e-05	0.000220984657311488	0.00040812844962141	0.000629154932785263	0.000809551220458983	0.000869474895533395	0.000779463443247441	0.000583257652460838	0.000364293253784328	0.000189918731699078	8.26438352480005e-05	3.00178176122892e-05	9.10067813948803e-06	2.3030023706875e-06	4.86453132413044e-07	3.05902320501826e-07	2.03934880334551e-07	1.359565868897e-07	1.359565868897e-07	1.359565868897e-07	1.359565868897e-07	1.359565868897e-07	1.359565868897e-07	9.06377245931337e-08	6.04251497287558e-08	4.02834331525039e-08	2.68556221016693e-08	1.79037480677795e-08	1.19358320451863e-08	7.95722136345756e-09	5.30481424230504e-09	3.53654282820336e-09	2.35769521880224e-09	1.57179681253482e-09	1.04786454168988e-09	6.9857636112659e-10
1.37990392321302e-10	2.06985588481953e-10	3.10478382722929e-10	4.65717574084393e-10	6.9857636112659e-10	1.04786454168989e-09	1.57179681253483e-09	2.35769521880224e-09	3.53654282820336e-09	5.30481424230504e-09	7.95722136345758e-09	1.19358320451864e-08	1.79037480677795e-08	2.68556221016693e-08	4.02834331525039e-08	6.04251497287556e-08	9.06377245931335e-08	1.359565868897e-07	2.03934880334551e-07	3.05902320501826e-07	2.14306186025277e-07	9.76876152668761e-07	3.71680945870891e-06	1.18039422714981e-05	3.12903085290112e-05	6.92338692045724e-05	0.000127865490950918	0.000197112464076944	0.000253630111671764	0.00027240402988325	0.000244203696021632	0.000182732975738314	0.000114132047860054	5.95010024221655e-05	2.5892080245459e-05	9.40449750521166e-06	2.85121676612194e-06	7.21524140407868e-07	1.52404392926551e-07	3.05902320501826e-07	2.03934880334551e-07	1.359565868897e-07	9.06377245931335e-08	9.06377245931335e-08	9.06377245931335e-08	9.06377245931335e-08	9.06377245931335e-08	6.04251497287556e-08	4.02834331525039e-08	2.68556221016693e-08	1.79037480677795e-08	1.19358320451864e-08	7.95722136345758e-09	5.30481424230504e-09	3.53654282820336e-09	2.35769521880224e-09	1.57179681253483e-09	1.04786454168989e-09	6.9857636112659e-10	4.65717574084393e-10
1.37990392321301e-10	2.06985588481952e-10	3.10478382722928e-10	4.65717574084392e-10	6.98576361126588e-10	1.04786454168988e-09	1.57179681253482e-09	2.35769521880223e-09	3.53654282820335e-09	5.30481424230502e-09	7.95722136345754e-09	1.19358320451863e-08	1.79037480677795e-08	2.68556221016692e-08	4.02834331525038e-08	6.04251497287557e-08	9.06377245931335e-08	1.359565868897e-07	2.03934880334551e-07	3.05902320501826e-07	5.52539046151535e-08	2.51864973015811e-07	9.58293547718588e-07	3.04337412021886e-06	8.06748398124535e-06	1.78503554942472e-05	3.29671661448842e-05	5.08209001828848e-05	6.53926713818212e-05	7.02330929550361e-05	6.29622876357646e-05	4.71134809440221e-05	2.94263147646505e-05	1.53409603955743e-05	6.67567539091825e-06	2.42473265818432e-06	7.35120446844434e-07	1.86028349302641e-07	3.92939557456395e-08	3.05902320501826e-07	2.03934880334551e-07	1.359565868897e-07	9.06377245931335e-08	6.04251497287556e-08	6.04251497287557e-08	6.04251497287557e-08	6.04251497287557e-08	4.02834331525038e-08	2.68556221016692e-08	1.79037480677795e-08	1.19358320451864e-08	7.95722136345758e-09	5.30481424230506e-09	3.53654282820338e-09	2.35769521880224e-09	1.57179681253483e-09	1.04786454168989e-09	6.98576361126592e-10	4.65717574084395e-10	3.10478382722929e-10
1.37990392321301e-10	2.06985588481952e-10	3.10478382722928e-10	4.65717574084392e-10	6.98576361126588e-10	1.04786454168988e-09	1.57179681253482e-09	2.35769521880223e-09	3.53654282820335e-09	5.30481424230502e-09	7.95722136345754e-09	1.19358320451863e-08	1.79037480677795e-08	2.68556221016692e-08	4.02834331525038e-08	6.04251497287557e-08	9.06377245931335e-08	1.359565868897e-07	2.03934880334551e-07	3.05902320501826e-07	1.17236548805489e-08	5.34401693545893e-08	2.03328668009254e-07	6.45736588325285e-07	1.71174143455082e-06	3.78745011356663e-06	6.99490254968044e-06	1.07830695154088e-05	1.387487665057e-05	1.49019069101686e-05	1.33592030440708e-05	9.99643725916068e-06	6.24361230414383e-06	3.25501204786452e-06	1.41643047532671e-06	5.14474570804409e-07	1.55976278499519e-07	3.94710958512827e-08	8.33730718692229e-09	3.05902320501826e-07	2.03934880334551e-07	1.359565868897e-07	9.06377245931335e-08	6.04251497287557e-08	4.02834331525038e-08	4.02834331525038e-08	4.02834331525038e-08	2.68556221016692e-08	1.79037480677795e-08	1.19358320451863e-08	7.95722136345758e-09	5.30481424230506e-09	3.53654282820338e-09	2.35769521880225e-09	1.57179681253484e-09	1.04786454168989e-09	6.98576361126592e-10	4.65717574084395e-10	3.1047838272293e-10	2.06985588481954e-10
9.19935948808674e-11	1.37990392321301e-10	2.06985588481952e-10	3.10478382722928e-10	4.65717574084392e-10	6.98576361126587e-10	1.04786454168988e-09	1.57179681253482e-09	2.35769521880224e-09	3.53654282820335e-09	5.30481424230502e-09	7.95722136345753e-09	1.19358320451863e-08	1.79037480677795e-08	2.68556221016692e-08	4.02834331525038e-08	6.04251497287556e-08	9.06377245931337e-08	1.359565868897e-07	2.03934880334551e-07	3.05902320501826e-07	3.05902320501826e-07	3.05902320501826e-07	3.05902320501826e-07	3.05902320501826e-07	3.05902320501826e-07	3.05902320501826e-07	3.05902320501826e-07	3.05902320501826e-07	3.05902320501826e-07	3.05902320501826e-07	3.05902320501826e-07	3.05902320501826e-07	3.05902320501826e-07	3.05902320501826e-07	3.05902320501826e-07	3.05902320501826e-07	3.05902320501826e-07	3.05902320501826e-07	2.03934880334551e-07	1.359565868897e-07	9.06377245931337e-08	6.04251497287556e-08	4.02834331525038e-08	2.68556221016692e-08	2.68556221016692e-08	2.68556221016692e-08	1.79037480677795e-08	1.19358320451863e-08	7.95722136345756e-09	5.30481424230504e-09	3.53654282820338e-09	2.35769521880225e-09	1.57179681253484e-09	1.04786454168989e-09	6.98576361126595e-10	4.65717574084395e-10	3.1047838272293e-10	2.06985588481954e-10	1.37990392321302e-10
6.13290632539117e-11	9.19935948808677e-11	1.37990392321302e-10	2.06985588481952e-10	3.10478382722928e-10	4.65717574084392e-10	6.9857636112659e-10	1.04786454168988e-09	1.57179681253482e-09	2.35769521880224e-09	3.53654282820335e-09	5.30481424230504e-09	7.95722136345756e-09	1.19358320451863e-08	1.79037480677795e-08	2.68556221016692e-08	4.02834331525039e-08	6.04251497287558e-08	9.06377245931337e-08	1.359565868897e-07	2.03934880334551e-07	2.03934880334551e-07	2.03934880334551e-07	2.03934880334551e-07	2.03934880334551e-07	2.03934880334551e-07	2.03934880334551e-07	2.03934880334551e-07	2.03934880334551e-07	2.03934880334551e-07	2.03934880334551e-07	2.03934880334551e-07	2.03934880334551e-07	2.03934880334551e-07	2.03934880334551e-07	2.03934880334551e-07	2.03934880334551e-07	2.03934880334551e-07	2.03934880334551e-07	1.359565868897e-07	9.06377245931337e-08	6.04251497287558e-08	4.02834331525039e-08	2.68556221016692e-08	1.79037480677795e-08	1.79037480677795e-08	1.79037480677795e-08	1.19358320451863e-08	7.95722136345756e-09	5.30481424230504e-09	3.53654282820336e-09	2.35769521880224e-09	1.57179681253484e-09	1.04786454168989e-09	6.98576361126595e-10	4.65717574084397e-10	3.10478382722931e-10	2.06985588481954e-10	1.37990392321302e-10	9.19935948808684e-11
4.08860421692746e-11	6.13290632539119e-11	9.19935948808677e-11	1.37990392321302e-10	2.06985588481952e-10	3.10478382722929e-10	4.65717574084393e-10	6.9857636112659e-10	1.04786454168988e-09	1.57179681253482e-09	2.35769521880224e-09	3.53654282820336e-09	5.30481424230504e-09	7.95722136345756e-09	1.19358320451863e-08	1.79037480677795e-08	2.68556221016693e-08	4.02834331525039e-08	6.04251497287558e-08	9.06377245931337e-08	1.359565868897e-07	1.359565868897e-07	1.359565868897e-07	1.359565868897e-07	1.359565868897e-07	1.359565868897e-07	1.359565868897e-07	1.359565868897e-07	1.359565868897e-07	1.359565868897e-07	1.359565868897e-07	1.359565868897e-07	1.359565868897e-07	1.359565868897e-07	1.359565868897e-07	1.359565868897e-07	1.359565868897e-07	1.359565868897e-07	1.359565868897e-07	9.06377245931337e-08	6.04251497287558e-08	4.02834331525039e-08	2.68556221016693e-08	1.79037480677795e-08	1.19358320451863e-08	1.19358320451863e-08	1.19358320451863e-08	7.95722136345753e-09	5.30481424230504e-09	3.53654282820336e-09	2.35769521880224e-09	1.57179681253483e-09	1.04786454168989e-09	6.98576361126595e-10	4.65717574084397e-10	3.10478382722931e-10	2.06985588481954e-10	1.37990392321303e-10	9.19935948808684e-11	6.13290632539123e-11
